0	256.0	0.0
10	70.0	3.0
20	70.0	0.0
30	70.0	1.0
40	70.0	2.0
50	70.0	1.0
60	70.0	7.0
70	70.0	1.0
80	70.33333333333333	0.0
90	72.33333333333333	5.0
100	81.0	5.0
110	104.33333333333333	0.0
120	106.0	5.0
130	82.66666666666667	2.0
140	117.0	10.0
150	153.66666666666666	3.0
160	152.0	4.0
170	268.6666666666667	0.0
180	377.6666666666667	2.0
190	432.3333333333333	22.0
200	291.0	6.0
210	341.6666666666667	8.0
220	140.66666666666666	5.0
230	403.3333333333333	9.0
240	419.0	9.0
250	402.0	10.0
260	729.0	6.0
270	1212.1666666666667	6.0
280	1685.0	15.0
290	1913.3333333333333	6.0
300	1539.8333333333333	6.0
310	2149.8333333333335	5.0
320	2295.5	20.0
330	2323.3333333333335	9.0
340	2584.6666666666665	11.0
350	2364.3333333333335	7.0
360	2369.6666666666665	14.0
370	2244.0	12.0
380	2347.6666666666665	9.0
390	2650.3333333333335	17.0
400	2608.0	6.0
410	2526.0	9.0
420	1804.0	12.0
430	1707.6666666666667	13.0
440	2426.3333333333335	5.0
450	2251.5	5.0
460	1903.8333333333333	22.0
470	2145.3333333333335	13.0
480	2079.3333333333335	12.0
490	1410.6666666666667	2.0
500	2000.3333333333333	4.0
510	2099.0	12.0
520	1153.3333333333333	2.0
530	1908.5	13.0
540	1881.0	7.0
550	1767.0	13.0
560	1427.0	10.0
570	1655.6666666666667	6.0
580	1804.6666666666667	11.0
590	1691.8333333333333	9.0
600	1578.0	19.0
610	2188.0	8.0
620	1797.5	13.0
630	1973.6666666666667	13.0
640	1670.3333333333333	5.0
650	1786.5	13.0
660	1935.3333333333333	15.0
670	2129.1666666666665	2.0
680	2104.1666666666665	11.0
690	2069.6666666666665	19.0
700	2184.1666666666665	2.0
710	2005.3333333333333	11.0
720	1798.6666666666667	3.0
730	1796.3333333333333	5.0
740	2072.6666666666665	10.0
750	1990.8333333333333	11.0
760	1868.0	13.0
770	1639.3333333333333	6.0
780	1786.0	10.0
790	2260.0	11.0
800	1723.6666666666667	6.0
810	1924.6666666666667	8.0
820	1748.6666666666667	10.0
830	1570.1666666666667	5.0
840	2060.3333333333335	24.0
850	1782.3333333333333	5.0
860	1865.0	22.0
870	1773.3333333333333	7.0
880	1702.6666666666667	13.0
890	1944.1666666666667	10.0
900	2256.6666666666665	11.0
910	2577.8333333333335	14.0
920	2296.3333333333335	15.0
930	2270.3333333333335	9.0
940	2535.0	15.0
950	2313.3333333333335	6.0
960	2795.5	11.0
970	2298.6666666666665	1.0
980	2398.8333333333335	10.0
990	2530.6666666666665	5.0
1000	2128.0	15.0
