0	275.6666666666667	0.0
10	70.0	6.0
20	70.0	5.0
30	70.0	5.0
40	70.0	0.0
50	70.0	39.0
60	70.0	0.0
70	70.66666666666667	0.0
80	73.33333333333333	3.0
90	142.66666666666666	0.0
100	73.66666666666667	20.0
110	513.3333333333334	3.0
120	182.66666666666666	6.0
130	96.33333333333333	3.0
140	896.8333333333334	0.0
150	735.0	5.0
160	923.0	8.0
170	2250.0	5.0
180	2171.6666666666665	17.0
190	2374.0	16.0
200	2432.3333333333335	14.0
210	2281.6666666666665	6.0
220	2253.5	6.0
230	2303.8333333333335	11.0
240	2482.5	12.0
250	2631.3333333333335	4.0
260	2323.8333333333335	9.0
270	2256.3333333333335	19.0
280	2217.3333333333335	6.0
290	2402.3333333333335	4.0
300	2309.6666666666665	2.0
310	2339.6666666666665	14.0
320	2522.8333333333335	6.0
330	2188.6666666666665	6.0
340	2448.3333333333335	3.0
350	996.0	2.0
360	1006.6666666666666	4.0
370	1029.3333333333333	0.0
380	1174.6666666666667	6.0
390	1180.3333333333333	8.0
400	1467.0	7.0
410	1260.6666666666667	12.0
420	1730.8333333333333	10.0
430	1710.3333333333333	2.0
440	1564.6666666666667	10.0
450	1741.3333333333333	7.0
460	1561.3333333333333	7.0
470	1901.8333333333333	12.0
480	2008.0	10.0
490	1837.1666666666667	18.0
500	2092.1666666666665	8.0
510	1699.6666666666667	4.0
520	1772.6666666666667	5.0
530	1666.1666666666667	17.0
540	1996.3333333333333	11.0
550	1706.3333333333333	11.0
560	2121.8333333333335	13.0
570	1408.0	4.0
580	1811.1666666666667	11.0
590	1427.5	7.0
600	1341.6666666666667	13.0
610	2382.0	14.0
620	2182.6666666666665	13.0
630	2370.0	22.0
640	2432.0	10.0
650	2361.3333333333335	10.0
660	2346.6666666666665	11.0
670	2038.6666666666667	10.0
680	2611.5	9.0
690	2396.3333333333335	12.0
700	2301.1666666666665	5.0
710	2195.0	10.0
720	2543.1666666666665	8.0
730	2423.1666666666665	8.0
740	2479.8333333333335	6.0
750	2387.3333333333335	10.0
760	1902.6666666666667	8.0
770	2054.0	10.0
780	1740.6666666666667	14.0
790	1890.5	6.0
800	2372.6666666666665	8.0
810	2265.3333333333335	11.0
820	2068.8333333333335	6.0
830	1669.3333333333333	13.0
840	1861.3333333333333	14.0
850	1980.1666666666667	23.0
860	2070.5	7.0
870	2015.0	14.0
880	1730.0	11.0
890	1929.6666666666667	8.0
900	2329.6666666666665	15.0
910	1960.8333333333333	21.0
920	2081.6666666666665	14.0
930	2500.3333333333335	2.0
940	1987.0	5.0
950	2534.3333333333335	16.0
960	2262.3333333333335	10.0
970	1591.1666666666667	14.0
980	2507.8333333333335	17.0
990	2418.3333333333335	5.0
1000	2698.3333333333335	16.0
