0	243.33333333333334
10	70.0
20	70.0
30	70.0
40	70.0
50	70.0
60	70.0
70	70.0
80	70.0
90	70.0
100	70.0
110	70.0
120	70.0
130	70.0
140	70.0
150	70.0
160	70.0
170	70.0
180	70.0
190	70.0
200	70.33333333333333
210	72.33333333333333
220	74.66666666666667
230	78.33333333333333
240	76.0
250	76.0
260	100.66666666666667
270	172.66666666666666
280	259.0
290	303.3333333333333
300	365.0
310	191.0
320	129.66666666666666
330	168.33333333333334
340	203.66666666666666
350	247.33333333333334
360	138.0
370	130.0
380	163.0
390	146.0
400	257.6666666666667
410	180.0
420	219.33333333333334
430	196.0
440	199.0
450	279.6666666666667
460	273.3333333333333
470	264.0
480	406.6666666666667
490	381.6666666666667
500	254.0
