0	230.0	0.0
10	70.0	0.0
20	70.0	0.0
30	70.0	0.0
40	70.0	0.0
50	70.0	0.0
60	70.0	0.0
70	70.0	0.0
80	70.33333333333333	0.0
90	78.33333333333333	0.0
100	87.66666666666667	0.0
110	171.33333333333334	0.0
120	81.66666666666667	0.0
130	98.66666666666667	0.0
140	318.6666666666667	0.0
150	157.33333333333334	0.0
160	120.66666666666667	0.0
170	105.66666666666667	0.0
180	235.0	0.0
190	356.6666666666667	0.0
200	388.3333333333333	0.0
210	330.3333333333333	0.0
220	274.3333333333333	0.0
230	298.3333333333333	0.0
240	169.0	0.0
250	352.0	0.0
260	379.6666666666667	0.0
270	402.0	0.0
280	398.0	0.0
290	609.6666666666666	0.0
300	484.0	0.0
310	563.0	0.0
320	572.3333333333334	0.0
330	522.3333333333334	0.0
340	760.6666666666666	0.0
350	1066.6666666666667	0.0
360	993.0	0.0
370	784.6666666666666	0.0
380	1043.6666666666667	0.0
390	1525.3333333333333	0.0
400	1351.3333333333333	0.0
410	1562.8333333333333	0.0
420	1614.5	0.0
430	2243.5	0.0
440	1660.8333333333333	0.0
450	1150.3333333333333	0.0
460	2312.1666666666665	0.0
470	2109.0	0.0
480	2089.8333333333335	0.0
490	2438.3333333333335	0.0
500	1922.0	0.0
510	1677.5	0.0
520	2126.3333333333335	0.0
530	2013.6666666666667	0.0
540	1880.3333333333333	0.0
550	1711.6666666666667	0.0
560	2035.5	0.0
570	2118.6666666666665	0.0
580	2279.8333333333335	0.0
590	2147.3333333333335	0.0
600	2256.1666666666665	0.0
