0	258.3333333333333	0.0
10	70.0	1000.0
20	70.0	0.0
30	70.0	0.0
40	70.0	0.0
50	70.66666666666667	0.0
60	420.3333333333333	0.0
70	71.33333333333333	0.0
80	156.0	0.0
90	793.1666666666666	0.0
100	362.0	0.0
110	252.33333333333334	0.0
120	678.3333333333334	0.0
130	418.3333333333333	0.0
140	946.6666666666666	0.0
150	303.0	0.0
160	135.66666666666666	0.0
170	248.0	0.0
180	886.3333333333334	0.0
190	1038.6666666666667	0.0
200	1839.0	0.0
210	2281.6666666666665	0.0
220	2435.1666666666665	0.0
230	2102.6666666666665	0.0
240	1981.6666666666667	0.0
250	2603.1666666666665	0.0
260	2108.3333333333335	0.0
270	2479.1666666666665	0.0
280	2650.1666666666665	0.0
290	2306.3333333333335	0.0
300	2246.3333333333335	0.0
310	2455.1666666666665	0.0
320	2491.3333333333335	0.0
330	2568.0	0.0
340	2692.0	0.0
350	2465.0	0.0
360	2248.6666666666665	0.0
370	2340.6666666666665	0.0
380	1822.8333333333333	0.0
390	2268.0	0.0
400	1882.6666666666667	0.0
410	2087.5	0.0
420	2473.6666666666665	0.0
430	2131.3333333333335	0.0
440	2353.3333333333335	0.0
450	2278.6666666666665	0.0
460	2431.3333333333335	0.0
470	2377.6666666666665	0.0
480	2397.3333333333335	0.0
490	2059.1666666666665	0.0
500	1987.3333333333333	0.0
510	1825.6666666666667	0.0
520	1827.3333333333333	0.0
530	1458.6666666666667	0.0
540	1676.6666666666667	0.0
550	1854.8333333333333	0.0
560	2007.1666666666667	0.0
570	1958.6666666666667	0.0
580	2034.0	0.0
590	2334.0	0.0
600	1742.3333333333333	0.0
610	2264.0	0.0
620	2126.6666666666665	0.0
630	1724.6666666666667	0.0
640	2121.3333333333335	0.0
650	2209.1666666666665	0.0
660	1887.6666666666667	0.0
670	2669.6666666666665	0.0
680	2516.1666666666665	0.0
690	1871.1666666666667	0.0
700	1990.8333333333333	0.0
710	1858.3333333333333	0.0
720	2092.3333333333335	0.0
730	2231.5	0.0
740	2302.3333333333335	0.0
750	2510.0	0.0
760	2297.3333333333335	0.0
770	2291.3333333333335	0.0
780	2623.6666666666665	0.0
790	2244.3333333333335	0.0
800	2540.3333333333335	0.0
810	2063.3333333333335	0.0
820	2359.8333333333335	0.0
830	2360.8333333333335	0.0
840	1857.3333333333333	0.0
850	2349.3333333333335	0.0
860	2183.0	0.0
870	2317.0	0.0
880	2320.3333333333335	0.0
890	2554.6666666666665	0.0
900	2191.6666666666665	0.0
910	2141.0	0.0
920	2503.5	0.0
930	1673.3333333333333	0.0
940	2557.8333333333335	0.0
950	2358.8333333333335	0.0
960	2333.6666666666665	0.0
970	1785.5	0.0
980	2056.0	0.0
990	2363.8333333333335	0.0
1000	1831.0	0.0
