0	286.6666666666667	0.0
10	70.0	1000.0
20	70.0	0.0
30	70.0	0.0
40	70.0	0.0
50	70.33333333333333	0.0
60	236.0	0.0
70	174.33333333333334	0.0
80	336.0	0.0
90	583.3333333333334	0.0
100	1460.0	0.0
110	1106.0	0.0
120	1629.3333333333333	0.0
130	1594.8333333333333	0.0
140	2109.6666666666665	0.0
150	2657.1666666666665	0.0
160	2164.1666666666665	0.0
170	2292.0	0.0
180	2577.0	0.0
190	2415.3333333333335	0.0
200	2439.0	0.0
210	2208.0	0.0
220	2404.3333333333335	0.0
230	2326.3333333333335	0.0
240	2405.3333333333335	0.0
250	2390.3333333333335	0.0
260	2391.1666666666665	0.0
270	2384.3333333333335	0.0
280	2640.5	0.0
290	1959.5	0.0
300	2250.0	0.0
310	1577.6666666666667	0.0
320	2572.5	0.0
330	2054.0	0.0
340	2468.5	0.0
350	1754.6666666666667	0.0
360	2321.0	0.0
370	1835.3333333333333	0.0
380	2020.3333333333333	0.0
390	2073.3333333333335	0.0
400	1857.1666666666667	0.0
410	1859.6666666666667	0.0
420	1958.5	0.0
430	2227.3333333333335	0.0
440	2360.3333333333335	0.0
450	2419.0	0.0
460	2336.0	0.0
470	2278.0	0.0
480	2178.8333333333335	0.0
490	2624.8333333333335	0.0
500	2436.1666666666665	0.0
510	2371.3333333333335	0.0
520	1967.6666666666667	0.0
530	1677.1666666666667	0.0
540	1593.6666666666667	0.0
550	2648.3333333333335	0.0
560	1707.1666666666667	0.0
570	1590.6666666666667	0.0
580	2199.8333333333335	0.0
590	2300.0	0.0
600	1861.1666666666667	0.0
