0	261.3333333333333	0.0
10	70.0	1000.0
20	70.0	0.0
30	70.0	0.0
40	70.0	0.0
50	71.0	0.0
60	73.66666666666667	0.0
70	483.3333333333333	0.0
80	73.0	0.0
90	88.66666666666667	0.0
100	535.3333333333334	0.0
110	850.0	0.0
120	717.0	0.0
130	778.0	0.0
140	992.3333333333334	0.0
150	1708.6666666666667	0.0
160	1796.6666666666667	0.0
170	1907.6666666666667	0.0
180	1979.3333333333333	0.0
190	2169.1666666666665	0.0
200	2115.0	0.0
210	2168.8333333333335	0.0
220	2157.6666666666665	0.0
230	2221.8333333333335	0.0
240	2047.6666666666667	0.0
250	2179.0	0.0
260	2297.5	0.0
270	2496.5	0.0
280	2112.6666666666665	0.0
290	2386.0	0.0
300	2264.8333333333335	0.0
310	2119.6666666666665	0.0
320	2183.6666666666665	0.0
330	2150.3333333333335	0.0
340	1868.8333333333333	0.0
350	1492.0	0.0
360	1893.3333333333333	0.0
370	1642.0	0.0
380	1809.0	0.0
390	2515.0	0.0
400	2650.3333333333335	0.0
410	1713.8333333333333	0.0
420	2075.1666666666665	0.0
430	1605.3333333333333	0.0
440	1711.8333333333333	0.0
450	1949.3333333333333	0.0
460	2363.0	0.0
470	2360.3333333333335	0.0
480	1677.6666666666667	0.0
490	1909.5	0.0
500	1948.5	0.0
510	2361.6666666666665	0.0
520	1755.6666666666667	0.0
530	1972.0	0.0
540	1800.3333333333333	0.0
550	1720.3333333333333	0.0
560	2181.3333333333335	0.0
570	2488.3333333333335	0.0
580	2280.0	0.0
590	2433.1666666666665	0.0
600	2028.6666666666667	0.0
