0	251.66666666666666	0.0
10	70.0	1000.0
20	70.0	0.0
30	70.0	0.0
40	107.66666666666667	0.0
50	71.0	0.0
60	82.33333333333333	0.0
70	186.0	0.0
80	374.3333333333333	0.0
90	113.66666666666667	0.0
100	92.66666666666667	0.0
110	159.66666666666666	0.0
120	460.3333333333333	0.0
130	266.6666666666667	0.0
140	534.3333333333334	0.0
150	1103.3333333333333	0.0
160	977.0	0.0
170	203.0	0.0
180	1841.3333333333333	0.0
190	2119.3333333333335	0.0
200	2060.6666666666665	0.0
210	2316.3333333333335	0.0
220	1972.6666666666667	0.0
230	2485.0	0.0
240	2170.0	0.0
250	2482.6666666666665	0.0
260	2235.8333333333335	0.0
270	2420.8333333333335	0.0
280	2419.6666666666665	0.0
290	2396.6666666666665	0.0
300	2529.5	0.0
310	2547.6666666666665	0.0
320	2357.5	0.0
330	2394.3333333333335	0.0
340	2345.3333333333335	0.0
350	2453.5	0.0
360	2324.1666666666665	0.0
370	2180.8333333333335	0.0
380	2318.0	0.0
390	2602.8333333333335	0.0
400	2346.3333333333335	0.0
410	2741.0	0.0
420	2433.5	0.0
430	2495.3333333333335	0.0
440	1906.0	0.0
450	2153.5	0.0
460	2516.6666666666665	0.0
470	2333.6666666666665	0.0
480	2501.6666666666665	0.0
490	1821.6666666666667	0.0
500	2394.5	0.0
510	1877.0	0.0
520	1751.3333333333333	0.0
530	2355.5	0.0
540	1628.1666666666667	0.0
550	1788.8333333333333	0.0
560	1952.3333333333333	0.0
570	1983.3333333333333	0.0
580	2027.3333333333333	0.0
590	1717.0	0.0
600	2002.0	0.0
