0	244.33333333333334	0.0
10	70.0	0.0
20	70.0	0.0
30	70.0	0.0
40	70.0	0.0
50	70.0	0.0
60	70.0	0.0
70	70.0	0.0
80	71.0	0.0
90	70.66666666666667	0.0
100	72.33333333333333	0.0
110	130.0	0.0
120	384.6666666666667	0.0
130	97.33333333333333	3.0
140	483.0	0.0
150	188.33333333333334	18.0
160	410.3333333333333	0.0
170	126.33333333333333	8.0
180	285.0	0.0
190	320.3333333333333	1.0
200	372.6666666666667	52.0
210	538.3333333333334	26.0
220	774.6666666666666	57.0
230	1131.6666666666667	18.0
240	1817.3333333333333	7.0
250	1664.0	45.0
260	2062.8333333333335	29.0
270	2308.6666666666665	2.0
280	2231.0	52.0
290	2588.5	9.0
300	2283.3333333333335	84.0
310	2306.0	90.0
320	2261.3333333333335	43.0
330	2455.6666666666665	94.0
340	2399.5	52.0
350	2444.6666666666665	76.0
360	2574.1666666666665	3.0
370	2362.3333333333335	24.0
380	2305.3333333333335	39.0
390	2562.8333333333335	56.0
400	2231.3333333333335	82.0
410	2550.6666666666665	30.0
420	2609.6666666666665	0.0
430	2438.3333333333335	0.0
440	2247.3333333333335	0.0
450	1884.3333333333333	0.0
460	1851.0	0.0
470	1981.3333333333333	0.0
480	2314.5	0.0
490	2011.8333333333333	0.0
500	2306.6666666666665	0.0
510	1956.6666666666667	0.0
520	1800.0	0.0
530	2587.3333333333335	0.0
540	1636.8333333333333	0.0
550	2291.6666666666665	0.0
560	2539.0	0.0
570	1524.6666666666667	0.0
580	2312.0	0.0
590	1956.0	0.0
600	2165.5	0.0
610	2327.0	0.0
620	2000.0	0.0
630	2085.0	0.0
640	2097.1666666666665	0.0
650	2369.3333333333335	0.0
660	1715.1666666666667	0.0
670	1764.5	0.0
680	1701.3333333333333	0.0
690	2153.6666666666665	0.0
700	2453.3333333333335	0.0
710	2414.1666666666665	0.0
720	2255.6666666666665	0.0
730	2332.8333333333335	0.0
740	2330.6666666666665	0.0
750	2486.3333333333335	0.0
760	1534.0	0.0
770	2421.8333333333335	0.0
780	2080.0	0.0
790	1586.6666666666667	0.0
800	1902.5	0.0
810	1807.6666666666667	0.0
820	1997.6666666666667	0.0
830	2504.6666666666665	0.0
840	2413.0	0.0
850	2503.0	0.0
860	2513.8333333333335	0.0
870	2011.1666666666667	0.0
880	1542.0	0.0
890	2004.1666666666667	0.0
900	1877.6666666666667	0.0
910	2147.8333333333335	0.0
920	2264.1666666666665	0.0
930	2074.3333333333335	0.0
940	1626.1666666666667	0.0
950	1926.0	0.0
960	1867.6666666666667	0.0
970	2278.3333333333335	0.0
980	2095.0	0.0
990	2070.0	0.0
1000	2600.6666666666665	0.0
