0	244.0	0.0
10	70.0	0.0
20	70.0	0.0
30	70.0	0.0
40	70.0	0.0
50	70.0	0.0
60	70.0	0.0
70	70.0	0.0
80	70.0	0.0
90	76.0	0.0
100	74.66666666666667	0.0
110	157.66666666666666	0.0
120	255.66666666666666	0.0
130	191.33333333333334	0.0
140	96.33333333333333	0.0
150	93.66666666666667	0.0
160	340.6666666666667	0.0
170	170.0	0.0
180	274.3333333333333	0.0
190	323.3333333333333	0.0
200	138.33333333333334	0.0
210	255.33333333333334	0.0
220	170.66666666666666	0.0
230	285.6666666666667	0.0
240	350.0	0.0
250	359.6666666666667	0.0
260	519.3333333333334	0.0
270	632.6666666666666	0.0
280	724.3333333333334	0.0
290	568.0	0.0
300	1193.6666666666667	0.0
310	1496.8333333333333	0.0
320	1382.1666666666667	0.0
330	1468.0	0.0
340	2643.0	0.0
350	2737.1666666666665	0.0
360	2414.5	0.0
370	1946.6666666666667	0.0
380	2129.6666666666665	0.0
390	2591.6666666666665	0.0
400	2077.1666666666665	0.0
410	2519.0	0.0
420	2170.6666666666665	0.0
430	2577.0	0.0
440	2704.3333333333335	0.0
450	2270.5	0.0
460	2142.6666666666665	0.0
470	2390.3333333333335	0.0
480	2338.6666666666665	0.0
490	2239.3333333333335	0.0
500	2560.0	0.0
510	2575.0	0.0
520	2295.0	0.0
530	2023.1666666666667	0.0
540	1501.0	0.0
550	2366.0	0.0
560	1706.8333333333333	0.0
570	1830.8333333333333	0.0
580	1973.6666666666667	0.0
590	2186.6666666666665	0.0
600	1498.1666666666667	0.0
610	1481.0	0.0
620	1896.3333333333333	0.0
630	2050.8333333333335	0.0
640	1481.0	0.0
650	2112.3333333333335	0.0
660	1842.6666666666667	0.0
670	2088.6666666666665	0.0
680	2433.1666666666665	0.0
690	1726.3333333333333	0.0
700	1930.6666666666667	0.0
710	2198.8333333333335	0.0
720	2006.1666666666667	0.0
730	2453.8333333333335	0.0
740	2323.0	0.0
750	2384.6666666666665	0.0
760	2534.3333333333335	0.0
770	2640.0	0.0
780	2453.3333333333335	0.0
790	2649.1666666666665	0.0
800	2440.0	0.0
810	2514.6666666666665	0.0
820	2657.6666666666665	0.0
830	2599.8333333333335	0.0
840	2699.6666666666665	0.0
850	2437.6666666666665	0.0
860	2418.1666666666665	0.0
870	2470.6666666666665	0.0
880	2413.0	0.0
890	1998.3333333333333	0.0
900	2328.8333333333335	0.0
910	1926.6666666666667	0.0
920	2532.3333333333335	0.0
930	1721.8333333333333	0.0
940	2555.3333333333335	0.0
950	2479.5	0.0
960	1810.6666666666667	0.0
970	1601.3333333333333	0.0
980	1848.1666666666667	0.0
990	1989.6666666666667	0.0
1000	2260.3333333333335	0.0
