0	258.3333333333333	0.0
10	70.0	0.0
20	70.0	0.0
30	70.0	0.0
40	70.0	0.0
50	70.0	0.0
60	70.0	0.0
70	70.0	0.0
80	70.0	0.0
90	74.0	0.0
100	73.66666666666667	0.0
110	122.66666666666667	0.0
120	429.6666666666667	0.0
130	190.33333333333334	0.0
140	212.0	0.0
150	299.3333333333333	0.0
160	506.6666666666667	0.0
170	208.0	0.0
180	247.0	0.0
190	165.66666666666666	0.0
200	267.3333333333333	0.0
210	279.6666666666667	0.0
220	283.0	0.0
230	359.3333333333333	0.0
240	289.0	0.0
250	299.6666666666667	0.0
260	453.6666666666667	0.0
270	357.3333333333333	0.0
280	470.0	0.0
290	308.0	0.0
300	622.3333333333334	0.0
310	725.3333333333334	0.0
320	817.6666666666666	0.0
330	737.0	0.0
340	1043.0	0.0
350	1063.3333333333333	0.0
360	962.6666666666666	0.0
370	1572.6666666666667	0.0
380	1350.0	0.0
390	1641.6666666666667	0.0
400	2211.6666666666665	0.0
410	1909.0	0.0
420	2207.1666666666665	0.0
430	2099.8333333333335	0.0
440	2410.3333333333335	0.0
450	2320.0	0.0
460	2067.3333333333335	0.0
470	2177.0	0.0
480	2445.8333333333335	0.0
490	1596.5	0.0
500	1877.0	0.0
510	2479.0	0.0
520	2277.8333333333335	0.0
530	1317.3333333333333	0.0
540	1495.0	0.0
550	1541.0	0.0
560	1687.3333333333333	0.0
570	2150.8333333333335	0.0
580	1810.1666666666667	0.0
590	1821.0	0.0
600	1797.8333333333333	0.0
610	1993.6666666666667	0.0
620	1779.1666666666667	0.0
630	2087.8333333333335	0.0
640	1510.6666666666667	0.0
650	2242.6666666666665	0.0
660	2048.1666666666665	0.0
670	2140.6666666666665	0.0
680	1923.1666666666667	0.0
690	1866.3333333333333	0.0
700	1874.1666666666667	0.0
710	1667.5	0.0
720	1874.1666666666667	0.0
730	2138.5	0.0
740	1745.6666666666667	0.0
750	1856.1666666666667	0.0
760	1929.3333333333333	0.0
770	2069.5	0.0
780	2387.3333333333335	0.0
790	2531.6666666666665	0.0
800	2402.6666666666665	0.0
810	2228.3333333333335	0.0
820	2473.0	0.0
830	2159.0	0.0
840	2438.6666666666665	0.0
850	2449.5	0.0
860	2444.5	0.0
870	2487.8333333333335	0.0
880	2391.0	0.0
890	2097.1666666666665	0.0
900	2250.6666666666665	0.0
910	2291.1666666666665	0.0
920	2521.6666666666665	0.0
930	2574.6666666666665	0.0
940	2182.3333333333335	0.0
950	2163.0	0.0
960	2503.3333333333335	0.0
970	2215.3333333333335	0.0
980	2321.6666666666665	0.0
990	2600.6666666666665	0.0
1000	2561.0	0.0
