0	271.0	0.0
10	70.0	0.0
20	70.0	0.0
30	70.0	0.0
40	70.0	0.0
50	70.0	0.0
60	70.0	0.0
70	70.0	0.0
80	70.33333333333333	0.0
90	72.66666666666667	0.0
100	90.66666666666667	0.0
110	134.66666666666666	0.0
120	119.66666666666667	0.0
130	425.3333333333333	0.0
140	436.0	0.0
150	398.0	0.0
160	184.66666666666666	0.0
170	361.0	0.0
180	401.6666666666667	0.0
190	241.0	0.0
200	321.6666666666667	0.0
210	244.0	0.0
220	241.66666666666666	0.0
230	353.6666666666667	0.0
240	410.0	0.0
250	429.6666666666667	0.0
260	374.3333333333333	0.0
270	512.0	0.0
280	487.3333333333333	0.0
290	621.3333333333334	0.0
300	592.0	0.0
310	640.0	0.0
320	545.0	0.0
330	736.0	0.0
340	886.0	0.0
350	1227.8333333333333	0.0
360	932.5	0.0
370	1240.1666666666667	0.0
380	1129.1666666666667	0.0
390	1406.3333333333333	0.0
400	1760.6666666666667	0.0
410	1951.6666666666667	0.0
420	1734.0	0.0
430	2112.8333333333335	0.0
440	1516.5	0.0
450	2114.1666666666665	0.0
460	2245.1666666666665	0.0
470	2256.1666666666665	0.0
480	1915.6666666666667	0.0
490	2421.6666666666665	0.0
500	1918.0	0.0
510	1902.0	0.0
520	1712.3333333333333	0.0
530	1888.8333333333333	0.0
540	1862.0	0.0
550	2021.0	0.0
560	1950.3333333333333	0.0
570	1509.8333333333333	0.0
580	2575.1666666666665	0.0
590	2087.3333333333335	0.0
600	1915.3333333333333	0.0
610	2136.0	0.0
620	2234.0	0.0
630	2046.6666666666667	0.0
640	2172.1666666666665	0.0
650	2245.6666666666665	0.0
660	2239.3333333333335	0.0
670	2053.0	0.0
680	2149.3333333333335	0.0
690	2226.3333333333335	0.0
700	2407.6666666666665	0.0
710	2326.0	0.0
720	2153.6666666666665	0.0
730	2323.6666666666665	0.0
740	2365.1666666666665	0.0
750	2479.3333333333335	0.0
760	2357.6666666666665	0.0
770	2265.6666666666665	0.0
780	2007.5	0.0
790	2554.6666666666665	0.0
800	1843.0	0.0
810	2527.3333333333335	0.0
820	1837.6666666666667	0.0
830	1965.3333333333333	0.0
840	2018.0	0.0
850	1897.8333333333333	0.0
860	1916.3333333333333	0.0
870	1955.8333333333333	0.0
880	2407.3333333333335	0.0
890	2158.1666666666665	0.0
900	2337.6666666666665	0.0
910	1910.5	0.0
920	2288.6666666666665	0.0
930	2354.5	0.0
940	2566.0	0.0
950	2346.1666666666665	0.0
960	2555.6666666666665	0.0
970	2385.0	0.0
980	1891.3333333333333	0.0
990	1760.3333333333333	0.0
1000	1988.1666666666667	0.0
