0	230.66666666666666	0.0
10	70.0	0.0
20	70.0	0.0
30	70.0	0.0
40	70.0	0.0
50	70.0	0.0
60	70.0	0.0
70	70.0	0.0
80	71.0	0.0
90	74.66666666666667	0.0
100	84.66666666666667	0.0
110	150.0	0.0
120	225.0	0.0
130	150.66666666666666	0.0
140	240.0	0.0
150	170.0	0.0
160	289.0	0.0
170	145.33333333333334	0.0
180	138.0	0.0
190	128.0	0.0
200	381.0	0.0
210	314.3333333333333	0.0
220	326.0	0.0
230	262.0	0.0
240	324.3333333333333	0.0
250	446.0	0.0
260	374.6666666666667	0.0
270	319.6666666666667	0.0
280	459.6666666666667	0.0
290	500.6666666666667	0.0
300	350.3333333333333	0.0
310	516.0	0.0
320	700.0	0.0
330	529.3333333333334	0.0
340	645.3333333333334	0.0
350	763.0	0.0
360	730.6666666666666	0.0
370	648.3333333333334	0.0
380	640.0	0.0
390	1027.6666666666667	0.0
400	1213.0	0.0
410	916.0	0.0
420	790.0	0.0
430	1667.5	0.0
440	1671.0	0.0
450	1651.3333333333333	0.0
460	1837.1666666666667	0.0
470	1350.1666666666667	0.0
480	1109.0	0.0
490	1665.1666666666667	0.0
500	1977.6666666666667	0.0
510	2288.0	0.0
520	2113.5	0.0
530	2045.6666666666667	0.0
540	1940.3333333333333	0.0
550	1892.5	0.0
560	2091.0	0.0
570	1778.6666666666667	0.0
580	1819.3333333333333	0.0
590	1922.3333333333333	0.0
600	1847.8333333333333	0.0
610	2147.1666666666665	0.0
620	1803.5	0.0
630	2063.3333333333335	0.0
640	1830.6666666666667	0.0
650	1829.3333333333333	0.0
660	1970.3333333333333	0.0
670	1950.0	0.0
680	2101.3333333333335	0.0
690	1743.0	0.0
700	1909.6666666666667	0.0
710	1839.6666666666667	0.0
720	1894.3333333333333	0.0
730	1780.5	0.0
740	2158.1666666666665	0.0
750	2053.6666666666665	0.0
760	1214.0	0.0
770	1961.6666666666667	0.0
780	2047.5	0.0
790	2001.5	0.0
800	2675.0	0.0
810	2276.5	0.0
820	2366.6666666666665	0.0
830	2421.6666666666665	0.0
840	2530.5	0.0
850	2110.3333333333335	0.0
860	2230.1666666666665	0.0
870	2451.1666666666665	0.0
880	2455.0	0.0
890	1546.0	0.0
900	2466.0	0.0
910	2606.0	0.0
920	2544.5	0.0
930	2562.6666666666665	0.0
940	2833.5	0.0
950	2522.0	0.0
960	2546.6666666666665	0.0
970	2531.6666666666665	0.0
980	2378.6666666666665	0.0
990	2513.0	0.0
1000	2427.6666666666665	0.0
