0	257.61111111111114	0.0
10	70.0	0.0
20	70.0	0.0
30	70.0	0.0
40	70.0	0.0
50	70.0	0.0
60	70.0	0.0
70	70.03333333333333	0.0
80	71.13333333333331	0.0
90	74.56666666666666	0.0
100	84.41111111111111	0.0
110	175.09444444444443	0.0
120	159.45555555555555	0.0
130	193.85555555555553	0.0
140	227.67777777777778	0.0
150	204.9111111111111	0.0
160	246.38888888888894	0.0
170	225.97222222222217	0.0
180	259.5944444444445	0.0
190	284.96666666666675	0.0
200	284.3888888888889	0.0
210	332.6111111111112	0.0
220	343.49999999999994	0.0
230	304.70555555555546	0.0
240	346.73333333333335	0.0
250	352.03333333333336	0.0
260	425.00000000000006	0.0
270	462.58888888888885	0.0
280	504.61111111111114	0.0
290	590.8833333333333	0.0
300	646.2499999999999	0.0
310	766.2333333333332	0.0
320	928.727777777778	0.0
330	1055.1611111111113	0.0
340	1321.5777777777776	0.0
350	1399.811111111111	0.0
360	1481.1277777777782	0.0
370	1565.172222222222	0.0
380	1819.111111111111	0.0
390	1954.0277777777776	0.0
400	2060.527777777778	0.0
410	2087.6444444444446	0.0
420	2172.494444444444	0.0
430	2145.077777777778	0.0
440	2223.549999999999	0.0
450	2139.416666666667	0.0
460	2044.5888888888885	0.0
470	2168.4888888888886	0.0
480	2051.6666666666665	0.0
490	2038.5611111111107	0.0
500	2163.8944444444446	0.0
510	2008.6333333333334	0.0
520	1950.7666666666669	0.0
530	1989.7111111111112	0.0
540	2005.522222222222	0.0
550	2007.8277777777776	0.0
560	1977.722222222222	0.0
570	1903.0333333333333	0.0
580	2028.1055555555556	0.0
590	1974.9277777777777	0.0
600	1948.666666666667	0.0
610	2051.7388888888886	0.0
620	2003.1388888888891	0.0
630	2083.116666666667	0.0
640	2124.1333333333337	0.0
650	2151.3888888888887	0.0
660	2184.6055555555554	0.0
670	2147.3222222222225	0.0
680	2103.372222222222	0.0
690	2211.05	0.0
700	2263.588888888889	0.0
710	2131.85	0.0
720	2268.9333333333334	0.0
730	2276.5444444444447	0.0
740	2247.094444444445	0.0
750	2165.4166666666665	0.0
760	2129.9888888888886	0.0
770	2208.811111111111	0.0
780	2141.4111111111115	0.0
790	2156.3388888888894	0.0
800	2191.6611111111115	0.0
810	2166.366666666667	0.0
820	2217.005555555556	0.0
830	2182.8722222222223	0.0
840	2316.855555555556	0.0
850	2240.4555555555557	0.0
860	2282.6222222222223	0.0
870	2233.6722222222224	0.0
880	2211.0833333333335	0.0
890	2207.844444444444	0.0
900	2209.683333333333	0.0
910	2264.1111111111113	0.0
920	2167.594444444445	0.0
930	2203.4222222222224	0.0
940	2236.372222222222	0.0
950	2206.1833333333334	0.0
960	2223.0166666666673	0.0
970	2239.3444444444444	0.0
980	2111.016666666666	0.0
990	2229.3777777777777	0.0
1000	2185.0444444444443	0.0
