0	257.0	0.0
10	70.0	0.0
20	70.0	0.0
30	70.0	0.0
40	70.0	0.0
50	70.0	0.0
60	70.0	0.0
70	70.0	0.0
80	70.0	0.0
90	78.33333333333333	0.0
100	74.66666666666667	0.0
110	225.33333333333334	0.0
120	155.33333333333334	0.0
130	72.0	0.0
140	258.0	0.0
150	103.66666666666667	0.0
160	456.0	0.0
170	467.6666666666667	0.0
180	181.0	0.0
190	344.0	0.0
200	107.33333333333333	0.0
210	515.6666666666666	0.0
220	433.3333333333333	0.0
230	271.3333333333333	0.0
240	392.0	0.0
250	489.3333333333333	0.0
260	535.3333333333334	0.0
270	589.3333333333334	0.0
280	825.8333333333334	0.0
290	1018.0	0.0
300	1232.6666666666667	0.0
310	1555.0	0.0
320	1948.5	0.0
330	2439.6666666666665	0.0
340	2181.0	0.0
350	2463.6666666666665	0.0
360	2336.6666666666665	0.0
370	2333.3333333333335	0.0
380	2427.0	0.0
390	2385.6666666666665	0.0
400	2523.3333333333335	0.0
410	2509.0	0.0
420	2282.5	0.0
430	2295.3333333333335	0.0
440	2215.0	0.0
450	2444.3333333333335	0.0
460	1528.6666666666667	0.0
470	2264.6666666666665	0.0
480	2144.5	0.0
490	1507.6666666666667	0.0
500	1614.8333333333333	0.0
510	1813.3333333333333	0.0
520	2589.8333333333335	0.0
530	2079.6666666666665	0.0
540	2114.3333333333335	0.0
550	2004.0	0.0
560	2157.6666666666665	0.0
570	1260.8333333333333	0.0
580	2601.5	0.0
590	2198.6666666666665	0.0
600	2091.0	0.0
610	2208.0	0.0
620	1932.5	0.0
630	1966.0	0.0
640	2254.0	0.0
650	2063.1666666666665	0.0
660	2017.0	0.0
670	1572.0	0.0
680	1932.6666666666667	0.0
690	2023.8333333333333	0.0
700	2207.3333333333335	0.0
710	2617.0	0.0
720	2434.5	0.0
730	2464.6666666666665	0.0
740	2325.6666666666665	0.0
750	2371.0	0.0
760	2339.6666666666665	0.0
770	2149.3333333333335	0.0
780	2425.8333333333335	0.0
790	2320.0	0.0
800	2592.5	0.0
810	2465.0	0.0
820	2379.5	0.0
830	2364.3333333333335	0.0
840	2513.8333333333335	0.0
850	2485.5	0.0
860	2400.3333333333335	0.0
870	2647.1666666666665	0.0
880	2324.5	0.0
890	2468.5	0.0
900	2693.5	0.0
910	2496.3333333333335	0.0
920	2512.6666666666665	0.0
930	2412.0	0.0
940	2644.5	0.0
950	2534.3333333333335	0.0
960	2073.0	0.0
970	1787.3333333333333	0.0
980	2174.8333333333335	0.0
990	1793.0	0.0
1000	1636.3333333333333	0.0
