0	263.6666666666667	0.0
10	70.0	0.0
20	70.0	0.0
30	70.0	0.0
40	70.0	0.0
50	70.0	0.0
60	70.0	0.0
70	70.0	0.0
80	70.66666666666667	0.0
90	71.0	0.0
100	102.66666666666667	0.0
110	338.3333333333333	0.0
120	308.3333333333333	0.0
130	128.66666666666666	0.0
140	78.33333333333333	0.0
150	109.66666666666667	0.0
160	151.33333333333334	0.0
170	392.6666666666667	0.0
180	316.3333333333333	0.0
190	447.3333333333333	0.0
200	289.0	0.0
210	175.66666666666666	0.0
220	268.3333333333333	0.0
230	244.66666666666666	0.0
240	558.3333333333334	0.0
250	376.0	0.0
260	484.6666666666667	0.0
270	294.0	0.0
280	343.0	0.0
290	610.0	0.0
300	836.3333333333334	0.0
310	720.3333333333334	0.0
320	1946.1666666666667	0.0
330	1418.3333333333333	0.0
340	2346.0	0.0
350	2416.0	0.0
360	2767.1666666666665	0.0
370	1858.0	0.0
380	1988.0	0.0
390	2437.0	0.0
400	2634.8333333333335	0.0
410	2433.3333333333335	0.0
420	2352.0	0.0
430	2568.5	0.0
440	2165.0	0.0
450	2406.3333333333335	0.0
460	1811.0	0.0
470	2532.6666666666665	0.0
480	1829.0	0.0
490	1887.6666666666667	0.0
500	1934.3333333333333	0.0
510	2139.6666666666665	0.0
520	2166.1666666666665	0.0
530	1941.6666666666667	0.0
540	2059.5	0.0
550	2124.6666666666665	0.0
560	2086.3333333333335	0.0
570	1987.3333333333333	0.0
580	1843.6666666666667	0.0
590	1636.5	0.0
600	1674.0	0.0
610	1875.6666666666667	0.0
620	1768.6666666666667	0.0
630	1748.5	0.0
640	2262.3333333333335	0.0
650	2313.3333333333335	0.0
660	2480.6666666666665	0.0
670	1589.3333333333333	0.0
680	1964.3333333333333	0.0
690	1879.3333333333333	0.0
700	2256.0	0.0
710	1499.3333333333333	0.0
720	2421.6666666666665	0.0
730	1889.0	0.0
740	2524.0	0.0
750	1712.6666666666667	0.0
760	1717.0	0.0
770	2185.1666666666665	0.0
780	2040.0	0.0
790	1741.6666666666667	0.0
800	1436.0	0.0
810	1734.6666666666667	0.0
820	1914.6666666666667	0.0
830	2142.1666666666665	0.0
840	1823.5	0.0
850	1474.5	0.0
860	2334.5	0.0
870	2453.1666666666665	0.0
880	1819.3333333333333	0.0
890	2108.1666666666665	0.0
900	2601.5	0.0
910	2471.1666666666665	0.0
920	2545.6666666666665	0.0
930	2491.6666666666665	0.0
940	2175.0	0.0
950	2297.8333333333335	0.0
960	2337.0	0.0
970	2189.5	0.0
980	2179.6666666666665	0.0
990	2422.5	0.0
1000	2522.1666666666665	0.0
