0	278.6666666666667	0.0
10	130.0	207.0
20	71.33333333333333	0.0
30	71.0	0.0
40	72.66666666666667	0.0
50	172.0	0.0
60	1507.0	0.0
70	1493.0	0.0
80	1620.6666666666667	0.0
90	1992.1666666666667	0.0
100	1792.6666666666667	0.0
110	1853.6666666666667	0.0
120	2169.6666666666665	0.0
130	2232.8333333333335	0.0
140	2240.6666666666665	0.0
150	2347.5	0.0
160	2375.8333333333335	0.0
170	2183.3333333333335	0.0
180	2368.6666666666665	0.0
190	2366.6666666666665	0.0
200	2286.0	0.0
210	2524.0	0.0
220	2371.0	0.0
230	2468.0	0.0
240	2428.3333333333335	0.0
250	2345.0	0.0
260	2433.0	0.0
270	2190.0	0.0
280	2118.6666666666665	0.0
290	1435.3333333333333	0.0
300	1523.8333333333333	0.0
310	1972.6666666666667	0.0
320	1210.6666666666667	0.0
330	1245.6666666666667	0.0
340	1751.5	0.0
350	1273.0	0.0
360	1721.3333333333333	0.0
370	1364.3333333333333	0.0
380	1333.5	0.0
390	1030.3333333333333	0.0
400	1743.0	0.0
410	1470.0	0.0
420	1813.6666666666667	0.0
430	1515.5	0.0
440	1778.1666666666667	0.0
450	1629.0	0.0
460	1730.6666666666667	0.0
470	2370.0	0.0
480	2113.3333333333335	0.0
490	1871.5	0.0
500	1917.0	0.0
510	1594.5	0.0
520	2464.5	0.0
530	1944.3333333333333	0.0
540	2321.3333333333335	0.0
550	2346.0	0.0
560	1699.1666666666667	0.0
570	2345.3333333333335	0.0
580	1789.0	0.0
590	1985.1666666666667	0.0
600	2319.0	0.0
610	2330.0	0.0
620	2104.8333333333335	0.0
630	1652.5	0.0
640	1814.6666666666667	0.0
650	2072.8333333333335	0.0
660	1781.0	0.0
670	2094.3333333333335	0.0
680	2055.3333333333335	0.0
690	2332.8333333333335	0.0
700	2587.6666666666665	0.0
710	2392.8333333333335	0.0
720	2494.8333333333335	0.0
730	2689.6666666666665	0.0
740	2366.1666666666665	0.0
750	2399.6666666666665	0.0
760	2499.6666666666665	0.0
770	2308.6666666666665	0.0
780	2487.6666666666665	0.0
790	1877.6666666666667	0.0
800	2568.6666666666665	0.0
810	2056.1666666666665	0.0
820	2223.8333333333335	0.0
830	2260.5	0.0
840	1932.0	0.0
850	2188.3333333333335	0.0
860	2152.0	0.0
870	2336.5	0.0
880	1929.6666666666667	0.0
890	2263.8333333333335	0.0
900	1679.3333333333333	0.0
910	1859.6666666666667	0.0
920	1784.0	0.0
930	2439.3333333333335	0.0
940	2316.6666666666665	0.0
950	2224.1666666666665	0.0
960	2485.3333333333335	0.0
970	2435.6666666666665	0.0
980	2093.3333333333335	0.0
990	2216.0	0.0
1000	2354.0	0.0
