0	281.3333333333333	0.0
10	74.0	246.0
20	70.0	0.0
30	70.0	0.0
40	70.0	0.0
50	70.0	0.0
60	70.0	0.0
70	70.0	0.0
80	76.33333333333333	0.0
90	80.0	0.0
100	321.3333333333333	0.0
110	334.6666666666667	0.0
120	589.0	0.0
130	163.33333333333334	0.0
140	84.33333333333333	0.0
150	493.3333333333333	0.0
160	507.3333333333333	0.0
170	209.66666666666666	0.0
180	183.66666666666666	0.0
190	206.33333333333334	0.0
200	151.0	0.0
210	88.66666666666667	0.0
220	338.0	0.0
230	320.6666666666667	0.0
240	395.3333333333333	0.0
250	332.0	0.0
260	415.3333333333333	0.0
270	503.0	0.0
280	436.6666666666667	0.0
290	401.3333333333333	0.0
300	622.0	0.0
310	514.0	0.0
320	744.6666666666666	0.0
330	725.3333333333334	0.0
340	861.3333333333334	0.0
350	1387.6666666666667	0.0
360	1420.0	0.0
370	2439.1666666666665	0.0
380	1958.3333333333333	0.0
390	2213.1666666666665	0.0
400	1550.0	0.0
410	2622.3333333333335	0.0
420	2362.0	0.0
430	2228.0	0.0
440	2432.1666666666665	0.0
450	2575.0	0.0
460	2671.0	0.0
470	1629.5	0.0
480	2260.8333333333335	0.0
490	1753.3333333333333	0.0
500	1637.1666666666667	0.0
510	1086.0	0.0
520	2105.3333333333335	0.0
530	2068.8333333333335	0.0
540	1672.3333333333333	0.0
550	1854.5	0.0
560	1745.0	0.0
570	1182.3333333333333	0.0
580	1347.3333333333333	0.0
590	1714.5	0.0
600	1238.0	0.0
610	1617.0	0.0
620	2253.8333333333335	0.0
630	2116.8333333333335	0.0
640	1758.3333333333333	0.0
650	1828.6666666666667	0.0
660	1677.3333333333333	0.0
670	1926.6666666666667	0.0
680	1749.3333333333333	0.0
690	2209.6666666666665	0.0
700	1566.5	0.0
710	1983.3333333333333	0.0
720	1966.0	0.0
730	1735.6666666666667	0.0
740	1894.8333333333333	0.0
750	1538.3333333333333	0.0
760	1824.0	0.0
770	1887.3333333333333	0.0
780	1664.5	0.0
790	2127.5	0.0
800	1713.0	0.0
810	1718.6666666666667	0.0
820	1736.1666666666667	0.0
830	2546.0	0.0
840	2305.3333333333335	0.0
850	2574.6666666666665	0.0
860	2432.0	0.0
870	2349.1666666666665	0.0
880	2475.3333333333335	0.0
890	2312.6666666666665	0.0
900	2862.8333333333335	0.0
910	2473.3333333333335	0.0
920	2137.3333333333335	0.0
930	2283.3333333333335	0.0
940	2520.1666666666665	0.0
950	2299.3333333333335	0.0
960	2367.3333333333335	0.0
970	2100.3333333333335	0.0
980	2380.3333333333335	0.0
990	2259.3333333333335	0.0
1000	1995.8333333333333	0.0
