0	245.66666666666666	0.0
10	70.0	1000.0
20	70.0	0.0
30	70.0	0.0
40	70.0	0.0
50	70.0	0.0
60	70.0	0.0
70	70.0	0.0
80	70.0	0.0
90	70.0	0.0
100	70.0	0.0
110	70.0	0.0
120	70.0	0.0
130	70.0	0.0
140	70.0	0.0
150	70.33333333333333	0.0
160	70.33333333333333	0.0
170	70.66666666666667	0.0
180	70.66666666666667	0.0
190	71.0	0.0
200	71.66666666666667	0.0
210	80.33333333333333	0.0
220	94.66666666666667	0.0
230	149.0	0.0
240	276.6666666666667	0.0
250	173.33333333333334	0.0
260	144.33333333333334	0.0
270	170.33333333333334	0.0
280	131.0	0.0
290	138.0	0.0
300	169.66666666666666	0.0
310	167.66666666666666	0.0
320	162.33333333333334	0.0
330	131.0	0.0
340	210.0	0.0
350	144.33333333333334	0.0
360	644.0	0.0
370	391.6666666666667	0.0
380	682.6666666666666	0.0
390	719.6666666666666	0.0
400	742.0	0.0
410	686.6666666666666	0.0
420	966.0	0.0
430	1206.3333333333333	0.0
440	1173.6666666666667	0.0
450	1161.0	0.0
460	1217.3333333333333	0.0
470	1631.0	0.0
480	1629.5	0.0
490	1689.3333333333333	0.0
500	1344.0	0.0
510	1468.3333333333333	0.0
520	1694.3333333333333	0.0
530	1662.3333333333333	0.0
540	1791.3333333333333	0.0
550	2019.6666666666667	0.0
560	1802.0	0.0
570	1922.0	0.0
580	2194.0	0.0
590	2231.6666666666665	0.0
600	1849.0	0.0
