0	244.33333333333334	0.0
10	70.0	0.0
20	70.0	0.0
30	70.0	0.0
40	70.0	0.0
50	70.0	0.0
60	70.0	0.0
70	70.0	0.0
80	70.0	0.0
90	70.0	0.0
100	70.0	0.0
110	70.0	0.0
120	70.0	0.0
130	70.0	0.0
140	70.0	0.0
150	70.0	0.0
160	70.0	0.0
170	70.0	0.0
180	71.66666666666667	0.0
190	71.0	0.0
200	73.66666666666667	0.0
210	87.0	0.0
220	74.0	0.0
230	72.0	0.0
240	76.66666666666667	0.0
250	130.33333333333334	0.0
260	301.3333333333333	0.0
270	264.0	0.0
280	154.0	0.0
290	135.0	0.0
300	186.66666666666666	0.0
310	130.0	0.0
320	138.33333333333334	0.0
330	146.0	0.0
340	139.0	0.0
350	148.0	0.0
360	205.33333333333334	0.0
370	197.0	0.0
380	551.0	0.0
390	744.0	0.0
400	703.0	0.0
410	855.6666666666666	0.0
420	1318.3333333333333	0.0
430	1297.0	0.0
440	1259.0	0.0
450	1665.3333333333333	0.0
460	1762.3333333333333	0.0
470	1687.3333333333333	0.0
480	1942.3333333333333	0.0
490	2133.6666666666665	0.0
500	1928.3333333333333	0.0
510	2171.6666666666665	0.0
520	2336.0	0.0
530	2485.6666666666665	0.0
540	2239.0	0.0
550	2266.1666666666665	0.0
560	2307.5	0.0
570	2276.0	0.0
580	2054.0	0.0
590	2348.3333333333335	0.0
600	2168.0	0.0
