0	230.0	0.0
10	102.0	237.0
20	100.0	0.0
30	92.0	0.0
40	70.0	0.0
50	70.0	0.0
60	71.33333333333333	0.0
70	1075.3333333333333	0.0
80	1232.3333333333333	0.0
90	1384.6666666666667	0.0
100	1425.0	0.0
110	1705.3333333333333	0.0
120	1956.0	0.0
130	2181.0	0.0
140	2537.0	0.0
150	2095.3333333333335	0.0
160	2504.3333333333335	0.0
170	2597.0	0.0
180	2613.8333333333335	0.0
190	2446.3333333333335	0.0
200	2194.6666666666665	0.0
210	2330.3333333333335	0.0
220	1963.1666666666667	0.0
230	2282.0	0.0
240	2637.3333333333335	0.0
250	2503.6666666666665	0.0
260	2765.8333333333335	0.0
270	2270.6666666666665	0.0
280	2535.0	0.0
290	2508.3333333333335	0.0
300	2608.8333333333335	0.0
310	1905.6666666666667	0.0
320	1813.5	0.0
330	2310.3333333333335	0.0
340	2393.0	0.0
350	2278.1666666666665	0.0
360	2430.8333333333335	0.0
370	1786.0	0.0
380	1547.0	0.0
390	2425.8333333333335	0.0
400	1664.6666666666667	0.0
410	2110.0	0.0
420	2203.3333333333335	0.0
430	1718.8333333333333	0.0
440	2071.6666666666665	0.0
450	2358.5	0.0
460	1754.0	0.0
470	2028.3333333333333	0.0
480	2094.8333333333335	0.0
490	2535.8333333333335	0.0
500	2623.3333333333335	0.0
510	2391.5	0.0
520	1673.0	0.0
530	1880.6666666666667	0.0
540	1934.5	0.0
550	2173.8333333333335	0.0
560	2180.8333333333335	0.0
570	1648.0	0.0
580	1924.3333333333333	0.0
590	2233.5	0.0
600	2291.3333333333335	0.0
610	2357.8333333333335	0.0
620	2171.8333333333335	0.0
630	2456.5	0.0
640	2404.0	0.0
650	2509.6666666666665	0.0
660	2631.6666666666665	0.0
670	1785.3333333333333	0.0
680	2167.1666666666665	0.0
690	2254.6666666666665	0.0
700	1744.3333333333333	0.0
710	1878.3333333333333	0.0
720	2201.6666666666665	0.0
730	2023.0	0.0
740	2354.1666666666665	0.0
750	2448.8333333333335	0.0
760	1999.0	0.0
770	1749.0	0.0
780	1824.5	0.0
790	1643.6666666666667	0.0
800	1841.1666666666667	0.0
810	1885.1666666666667	0.0
820	1863.0	0.0
830	1846.6666666666667	0.0
840	1795.5	0.0
850	2459.6666666666665	0.0
860	2144.6666666666665	0.0
870	2099.6666666666665	0.0
880	2563.6666666666665	0.0
890	2530.6666666666665	0.0
900	2467.3333333333335	0.0
910	2363.5	0.0
920	2469.3333333333335	0.0
930	2465.3333333333335	0.0
940	2797.8333333333335	0.0
950	2586.1666666666665	0.0
960	1933.0	0.0
970	1970.0	0.0
980	2189.3333333333335	0.0
990	2029.0	0.0
1000	1808.5	0.0
