0	262.6666666666667	0.0
10	70.0	11.0
20	70.0	9.0
30	70.0	0.0
40	70.0	0.0
50	70.0	0.0
60	70.0	11.0
70	70.0	6.0
80	70.66666666666667	11.0
90	74.0	33.0
100	77.0	1.0
110	110.66666666666667	0.0
120	322.6666666666667	11.0
130	284.0	130.0
140	248.33333333333334	85.0
150	115.33333333333333	25.0
160	472.0	163.0
170	450.3333333333333	312.0
180	159.33333333333334	192.0
190	1311.3333333333333	0.0
200	1482.0	0.0
210	1952.3333333333333	0.0
220	2092.0	0.0
230	2237.0	0.0
240	2488.0	0.0
250	2213.0	0.0
260	2351.5	0.0
270	2212.3333333333335	0.0
280	2413.5	0.0
290	2339.3333333333335	0.0
300	2296.6666666666665	0.0
310	2317.1666666666665	0.0
320	2393.1666666666665	0.0
330	2312.6666666666665	0.0
340	2592.0	0.0
350	2199.6666666666665	0.0
360	2112.6666666666665	0.0
370	2386.0	0.0
380	2296.6666666666665	0.0
390	2599.8333333333335	0.0
400	1233.3333333333333	0.0
410	1219.0	0.0
420	1769.3333333333333	0.0
430	2157.5	0.0
440	2043.5	0.0
450	1785.1666666666667	0.0
460	2393.3333333333335	0.0
470	2271.8333333333335	0.0
480	1901.3333333333333	0.0
490	1873.3333333333333	0.0
500	1990.6666666666667	0.0
510	1708.6666666666667	0.0
520	2179.6666666666665	0.0
530	2039.8333333333333	0.0
540	2000.0	0.0
550	1893.3333333333333	0.0
560	1404.6666666666667	0.0
570	2045.6666666666667	0.0
580	2215.3333333333335	0.0
590	1672.1666666666667	0.0
600	1732.3333333333333	0.0
