0	270.6666666666667	0.0
10	70.0	1.0
20	70.0	10.0
30	70.0	0.0
40	70.0	6.0
50	70.0	3.0
60	70.0	0.0
70	70.0	13.0
80	70.33333333333333	2.0
90	76.33333333333333	7.0
100	92.66666666666667	12.0
110	115.66666666666667	141.0
120	135.0	22.0
130	411.3333333333333	0.0
140	562.0	259.0
150	707.6666666666666	412.0
160	236.0	112.0
170	338.6666666666667	0.0
180	1791.6666666666667	0.0
190	1709.3333333333333	0.0
200	1958.0	0.0
210	2142.8333333333335	0.0
220	2240.3333333333335	0.0
230	2008.3333333333333	0.0
240	2404.3333333333335	0.0
250	2318.3333333333335	0.0
260	2466.6666666666665	0.0
270	2527.6666666666665	0.0
280	2187.3333333333335	0.0
290	2232.6666666666665	0.0
300	2530.3333333333335	0.0
310	2231.6666666666665	0.0
320	2459.3333333333335	0.0
330	1874.3333333333333	0.0
340	2191.6666666666665	0.0
350	1948.3333333333333	0.0
360	2272.6666666666665	0.0
370	2292.5	0.0
380	2195.3333333333335	0.0
390	2139.3333333333335	0.0
400	2196.0	0.0
410	1738.0	0.0
420	1726.5	0.0
430	2616.6666666666665	0.0
440	2020.6666666666667	0.0
450	2090.6666666666665	0.0
460	1724.3333333333333	0.0
470	2064.0	0.0
480	2500.6666666666665	0.0
490	2415.5	0.0
500	2378.0	0.0
510	2393.3333333333335	0.0
520	2299.8333333333335	0.0
530	2480.1666666666665	0.0
540	2186.6666666666665	0.0
550	2342.0	0.0
560	2428.8333333333335	0.0
570	1717.0	0.0
580	2383.6666666666665	0.0
590	1995.6666666666667	0.0
600	2457.5	0.0
