0	300.0	0.0
10	70.0	1000.0
20	70.0	0.0
30	70.0	0.0
40	70.0	0.0
50	70.0	0.0
60	70.0	0.0
70	70.0	0.0
80	70.0	0.0
90	70.0	0.0
100	70.0	0.0
110	70.0	0.0
120	70.0	0.0
130	70.0	0.0
140	70.0	0.0
150	70.33333333333333	0.0
160	70.33333333333333	0.0
170	70.33333333333333	0.0
180	76.0	0.0
190	73.0	0.0
200	71.66666666666667	0.0
210	127.0	0.0
220	107.0	0.0
230	124.66666666666667	0.0
240	106.66666666666667	0.0
250	231.0	0.0
260	157.66666666666666	0.0
270	285.3333333333333	0.0
280	139.33333333333334	0.0
290	133.0	0.0
300	138.0	0.0
310	161.0	0.0
320	172.66666666666666	0.0
330	173.66666666666666	0.0
340	249.33333333333334	0.0
350	154.33333333333334	0.0
360	611.0	0.0
370	610.3333333333334	0.0
380	669.0	0.0
390	536.3333333333334	0.0
400	820.3333333333334	0.0
410	843.3333333333334	0.0
420	810.6666666666666	0.0
430	1202.0	0.0
440	1671.6666666666667	0.0
450	1621.5	0.0
460	1731.3333333333333	0.0
470	2227.5	0.0
480	2158.5	0.0
490	2007.0	0.0
500	1822.6666666666667	0.0
510	2279.0	0.0
520	2241.3333333333335	0.0
530	2125.6666666666665	0.0
540	2081.0	0.0
550	2164.0	0.0
560	2256.0	0.0
570	2104.3333333333335	0.0
580	2380.3333333333335	0.0
590	2385.6666666666665	0.0
600	2191.3333333333335	0.0
