0	277.6666666666667	0.0
10	70.0	1000.0
20	70.0	0.0
30	70.0	0.0
40	70.0	0.0
50	70.0	0.0
60	70.0	0.0
70	70.0	0.0
80	70.0	0.0
90	70.0	0.0
100	70.0	0.0
110	70.0	0.0
120	70.0	0.0
130	70.0	0.0
140	70.0	0.0
150	70.0	0.0
160	70.33333333333333	0.0
170	70.66666666666667	0.0
180	71.66666666666667	0.0
190	100.0	0.0
200	74.0	0.0
210	141.33333333333334	0.0
220	202.0	0.0
230	183.66666666666666	0.0
240	240.66666666666666	0.0
250	128.33333333333334	0.0
260	261.6666666666667	0.0
270	194.33333333333334	0.0
280	130.66666666666666	0.0
290	168.33333333333334	0.0
300	723.0	0.0
310	377.3333333333333	0.0
320	387.3333333333333	0.0
330	623.6666666666666	0.0
340	342.3333333333333	0.0
350	703.3333333333334	0.0
360	619.3333333333334	0.0
370	822.6666666666666	0.0
380	641.3333333333334	0.0
390	1284.0	0.0
400	1173.0	0.0
410	1264.6666666666667	0.0
420	1896.0	0.0
430	1694.5	0.0
440	1639.3333333333333	0.0
450	1816.6666666666667	0.0
460	1677.6666666666667	0.0
470	2068.6666666666665	0.0
480	1672.3333333333333	0.0
490	1596.3333333333333	0.0
500	2227.0	0.0
510	2273.6666666666665	0.0
520	2216.0	0.0
530	1936.0	0.0
540	2451.6666666666665	0.0
550	2126.8333333333335	0.0
560	2098.3333333333335	0.0
570	2160.6666666666665	0.0
580	2112.3333333333335	0.0
590	2181.6666666666665	0.0
600	2534.6666666666665	0.0
