0	257.6666666666667	0.0
10	70.0	1000.0
20	70.0	0.0
30	70.0	0.0
40	70.0	0.0
50	70.0	0.0
60	70.0	0.0
70	70.0	0.0
80	70.0	0.0
90	70.0	0.0
100	70.0	0.0
110	70.0	0.0
120	70.0	0.0
130	70.0	0.0
140	70.0	0.0
150	70.0	0.0
160	70.33333333333333	0.0
170	70.33333333333333	0.0
180	74.33333333333333	0.0
190	72.0	0.0
200	161.66666666666666	0.0
210	160.0	0.0
220	609.0	0.0
230	333.6666666666667	0.0
240	242.0	0.0
250	164.0	0.0
260	138.0	0.0
270	217.0	0.0
280	504.3333333333333	0.0
290	616.6666666666666	0.0
300	828.3333333333334	0.0
310	821.3333333333334	0.0
320	826.0	0.0
330	1029.3333333333333	0.0
340	1277.0	0.0
350	1379.0	0.0
360	1754.0	0.0
370	1695.0	0.0
380	2025.0	0.0
390	1877.0	0.0
400	1343.6666666666667	0.0
410	1900.0	0.0
420	2060.6666666666665	0.0
430	2188.0	0.0
440	2138.5	0.0
450	1702.0	0.0
460	2004.1666666666667	0.0
470	2186.0	0.0
480	1846.3333333333333	0.0
490	2093.1666666666665	0.0
500	1533.0	0.0
510	1992.1666666666667	0.0
520	2370.6666666666665	0.0
530	2269.1666666666665	0.0
540	2178.3333333333335	0.0
550	2586.6666666666665	0.0
560	2103.0	0.0
570	2322.5	0.0
580	2529.3333333333335	0.0
590	2343.3333333333335	0.0
600	2592.3333333333335	0.0
