0	237.33333333333334	0.0
10	70.0	1000.0
20	70.0	0.0
30	70.0	0.0
40	70.0	0.0
50	70.0	0.0
60	70.0	0.0
70	70.0	0.0
80	70.0	0.0
90	70.0	0.0
100	70.0	0.0
110	70.0	0.0
120	70.0	0.0
130	70.0	0.0
140	70.0	0.0
150	70.0	0.0
160	70.33333333333333	0.0
170	70.66666666666667	0.0
180	70.33333333333333	0.0
190	75.33333333333333	0.0
200	75.33333333333333	0.0
210	73.0	0.0
220	88.0	0.0
230	232.33333333333334	0.0
240	213.33333333333334	0.0
250	133.33333333333334	0.0
260	130.0	0.0
270	116.33333333333333	0.0
280	148.0	0.0
290	179.33333333333334	0.0
300	208.66666666666666	0.0
310	193.66666666666666	0.0
320	247.66666666666666	0.0
330	219.33333333333334	0.0
340	179.33333333333334	0.0
350	162.0	0.0
360	323.6666666666667	0.0
370	718.6666666666666	0.0
380	799.3333333333334	0.0
390	656.0	0.0
400	872.3333333333334	0.0
410	1023.3333333333334	0.0
420	967.6666666666666	0.0
430	1045.6666666666667	0.0
440	1358.3333333333333	0.0
450	1664.3333333333333	0.0
460	1866.3333333333333	0.0
470	1940.0	0.0
480	1639.6666666666667	0.0
490	1770.0	0.0
500	1261.6666666666667	0.0
510	2080.3333333333335	0.0
520	2099.5	0.0
530	2040.6666666666667	0.0
540	2264.6666666666665	0.0
550	2017.6666666666667	0.0
560	1728.6666666666667	0.0
570	2208.0	0.0
580	2253.6666666666665	0.0
590	2351.6666666666665	0.0
600	2441.5	0.0
