0	233.0	0.0
10	70.0	0.0
20	70.0	0.0
30	70.0	0.0
40	70.0	0.0
50	70.0	0.0
60	70.0	0.0
70	70.0	0.0
80	70.0	0.0
90	70.0	0.0
100	70.0	0.0
110	70.0	0.0
120	70.0	0.0
130	70.0	0.0
140	70.0	0.0
150	70.0	0.0
160	70.0	0.0
170	70.0	0.0
180	70.0	0.0
190	70.0	0.0
200	72.0	0.0
210	72.66666666666667	0.0
220	71.66666666666667	0.0
230	131.33333333333334	0.0
240	135.66666666666666	0.0
250	132.33333333333334	0.0
260	148.0	0.0
270	213.0	0.0
280	168.66666666666666	0.0
290	138.0	0.0
300	148.0	0.0
310	163.0	0.0
320	138.66666666666666	0.0
330	154.33333333333334	0.0
340	130.0	0.0
350	138.0	0.0
360	171.33333333333334	0.0
370	210.0	0.0
380	417.3333333333333	0.0
390	447.0	0.0
400	457.6666666666667	0.0
410	776.0	0.0
420	786.0	0.0
430	957.0	0.0
440	798.6666666666666	0.0
450	1434.3333333333333	0.0
460	1415.6666666666667	0.0
470	1670.3333333333333	0.0
480	1963.6666666666667	0.0
490	2150.3333333333335	0.0
500	2068.3333333333335	0.0
510	2297.3333333333335	0.0
520	1781.6666666666667	0.0
530	1899.8333333333333	0.0
540	2004.0	0.0
550	2272.6666666666665	0.0
560	1941.6666666666667	0.0
570	2384.5	0.0
580	2321.8333333333335	0.0
590	2388.6666666666665	0.0
600	1961.8333333333333	0.0
610	2109.1666666666665	0.0
620	1990.6666666666667	0.0
630	2287.6666666666665	0.0
640	2325.8333333333335	0.0
650	2411.5	0.0
660	2524.0	0.0
670	2337.0	0.0
680	2384.5	0.0
690	2456.1666666666665	0.0
700	2656.5	0.0
710	2562.5	0.0
720	2487.5	0.0
730	2700.0	0.0
740	2595.6666666666665	0.0
750	2475.1666666666665	0.0
760	2321.3333333333335	0.0
770	2263.0	0.0
780	2649.3333333333335	0.0
790	2682.0	0.0
800	2626.5	0.0
810	2574.8333333333335	0.0
820	2506.1666666666665	0.0
830	2322.1666666666665	0.0
840	2600.6666666666665	0.0
850	2588.5	0.0
860	2545.0	0.0
870	2584.0	0.0
880	2596.6666666666665	0.0
890	2584.1666666666665	0.0
900	2659.0	0.0
910	2684.8333333333335	0.0
920	2627.6666666666665	0.0
930	2754.8333333333335	0.0
940	2172.8333333333335	0.0
950	2461.6666666666665	0.0
960	2575.5	0.0
970	2533.0	0.0
980	2753.3333333333335	0.0
990	2630.6666666666665	0.0
1000	2579.3333333333335	0.0
