0	251.0	0.0
10	70.0	0.0
20	70.0	0.0
30	70.0	0.0
40	70.0	0.0
50	70.0	0.0
60	70.0	0.0
70	70.0	0.0
80	70.33333333333333	0.0
90	82.66666666666667	0.0
100	87.66666666666667	0.0
110	73.33333333333333	0.0
120	168.66666666666666	0.0
130	123.33333333333333	0.0
140	235.33333333333334	0.0
150	248.0	0.0
160	273.6666666666667	0.0
170	266.3333333333333	0.0
180	289.6666666666667	0.0
190	174.66666666666666	0.0
200	255.0	0.0
210	322.0	0.0
220	282.6666666666667	0.0
230	301.6666666666667	0.0
240	251.0	0.0
250	301.6666666666667	0.0
260	251.0	0.0
270	313.6666666666667	0.0
280	459.0	0.0
290	305.3333333333333	0.0
300	341.0	0.0
310	453.3333333333333	0.0
320	416.3333333333333	0.0
330	559.3333333333334	0.0
340	646.3333333333334	0.0
350	1003.3333333333334	0.0
360	755.6666666666666	0.0
370	948.1666666666666	0.0
380	1249.1666666666667	0.0
390	1707.8333333333333	0.0
400	1562.1666666666667	0.0
410	1699.1666666666667	0.0
420	1447.3333333333333	0.0
430	1861.1666666666667	0.0
440	1669.8333333333333	0.0
450	1847.3333333333333	0.0
460	2314.8333333333335	0.0
470	2399.6666666666665	0.0
480	2425.0	0.0
490	1985.6666666666667	0.0
500	2609.6666666666665	0.0
510	2825.5	0.0
520	1931.3333333333333	0.0
530	2525.3333333333335	0.0
540	2214.8333333333335	0.0
550	1965.8333333333333	0.0
560	2462.0	0.0
570	2002.8333333333333	0.0
580	1963.8333333333333	0.0
590	1747.3333333333333	0.0
600	2473.0	0.0
610	2538.1666666666665	0.0
620	1741.6666666666667	0.0
630	2096.5	0.0
640	1932.6666666666667	0.0
650	2060.6666666666665	0.0
660	2056.1666666666665	0.0
670	2210.3333333333335	0.0
680	2084.0	0.0
690	2514.5	0.0
700	2527.0	0.0
710	2231.6666666666665	0.0
720	2193.8333333333335	0.0
730	2365.0	0.0
740	2559.0	0.0
750	2550.0	0.0
760	2482.5	0.0
770	2155.8333333333335	0.0
780	2376.3333333333335	0.0
790	2377.6666666666665	0.0
800	2376.3333333333335	0.0
810	2316.6666666666665	0.0
820	2527.1666666666665	0.0
830	2559.5	0.0
840	2536.6666666666665	0.0
850	2478.6666666666665	0.0
860	2501.0	0.0
870	2344.3333333333335	0.0
880	2381.0	0.0
890	2297.6666666666665	0.0
900	2544.0	0.0
910	2144.1666666666665	0.0
920	2030.5	0.0
930	2350.3333333333335	0.0
940	2204.6666666666665	0.0
950	2489.6666666666665	0.0
960	2440.0	0.0
970	2030.3333333333333	0.0
980	2054.3333333333335	0.0
990	2007.8333333333333	0.0
1000	2200.8333333333335	0.0
