0	277.6666666666667	0.0
10	70.0	0.0
20	70.0	0.0
30	70.0	0.0
40	70.0	0.0
50	70.0	0.0
60	70.0	0.0
70	70.0	0.0
80	70.0	0.0
90	70.66666666666667	0.0
100	94.33333333333333	0.0
110	102.0	0.0
120	71.66666666666667	0.0
130	77.0	0.0
140	298.3333333333333	0.0
150	165.66666666666666	0.0
160	179.66666666666666	0.0
170	127.33333333333333	0.0
180	165.0	0.0
190	181.33333333333334	0.0
200	227.66666666666666	0.0
210	327.6666666666667	0.0
220	301.0	0.0
230	270.6666666666667	0.0
240	363.0	0.0
250	399.3333333333333	0.0
260	416.6666666666667	0.0
270	470.6666666666667	0.0
280	436.0	0.0
290	574.6666666666666	0.0
300	958.3333333333334	0.0
310	726.6666666666666	0.0
320	792.0	0.0
330	989.3333333333334	0.0
340	1490.6666666666667	0.0
350	1321.6666666666667	0.0
360	1402.3333333333333	0.0
370	2055.3333333333335	0.0
380	2022.8333333333333	0.0
390	1858.0	0.0
400	1856.3333333333333	0.0
410	999.3333333333334	0.0
420	1009.0	0.0
430	1716.5	0.0
440	1532.8333333333333	0.0
450	1621.0	0.0
460	1982.6666666666667	0.0
470	1694.3333333333333	0.0
480	1954.3333333333333	0.0
490	1919.5	0.0
500	1413.5	0.0
510	1325.6666666666667	0.0
520	2009.1666666666667	0.0
530	1466.5	0.0
540	1475.1666666666667	0.0
550	1102.6666666666667	0.0
560	1847.0	0.0
570	1490.3333333333333	0.0
580	1617.5	0.0
590	1717.5	0.0
600	1647.0	0.0
610	1620.8333333333333	0.0
620	1632.6666666666667	0.0
630	1693.1666666666667	0.0
640	1807.0	0.0
650	1575.1666666666667	0.0
660	1584.0	0.0
670	2041.1666666666667	0.0
680	1633.5	0.0
690	2203.3333333333335	0.0
700	1886.6666666666667	0.0
710	1701.6666666666667	0.0
720	1854.3333333333333	0.0
730	1693.8333333333333	0.0
740	1754.1666666666667	0.0
750	2291.6666666666665	0.0
760	2345.1666666666665	0.0
770	2289.3333333333335	0.0
780	2708.5	0.0
790	2337.5	0.0
800	2496.5	0.0
810	2507.6666666666665	0.0
820	2439.6666666666665	0.0
830	2233.5	0.0
840	2168.0	0.0
850	2714.3333333333335	0.0
860	2524.3333333333335	0.0
870	2145.6666666666665	0.0
880	2441.1666666666665	0.0
890	2402.3333333333335	0.0
900	2030.5	0.0
910	2306.6666666666665	0.0
920	2385.5	0.0
930	2258.6666666666665	0.0
940	2281.8333333333335	0.0
950	1725.6666666666667	0.0
960	1641.3333333333333	0.0
970	1804.0	0.0
980	1873.8333333333333	0.0
990	1885.6666666666667	0.0
1000	1549.6666666666667	0.0
