0	243.0	0.0
10	70.0	0.0
20	70.0	0.0
30	70.0	0.0
40	70.0	0.0
50	70.0	0.0
60	70.0	0.0
70	70.0	0.0
80	70.33333333333333	0.0
90	73.33333333333333	0.0
100	75.0	0.0
110	167.33333333333334	0.0
120	290.0	0.0
130	229.33333333333334	0.0
140	209.33333333333334	0.0
150	188.33333333333334	0.0
160	300.0	0.0
170	150.66666666666666	1.0
180	183.33333333333334	0.0
190	430.0	0.0
200	275.3333333333333	3.0
210	241.0	1.0
220	278.6666666666667	3.0
230	315.3333333333333	1.0
240	394.6666666666667	0.0
250	771.6666666666666	2.0
260	1658.0	3.0
270	2360.6666666666665	2.0
280	2340.0	3.0
290	2167.1666666666665	9.0
300	2416.0	5.0
310	2354.0	3.0
320	2180.0	0.0
330	2249.5	5.0
340	2364.0	5.0
350	2079.8333333333335	2.0
360	2037.3333333333333	2.0
370	2420.0	1.0
380	1910.8333333333333	2.0
390	2261.3333333333335	2.0
400	2356.6666666666665	0.0
410	2344.3333333333335	2.0
420	2520.8333333333335	3.0
430	2411.8333333333335	0.0
440	2494.6666666666665	3.0
450	2389.3333333333335	1.0
460	2336.6666666666665	1.0
470	2310.5	2.0
480	2239.8333333333335	0.0
490	2522.0	1.0
500	2659.6666666666665	0.0
510	2039.8333333333333	2.0
520	1812.5	1.0
530	1876.0	4.0
540	1798.6666666666667	6.0
550	2679.8333333333335	2.0
560	2513.8333333333335	0.0
570	2509.0	0.0
580	2330.6666666666665	5.0
590	2382.6666666666665	3.0
600	2419.0	1.0
610	2321.6666666666665	1.0
620	2469.8333333333335	1.0
630	2440.1666666666665	0.0
640	2373.6666666666665	1.0
650	2654.6666666666665	0.0
660	2454.0	1.0
670	2235.3333333333335	2.0
680	1928.1666666666667	0.0
690	2267.1666666666665	6.0
700	1722.0	1.0
710	1827.8333333333333	0.0
720	2179.3333333333335	6.0
730	2149.0	2.0
740	1688.8333333333333	4.0
750	1682.5	1.0
760	2487.6666666666665	1.0
770	1852.3333333333333	1.0
780	2368.8333333333335	3.0
790	2018.6666666666667	2.0
800	2139.0	2.0
810	2170.6666666666665	1.0
820	1742.0	6.0
830	2392.0	0.0
840	2605.3333333333335	1.0
850	2668.6666666666665	1.0
860	2549.5	1.0
870	2303.6666666666665	0.0
880	2601.6666666666665	1.0
890	2278.6666666666665	1.0
900	2335.5	0.0
910	2208.6666666666665	2.0
920	2346.5	2.0
930	2625.1666666666665	2.0
940	2192.6666666666665	1.0
950	2396.1666666666665	0.0
960	2019.5	7.0
970	2326.3333333333335	1.0
980	1803.5	2.0
990	1724.6666666666667	2.0
1000	1740.5	4.0
