0	231.33333333333334	0.0
10	70.0	0.0
20	70.0	0.0
30	70.0	0.0
40	70.0	0.0
50	70.0	0.0
60	70.0	0.0
70	70.0	0.0
80	70.66666666666667	0.0
90	73.0	0.0
100	79.66666666666667	0.0
110	89.66666666666667	0.0
120	112.0	0.0
130	78.0	7.0
140	155.66666666666666	0.0
150	158.66666666666666	1.0
160	579.6666666666666	0.0
170	465.6666666666667	2.0
180	392.6666666666667	0.0
190	331.3333333333333	1.0
200	518.6666666666666	2.0
210	458.0	1.0
220	516.6666666666666	2.0
230	451.6666666666667	4.0
240	330.3333333333333	1.0
250	460.6666666666667	0.0
260	761.3333333333334	5.0
270	1041.6666666666667	2.0
280	1302.0	2.0
290	936.0	2.0
300	752.1666666666666	0.0
310	2638.8333333333335	1.0
320	2015.6666666666667	3.0
330	2113.3333333333335	0.0
340	2538.6666666666665	2.0
350	1809.3333333333333	3.0
360	2356.6666666666665	0.0
370	2608.5	2.0
380	2604.0	2.0
390	2420.6666666666665	0.0
400	2497.3333333333335	1.0
410	2591.6666666666665	2.0
420	2245.3333333333335	5.0
430	2125.6666666666665	3.0
440	2546.8333333333335	0.0
450	1711.5	4.0
460	2264.0	0.0
470	2364.0	0.0
480	1649.3333333333333	1.0
490	1996.6666666666667	2.0
500	1620.3333333333333	2.0
510	1705.5	7.0
520	2052.8333333333335	4.0
530	1949.8333333333333	0.0
540	2267.8333333333335	2.0
550	2165.6666666666665	2.0
560	2495.1666666666665	5.0
570	2430.8333333333335	5.0
580	2104.5	5.0
590	2489.6666666666665	1.0
600	2368.8333333333335	7.0
610	1892.0	2.0
620	2345.3333333333335	11.0
630	1969.6666666666667	3.0
640	1955.0	1.0
650	2209.0	2.0
660	2210.8333333333335	3.0
670	2341.0	4.0
680	2109.0	0.0
690	1936.8333333333333	6.0
700	2079.0	1.0
710	2123.6666666666665	1.0
720	1606.3333333333333	0.0
730	1576.1666666666667	0.0
740	1782.0	1.0
750	2418.5	4.0
760	1784.6666666666667	1.0
770	1991.6666666666667	0.0
780	2134.1666666666665	2.0
790	2423.3333333333335	1.0
800	2238.3333333333335	1.0
810	2755.3333333333335	1.0
820	2646.1666666666665	1.0
830	1815.8333333333333	3.0
840	2183.6666666666665	1.0
850	1834.6666666666667	3.0
860	1799.8333333333333	2.0
870	1831.0	2.0
880	1710.8333333333333	3.0
890	2532.0	1.0
900	1840.0	3.0
910	2290.3333333333335	2.0
920	2619.8333333333335	0.0
930	1979.1666666666667	0.0
940	1688.5	1.0
950	2062.3333333333335	2.0
960	2320.6666666666665	1.0
970	2508.3333333333335	1.0
980	2476.6666666666665	0.0
990	2501.0	0.0
1000	2715.0	1.0
