0	248.33333333333334	0.0
10	80.0	1000.0
20	70.0	0.0
30	70.0	0.0
40	70.0	0.0
50	70.0	0.0
60	70.0	0.0
70	70.0	0.0
80	70.0	0.0
90	70.0	0.0
100	70.0	0.0
110	70.0	0.0
120	70.0	0.0
130	70.0	0.0
140	70.0	0.0
150	70.0	0.0
160	70.33333333333333	0.0
170	70.0	0.0
180	72.33333333333333	0.0
190	70.0	0.0
200	115.33333333333333	0.0
210	198.66666666666666	0.0
220	89.66666666666667	0.0
230	180.33333333333334	0.0
240	177.0	0.0
250	523.3333333333334	0.0
260	244.0	0.0
270	157.0	0.0
280	177.66666666666666	0.0
290	187.0	0.0
300	154.0	0.0
310	704.6666666666666	0.0
320	729.6666666666666	0.0
330	408.6666666666667	0.0
340	406.3333333333333	0.0
350	674.6666666666666	0.0
360	798.5	0.0
370	767.6666666666666	0.0
380	1124.0	0.0
390	1129.6666666666667	0.0
400	1257.0	0.0
410	1384.6666666666667	0.0
420	1506.3333333333333	0.0
430	1471.6666666666667	0.0
440	1767.0	0.0
450	2456.0	0.0
460	2005.0	0.0
470	1935.0	0.0
480	2130.0	0.0
490	2183.6666666666665	0.0
500	2125.6666666666665	0.0
510	2137.0	0.0
520	2086.6666666666665	0.0
530	2038.0	0.0
540	2047.0	0.0
550	2094.6666666666665	0.0
560	2190.6666666666665	0.0
570	2476.6666666666665	0.0
580	2211.6666666666665	0.0
590	2598.0	0.0
600	2386.6666666666665	0.0
610	2478.1666666666665	0.0
620	2302.6666666666665	0.0
630	2640.3333333333335	0.0
640	2401.0	0.0
650	2290.3333333333335	0.0
660	2676.6666666666665	0.0
670	2719.3333333333335	0.0
680	2801.0	0.0
690	2493.8333333333335	0.0
700	2735.0	0.0
710	2743.8333333333335	0.0
720	2529.6666666666665	0.0
730	2494.0	0.0
740	2557.5	0.0
750	2757.5	0.0
760	2708.6666666666665	0.0
770	2578.8333333333335	0.0
780	2529.5	0.0
790	2593.8333333333335	0.0
800	2451.0	0.0
