0	257.6666666666667	0.0
10	70.0	1000.0
20	70.0	0.0
30	70.0	0.0
40	70.0	0.0
50	70.0	0.0
60	70.0	0.0
70	70.0	0.0
80	70.0	0.0
90	70.0	0.0
100	70.0	0.0
110	70.0	0.0
120	70.0	0.0
130	70.0	0.0
140	70.0	0.0
150	70.0	0.0
160	70.0	0.0
170	70.0	0.0
180	70.33333333333333	0.0
190	82.33333333333333	0.0
200	81.33333333333333	0.0
210	139.33333333333334	0.0
220	92.33333333333333	0.0
230	348.0	0.0
240	189.0	0.0
250	196.33333333333334	0.0
260	194.0	0.0
270	134.33333333333334	0.0
280	241.66666666666666	0.0
290	170.66666666666666	0.0
300	228.0	0.0
310	155.33333333333334	0.0
320	138.0	0.0
330	130.0	0.0
340	234.33333333333334	0.0
350	255.0	0.0
360	151.66666666666666	0.0
370	429.3333333333333	0.0
380	574.6666666666666	0.0
390	921.6666666666666	0.0
400	658.6666666666666	0.0
410	1117.3333333333333	0.0
420	1240.3333333333333	0.0
430	1307.8333333333333	0.0
440	1809.6666666666667	0.0
450	1749.0	0.0
460	1852.0	0.0
470	1925.6666666666667	0.0
480	2216.6666666666665	0.0
490	1978.6666666666667	0.0
500	2030.3333333333333	0.0
510	1809.6666666666667	0.0
520	2017.0	0.0
530	2277.1666666666665	0.0
540	2007.3333333333333	0.0
550	1979.6666666666667	0.0
560	2124.6666666666665	0.0
570	2115.5	0.0
580	2139.1666666666665	0.0
590	1794.6666666666667	0.0
600	2111.6666666666665	0.0
610	2145.1666666666665	0.0
620	2069.5	0.0
630	2007.6666666666667	0.0
640	2746.3333333333335	0.0
650	2080.1666666666665	0.0
660	2337.5	0.0
670	2165.0	0.0
680	2512.0	0.0
690	2681.5	0.0
700	2450.6666666666665	0.0
710	2556.3333333333335	0.0
720	2650.8333333333335	0.0
730	2617.1666666666665	0.0
740	2946.6666666666665	0.0
750	2542.8333333333335	0.0
760	2527.1666666666665	0.0
770	2900.0	0.0
780	2505.3333333333335	0.0
790	2701.1666666666665	0.0
800	2697.0	0.0
