0	227.0	0.0
10	88.0	1000.0
20	78.66666666666667	0.0
30	76.33333333333333	0.0
40	70.33333333333333	0.0
50	70.0	0.0
60	70.0	0.0
70	70.0	0.0
80	70.0	0.0
90	70.0	0.0
100	70.0	0.0
110	70.0	0.0
120	70.0	0.0
130	70.0	0.0
140	70.0	0.0
150	70.0	0.0
160	70.0	0.0
170	70.33333333333333	0.0
180	73.66666666666667	0.0
190	76.33333333333333	0.0
200	99.66666666666667	0.0
210	187.0	0.0
220	134.66666666666666	0.0
230	336.6666666666667	0.0
240	144.0	0.0
250	234.0	0.0
260	172.66666666666666	0.0
270	170.33333333333334	0.0
280	242.33333333333334	0.0
290	226.0	0.0
300	228.33333333333334	0.0
310	216.33333333333334	0.0
320	590.6666666666666	0.0
330	334.0	0.0
340	130.0	0.0
350	529.6666666666666	0.0
360	833.6666666666666	0.0
370	1034.6666666666667	0.0
380	777.0	0.0
390	1169.6666666666667	0.0
400	1385.0	0.0
410	1154.6666666666667	0.0
420	1248.3333333333333	0.0
430	1524.0	0.0
440	1733.3333333333333	0.0
450	1431.6666666666667	0.0
460	1804.0	0.0
470	1875.6666666666667	0.0
480	1559.6666666666667	0.0
490	2128.0	0.0
500	2461.0	0.0
510	1964.6666666666667	0.0
520	2282.8333333333335	0.0
530	2247.3333333333335	0.0
540	2295.0	0.0
550	2587.6666666666665	0.0
560	2314.0	0.0
570	2376.0	0.0
580	1923.3333333333333	0.0
590	2421.0	0.0
600	2192.3333333333335	0.0
610	2479.3333333333335	0.0
620	2495.6666666666665	0.0
630	2689.1666666666665	0.0
640	2566.3333333333335	0.0
650	2075.1666666666665	0.0
660	2541.0	0.0
670	2550.6666666666665	0.0
680	2541.8333333333335	0.0
690	2629.1666666666665	0.0
700	2522.5	0.0
710	2504.3333333333335	0.0
720	2638.3333333333335	0.0
730	2393.1666666666665	0.0
740	2688.0	0.0
750	2813.1666666666665	0.0
760	2659.6666666666665	0.0
770	2661.5	0.0
780	2616.1666666666665	0.0
790	2398.3333333333335	0.0
800	2481.3333333333335	0.0
