0	232.33333333333334	0.0
10	142.33333333333334	717.0
20	100.33333333333333	283.0
30	101.66666666666667	0.0
40	70.33333333333333	0.0
50	72.0	0.0
60	1549.6666666666667	0.0
70	1578.1666666666667	0.0
80	1332.6666666666667	0.0
90	1763.6666666666667	0.0
100	2063.3333333333335	0.0
110	2269.3333333333335	0.0
120	2344.6666666666665	0.0
130	2220.3333333333335	0.0
140	2383.1666666666665	0.0
150	2315.3333333333335	0.0
160	2390.3333333333335	0.0
170	1980.3333333333333	0.0
180	2326.6666666666665	0.0
190	2272.0	0.0
200	2321.3333333333335	0.0
210	2458.3333333333335	0.0
220	2584.1666666666665	0.0
230	2238.3333333333335	0.0
240	2335.0	0.0
250	2494.6666666666665	0.0
260	2514.3333333333335	0.0
270	2578.0	0.0
280	2508.0	0.0
290	2303.8333333333335	0.0
300	2368.0	0.0
310	2431.0	0.0
320	1070.0	0.0
330	1582.3333333333333	0.0
340	1956.1666666666667	0.0
350	1920.0	0.0
360	2033.8333333333333	0.0
370	1924.6666666666667	0.0
380	2340.6666666666665	0.0
390	1979.6666666666667	0.0
400	2015.3333333333333	0.0
410	2111.5	0.0
420	1771.6666666666667	0.0
430	1707.6666666666667	0.0
440	1943.1666666666667	0.0
450	2325.0	0.0
460	2116.6666666666665	0.0
470	2290.6666666666665	0.0
480	2577.0	0.0
490	2298.3333333333335	0.0
500	2606.8333333333335	0.0
510	2723.6666666666665	0.0
520	2422.3333333333335	0.0
530	2522.8333333333335	0.0
540	2740.0	0.0
550	2382.3333333333335	0.0
560	1820.3333333333333	0.0
570	2635.3333333333335	0.0
580	2711.6666666666665	0.0
590	2553.0	0.0
600	2531.0	0.0
