0	280.6666666666667	0.0
10	138.66666666666666	1000.0
20	109.0	0.0
30	71.0	0.0
40	190.0	0.0
50	1691.3333333333333	0.0
60	836.0	0.0
70	1228.0	0.0
80	2009.0	0.0
90	1939.8333333333333	0.0
100	1981.0	0.0
110	2197.6666666666665	0.0
120	2383.0	0.0
130	2354.3333333333335	0.0
140	2520.0	0.0
150	2638.6666666666665	0.0
160	2298.6666666666665	0.0
170	2140.0	0.0
180	2523.6666666666665	0.0
190	2221.6666666666665	0.0
200	2598.1666666666665	0.0
210	2378.0	0.0
220	2486.6666666666665	0.0
230	2565.3333333333335	0.0
240	2361.3333333333335	0.0
250	2348.0	0.0
260	2367.3333333333335	0.0
270	2329.0	0.0
280	2572.3333333333335	0.0
290	2406.8333333333335	0.0
300	2332.6666666666665	0.0
310	2397.1666666666665	0.0
320	2442.3333333333335	0.0
330	2295.8333333333335	0.0
340	2430.0	0.0
350	2511.5	0.0
360	1776.3333333333333	0.0
370	1627.8333333333333	0.0
380	1951.6666666666667	0.0
390	1912.8333333333333	0.0
400	2036.1666666666667	0.0
410	2557.1666666666665	0.0
420	1685.1666666666667	0.0
430	2587.0	0.0
440	2334.0	0.0
450	2066.3333333333335	0.0
460	2063.0	0.0
470	2106.6666666666665	0.0
480	2491.3333333333335	0.0
490	2086.0	0.0
500	2655.3333333333335	0.0
510	2084.0	0.0
520	1781.6666666666667	0.0
530	1990.0	0.0
540	1823.3333333333333	0.0
550	1669.0	0.0
560	1703.6666666666667	0.0
570	2437.8333333333335	0.0
580	2142.0	0.0
590	1922.6666666666667	0.0
600	1795.6666666666667	0.0
