0	264.3333333333333	0.0
10	70.0	0.0
20	70.0	0.0
30	70.0	0.0
40	70.0	0.0
50	70.0	0.0
60	70.0	0.0
70	70.0	0.0
80	70.66666666666667	0.0
90	78.66666666666667	0.0
100	107.33333333333333	0.0
110	122.33333333333333	0.0
120	365.6666666666667	0.0
130	200.0	3.0
140	218.33333333333334	2.0
150	95.33333333333333	2.0
160	187.66666666666666	0.0
170	101.0	1.0
180	273.6666666666667	0.0
190	200.33333333333334	1.0
200	162.0	3.0
210	364.3333333333333	0.0
220	358.0	0.0
230	229.0	1.0
240	316.3333333333333	0.0
250	450.3333333333333	2.0
260	334.6666666666667	1.0
270	480.6666666666667	1.0
280	385.3333333333333	6.0
290	702.0	1.0
300	912.3333333333334	0.0
310	1350.6666666666667	2.0
320	1018.3333333333334	3.0
330	1707.6666666666667	0.0
340	1952.5	2.0
350	2276.0	4.0
360	2641.3333333333335	2.0
370	2517.8333333333335	0.0
380	2154.3333333333335	1.0
390	2649.1666666666665	4.0
400	2454.0	0.0
410	2327.8333333333335	1.0
420	2466.5	2.0
430	2390.3333333333335	6.0
440	2576.0	11.0
450	2347.5	2.0
460	2191.3333333333335	1.0
470	2223.5	0.0
480	2509.3333333333335	3.0
490	2615.0	4.0
500	2406.3333333333335	0.0
510	2698.3333333333335	0.0
520	2283.8333333333335	3.0
530	2553.0	0.0
540	2357.0	2.0
550	2183.8333333333335	1.0
560	2332.1666666666665	0.0
570	2234.6666666666665	0.0
580	2428.0	0.0
590	1473.3333333333333	4.0
600	2160.6666666666665	4.0
610	1934.3333333333333	6.0
620	1681.8333333333333	0.0
630	2485.0	3.0
640	2074.6666666666665	9.0
650	2325.6666666666665	5.0
660	1884.6666666666667	4.0
670	2218.3333333333335	1.0
680	2191.6666666666665	2.0
690	2123.8333333333335	1.0
700	2402.6666666666665	2.0
710	2050.6666666666665	2.0
720	2047.0	3.0
730	2293.3333333333335	4.0
740	2112.0	2.0
750	1769.0	3.0
760	2187.0	2.0
770	2180.1666666666665	6.0
780	2043.1666666666667	4.0
790	2400.8333333333335	2.0
800	2124.8333333333335	5.0
810	2316.5	0.0
820	2084.6666666666665	3.0
830	2509.5	1.0
840	2482.1666666666665	2.0
850	2186.0	0.0
860	2407.0	11.0
870	2429.6666666666665	5.0
880	2357.1666666666665	1.0
890	2356.0	1.0
900	2047.3333333333333	0.0
910	2151.3333333333335	1.0
920	2280.3333333333335	3.0
930	2615.6666666666665	3.0
940	2547.5	1.0
950	2410.6666666666665	4.0
960	2393.8333333333335	1.0
970	2374.3333333333335	2.0
980	2592.0	0.0
990	2576.6666666666665	1.0
1000	2535.6666666666665	1.0
