0	243.66666666666666	0.0
10	70.0	0.0
20	70.0	0.0
30	70.0	0.0
40	70.0	0.0
50	70.0	0.0
60	70.0	0.0
70	70.0	0.0
80	71.33333333333333	0.0
90	70.33333333333333	0.0
100	74.66666666666667	0.0
110	92.33333333333333	0.0
120	81.0	0.0
130	280.6666666666667	0.0
140	493.6666666666667	0.0
150	111.0	2.0
160	86.66666666666667	1.0
170	395.0	2.0
180	297.0	1.0
190	257.0	2.0
200	506.3333333333333	3.0
210	378.3333333333333	1.0
220	489.6666666666667	1.0
230	497.3333333333333	1.0
240	826.3333333333334	5.0
250	1220.1666666666667	0.0
260	2064.0	0.0
270	2077.6666666666665	2.0
280	2244.6666666666665	3.0
290	2332.3333333333335	1.0
300	2257.0	3.0
310	2437.0	8.0
320	2500.6666666666665	1.0
330	2456.0	0.0
340	2398.0	0.0
350	2391.6666666666665	0.0
360	2625.6666666666665	0.0
370	2230.0	0.0
380	1611.6666666666667	0.0
390	2552.6666666666665	1.0
400	2199.8333333333335	3.0
410	2620.6666666666665	0.0
420	2544.8333333333335	0.0
430	2292.1666666666665	2.0
440	2371.1666666666665	4.0
450	2452.3333333333335	1.0
460	1862.6666666666667	2.0
470	2055.5	1.0
480	2320.3333333333335	1.0
490	2637.8333333333335	0.0
500	1897.3333333333333	4.0
510	2613.8333333333335	4.0
520	2025.0	3.0
530	2108.3333333333335	4.0
540	2008.6666666666667	4.0
550	2479.6666666666665	9.0
560	2204.3333333333335	3.0
570	1903.3333333333333	1.0
580	1948.0	1.0
590	2282.8333333333335	3.0
600	2204.3333333333335	0.0
610	2382.8333333333335	1.0
620	2151.6666666666665	2.0
630	2527.3333333333335	5.0
640	2389.5	3.0
650	2379.0	3.0
660	2524.6666666666665	2.0
670	2249.6666666666665	2.0
680	2485.8333333333335	2.0
690	2424.3333333333335	0.0
700	1972.6666666666667	0.0
710	1780.3333333333333	2.0
720	1792.3333333333333	1.0
730	2068.5	1.0
740	2257.5	1.0
750	2650.0	2.0
760	2492.0	0.0
770	2653.8333333333335	6.0
780	2388.0	3.0
790	2341.3333333333335	2.0
800	2115.5	1.0
810	1756.3333333333333	0.0
820	2142.3333333333335	1.0
830	2444.6666666666665	0.0
840	2253.6666666666665	1.0
850	2507.8333333333335	2.0
860	2453.3333333333335	4.0
870	2136.3333333333335	4.0
880	2561.6666666666665	0.0
890	2427.0	0.0
900	2444.0	1.0
910	2063.0	6.0
920	1934.8333333333333	2.0
930	1841.0	5.0
940	1816.8333333333333	0.0
950	2485.0	3.0
960	2294.6666666666665	0.0
970	1843.0	2.0
980	2089.8333333333335	1.0
990	2303.6666666666665	2.0
1000	2436.6666666666665	5.0
