0	240.66666666666666	0.0
10	70.0	1000.0
20	70.0	0.0
30	70.0	0.0
40	70.0	0.0
50	70.0	0.0
60	70.0	0.0
70	70.0	0.0
80	71.0	0.0
90	71.66666666666667	0.0
100	89.66666666666667	0.0
110	186.66666666666666	0.0
120	96.66666666666667	0.0
130	196.33333333333334	0.0
140	187.33333333333334	0.0
150	148.0	0.0
160	196.0	0.0
170	184.0	0.0
180	169.33333333333334	0.0
190	253.66666666666666	0.0
200	140.33333333333334	0.0
210	141.33333333333334	0.0
220	132.66666666666666	0.0
230	288.0	0.0
240	512.6666666666666	0.0
250	469.0	0.0
260	368.0	0.0
270	357.3333333333333	0.0
280	399.6666666666667	0.0
290	437.0	0.0
300	823.6666666666666	0.0
310	772.3333333333334	0.0
320	693.6666666666666	0.0
330	777.6666666666666	0.0
340	662.3333333333334	0.0
350	1594.6666666666667	0.0
360	1325.6666666666667	0.0
370	1387.6666666666667	0.0
380	1750.5	0.0
390	1784.3333333333333	0.0
400	1983.3333333333333	0.0
410	1731.8333333333333	0.0
420	2017.5	0.0
430	1876.5	0.0
440	1784.0	0.0
450	1806.8333333333333	0.0
460	2102.0	0.0
470	1950.3333333333333	0.0
480	1532.3333333333333	0.0
490	1699.0	0.0
500	1742.0	0.0
510	1969.0	0.0
520	1854.8333333333333	0.0
530	1596.8333333333333	0.0
540	1784.8333333333333	0.0
550	1674.8333333333333	0.0
560	1970.1666666666667	0.0
570	1743.3333333333333	0.0
580	1510.0	0.0
590	1604.6666666666667	0.0
600	1895.0	0.0
610	1914.3333333333333	0.0
620	2056.1666666666665	0.0
630	1917.1666666666667	0.0
640	2029.6666666666667	0.0
650	1698.6666666666667	0.0
660	1423.8333333333333	0.0
670	2071.6666666666665	0.0
680	2028.6666666666667	0.0
690	1564.6666666666667	0.0
700	2078.8333333333335	0.0
710	1901.6666666666667	0.0
720	1493.8333333333333	0.0
730	1724.8333333333333	0.0
740	1640.3333333333333	0.0
750	1715.1666666666667	0.0
760	2221.3333333333335	0.0
770	1775.3333333333333	0.0
780	1523.6666666666667	0.0
790	1875.3333333333333	0.0
800	1522.0	0.0
810	1637.0	0.0
820	1656.5	0.0
830	1904.5	0.0
840	1754.5	0.0
850	1556.0	0.0
860	1704.5	0.0
870	2295.0	0.0
880	2337.5	0.0
890	2235.6666666666665	0.0
900	2296.1666666666665	0.0
910	2439.3333333333335	0.0
920	2589.5	0.0
930	2519.5	0.0
940	2420.3333333333335	0.0
950	2533.8333333333335	0.0
960	2615.1666666666665	0.0
970	2205.3333333333335	0.0
980	2438.3333333333335	0.0
990	2176.3333333333335	0.0
1000	2327.0	0.0
