0	255.33333333333334	0.0
10	70.0	1000.0
20	70.0	0.0
30	70.0	0.0
40	70.0	0.0
50	70.0	0.0
60	70.0	0.0
70	70.0	0.0
80	72.33333333333333	0.0
90	75.33333333333333	0.0
100	77.66666666666667	0.0
110	182.0	0.0
120	215.33333333333334	0.0
130	92.0	0.0
140	295.6666666666667	0.0
150	181.0	0.0
160	116.66666666666667	0.0
170	286.6666666666667	0.0
180	164.0	0.0
190	409.3333333333333	0.0
200	293.6666666666667	0.0
210	249.33333333333334	0.0
220	166.0	0.0
230	300.6666666666667	0.0
240	306.0	0.0
250	406.3333333333333	0.0
260	347.6666666666667	0.0
270	434.3333333333333	0.0
280	370.0	0.0
290	419.6666666666667	0.0
300	397.0	0.0
310	470.6666666666667	0.0
320	454.3333333333333	0.0
330	558.3333333333334	0.0
340	590.0	0.0
350	728.3333333333334	0.0
360	1096.3333333333333	0.0
370	1516.5	0.0
380	2127.3333333333335	0.0
390	1861.3333333333333	0.0
400	1501.0	0.0
410	1768.0	0.0
420	1379.1666666666667	0.0
430	1337.3333333333333	0.0
440	2458.3333333333335	0.0
450	2272.3333333333335	0.0
460	2102.0	0.0
470	2055.3333333333335	0.0
480	1919.0	0.0
490	2334.6666666666665	0.0
500	2531.6666666666665	0.0
510	2368.3333333333335	0.0
520	2385.5	0.0
530	2431.0	0.0
540	2426.0	0.0
550	2323.5	0.0
560	2315.8333333333335	0.0
570	2492.0	0.0
580	2543.6666666666665	0.0
590	2328.6666666666665	0.0
600	2313.3333333333335	0.0
610	2557.1666666666665	0.0
620	2390.6666666666665	0.0
630	2224.1666666666665	0.0
640	1986.8333333333333	0.0
650	1704.0	0.0
660	2269.8333333333335	0.0
670	1790.0	0.0
680	1522.0	0.0
690	1972.0	0.0
700	2288.6666666666665	0.0
710	1911.3333333333333	0.0
720	1873.0	0.0
730	1805.3333333333333	0.0
740	2055.6666666666665	0.0
750	1686.8333333333333	0.0
760	1838.0	0.0
770	2214.6666666666665	0.0
780	2298.3333333333335	0.0
790	2373.0	0.0
800	2308.3333333333335	0.0
810	2392.6666666666665	0.0
820	2130.8333333333335	0.0
830	2032.6666666666667	0.0
840	1704.3333333333333	0.0
850	1998.1666666666667	0.0
860	1756.3333333333333	0.0
870	1495.1666666666667	0.0
880	2423.0	0.0
890	2040.8333333333333	0.0
900	2049.8333333333335	0.0
910	1859.8333333333333	0.0
920	1849.5	0.0
930	2635.3333333333335	0.0
940	2517.3333333333335	0.0
950	2452.6666666666665	0.0
960	2330.8333333333335	0.0
970	2587.5	0.0
980	1611.0	0.0
990	2146.5	0.0
1000	1809.3333333333333	0.0
