0	260.6666666666667	0.0
10	70.0	0.0
20	70.0	0.0
30	70.0	0.0
40	70.0	0.0
50	70.0	0.0
60	70.0	0.0
70	70.0	0.0
80	71.33333333333333	0.0
90	70.66666666666667	0.0
100	75.33333333333333	0.0
110	178.0	0.0
120	432.3333333333333	0.0
130	165.0	0.0
140	108.66666666666667	0.0
150	172.66666666666666	0.0
160	363.0	0.0
170	271.6666666666667	0.0
180	141.33333333333334	0.0
190	360.6666666666667	0.0
200	288.3333333333333	0.0
210	409.0	0.0
220	287.6666666666667	0.0
230	242.66666666666666	0.0
240	347.6666666666667	0.0
250	416.0	0.0
260	387.0	0.0
270	344.6666666666667	0.0
280	761.0	0.0
290	837.6666666666666	0.0
300	1073.0	0.0
310	847.3333333333334	0.0
320	1058.0	0.0
330	2138.0	0.0
340	2761.6666666666665	0.0
350	2489.6666666666665	0.0
360	2341.3333333333335	0.0
370	2379.0	0.0
380	2603.6666666666665	0.0
390	2383.0	0.0
400	2697.5	0.0
410	2447.3333333333335	0.0
420	2509.0	0.0
430	2090.6666666666665	0.0
440	2603.6666666666665	0.0
450	2339.8333333333335	0.0
460	1912.3333333333333	0.0
470	2076.1666666666665	0.0
480	1491.6666666666667	0.0
490	2297.0	0.0
500	2274.0	0.0
510	1819.3333333333333	0.0
520	1732.6666666666667	0.0
530	1807.0	0.0
540	2089.6666666666665	0.0
550	1747.1666666666667	0.0
560	2066.3333333333335	0.0
570	1913.0	0.0
580	1415.0	0.0
590	1433.3333333333333	0.0
600	1373.3333333333333	0.0
