0	302.3333333333333	0.0
10	70.0	0.0
20	70.0	0.0
30	70.0	0.0
40	70.0	0.0
50	70.0	0.0
60	70.0	0.0
70	70.0	0.0
80	70.33333333333333	0.0
90	71.66666666666667	0.0
100	75.33333333333333	0.0
110	162.66666666666666	0.0
120	74.66666666666667	0.0
130	187.33333333333334	0.0
140	309.0	0.0
150	197.0	0.0
160	120.33333333333333	0.0
170	182.66666666666666	0.0
180	181.0	0.0
190	376.3333333333333	0.0
200	350.3333333333333	0.0
210	295.3333333333333	0.0
220	385.6666666666667	0.0
230	303.6666666666667	0.0
240	344.0	0.0
250	248.0	0.0
260	312.6666666666667	0.0
270	337.0	0.0
280	398.0	0.0
290	479.6666666666667	0.0
300	592.0	0.0
310	774.3333333333334	0.0
320	595.0	0.0
330	1262.8333333333333	0.0
340	1355.8333333333333	0.0
350	1348.6666666666667	0.0
360	1358.6666666666667	0.0
370	2311.1666666666665	0.0
380	1342.3333333333333	0.0
390	2447.0	0.0
400	2406.0	0.0
410	2378.3333333333335	0.0
420	2514.0	0.0
430	2118.5	0.0
440	2405.0	0.0
450	2332.6666666666665	0.0
460	2483.5	0.0
470	2070.0	0.0
480	2126.3333333333335	0.0
490	2359.0	0.0
500	2472.6666666666665	0.0
510	2363.5	0.0
520	2376.3333333333335	0.0
530	2642.0	0.0
540	2555.0	0.0
550	2276.6666666666665	0.0
560	2512.5	0.0
570	2398.6666666666665	0.0
580	1871.8333333333333	0.0
590	1709.1666666666667	0.0
600	2069.6666666666665	0.0
