0	273.3333333333333	0.0
10	128.66666666666666	613.0
20	129.0	387.0
30	146.66666666666666	0.0
40	70.0	0.0
50	1715.6666666666667	0.0
60	1206.6666666666667	0.0
70	1557.3333333333333	0.0
80	1687.3333333333333	0.0
90	1751.5	0.0
100	2250.6666666666665	0.0
110	2383.6666666666665	0.0
120	2220.0	0.0
130	2188.3333333333335	0.0
140	2538.3333333333335	0.0
150	2383.8333333333335	0.0
160	2368.3333333333335	0.0
170	2233.6666666666665	0.0
180	2472.3333333333335	0.0
190	2251.8333333333335	0.0
200	2427.3333333333335	0.0
210	2692.0	0.0
220	2156.5	0.0
230	2300.3333333333335	0.0
240	2602.0	0.0
250	2335.3333333333335	0.0
260	2430.8333333333335	0.0
270	2211.5	0.0
280	2348.3333333333335	0.0
290	2416.8333333333335	0.0
300	2493.1666666666665	0.0
310	2236.6666666666665	0.0
320	1635.0	0.0
330	2594.3333333333335	0.0
340	2469.8333333333335	0.0
350	2368.0	0.0
360	2434.3333333333335	0.0
370	2472.6666666666665	0.0
380	2332.1666666666665	0.0
390	2485.0	0.0
400	2436.6666666666665	0.0
410	2273.5	0.0
420	1773.6666666666667	0.0
430	1967.0	0.0
440	2022.6666666666667	0.0
450	2054.0	0.0
460	1993.3333333333333	0.0
470	2229.5	0.0
480	1570.6666666666667	0.0
490	1761.8333333333333	0.0
500	2501.0	0.0
510	2048.0	0.0
520	2013.8333333333333	0.0
530	2185.6666666666665	0.0
540	1983.5	0.0
550	1706.6666666666667	0.0
560	2495.3333333333335	0.0
570	2216.6666666666665	0.0
580	2396.0	0.0
590	2448.0	0.0
600	2373.0	0.0
610	1738.6666666666667	0.0
620	2013.3333333333333	0.0
630	1924.6666666666667	0.0
640	1759.5	0.0
650	1892.6666666666667	0.0
660	2599.1666666666665	0.0
670	1784.3333333333333	0.0
680	2338.6666666666665	0.0
690	2427.5	0.0
700	2542.3333333333335	0.0
710	2290.1666666666665	0.0
720	2413.6666666666665	0.0
730	2559.0	0.0
740	2365.6666666666665	0.0
750	2267.1666666666665	0.0
760	2633.5	0.0
770	2507.0	0.0
780	2618.3333333333335	0.0
790	2710.5	0.0
800	2601.3333333333335	0.0
810	2238.5	0.0
820	2289.3333333333335	0.0
830	2541.5	0.0
840	1959.5	0.0
850	1751.6666666666667	0.0
860	1702.8333333333333	0.0
870	1961.6666666666667	0.0
880	2363.1666666666665	0.0
890	2128.6666666666665	0.0
900	2302.5	0.0
910	2093.0	0.0
920	1893.6666666666667	0.0
930	2197.3333333333335	0.0
940	2091.1666666666665	0.0
950	2049.3333333333335	0.0
960	2126.0	0.0
970	2205.3333333333335	0.0
980	2327.6666666666665	0.0
990	2319.0	0.0
1000	1952.0	0.0
