0	245.66666666666666	0.0
10	143.0	781.0
20	141.66666666666666	219.0
30	1443.3333333333333	0.0
40	1849.6666666666667	0.0
50	1714.3333333333333	0.0
60	2210.3333333333335	0.0
70	2214.5	0.0
80	2159.0	0.0
90	2007.6666666666667	0.0
100	2286.3333333333335	0.0
110	2314.5	0.0
120	2559.0	0.0
130	2199.0	0.0
140	2375.6666666666665	0.0
150	2412.0	0.0
160	2310.6666666666665	0.0
170	1850.0	0.0
180	2484.0	0.0
190	2465.8333333333335	0.0
200	2263.8333333333335	0.0
210	2307.6666666666665	0.0
220	1866.3333333333333	0.0
230	2051.3333333333335	0.0
240	2462.8333333333335	0.0
250	2435.0	0.0
260	2468.3333333333335	0.0
270	2489.5	0.0
280	1619.5	0.0
290	2709.6666666666665	0.0
300	2703.0	0.0
310	2454.3333333333335	0.0
320	2689.0	0.0
330	2691.6666666666665	0.0
340	2447.6666666666665	0.0
350	2469.6666666666665	0.0
360	2519.3333333333335	0.0
370	2229.6666666666665	0.0
380	2294.3333333333335	0.0
390	2469.8333333333335	0.0
400	2550.3333333333335	0.0
410	2492.5	0.0
420	2388.0	0.0
430	2646.3333333333335	0.0
440	1813.8333333333333	0.0
450	2446.0	0.0
460	1601.1666666666667	0.0
470	1835.8333333333333	0.0
480	1779.1666666666667	0.0
490	1893.8333333333333	0.0
500	1929.5	0.0
510	1896.3333333333333	0.0
520	2415.0	0.0
530	2380.8333333333335	0.0
540	2069.8333333333335	0.0
550	2102.6666666666665	0.0
560	1955.0	0.0
570	2464.5	0.0
580	2649.0	0.0
590	1985.0	0.0
600	1716.3333333333333	0.0
610	2563.8333333333335	0.0
620	2145.3333333333335	0.0
630	1737.6666666666667	0.0
640	2387.8333333333335	0.0
650	2192.8333333333335	0.0
660	2305.3333333333335	0.0
670	2704.1666666666665	0.0
680	2573.6666666666665	0.0
690	2411.6666666666665	0.0
700	2673.6666666666665	0.0
710	2284.3333333333335	0.0
720	2265.0	0.0
730	1985.5	0.0
740	1899.0	0.0
750	2266.0	0.0
760	2005.0	0.0
770	2234.6666666666665	0.0
780	2751.5	0.0
790	2445.5	0.0
800	2036.1666666666667	0.0
810	2403.0	0.0
820	2088.0	0.0
830	2157.6666666666665	0.0
840	1748.8333333333333	0.0
850	2197.3333333333335	0.0
860	2160.1666666666665	0.0
870	2196.6666666666665	0.0
880	2489.1666666666665	0.0
890	2414.0	0.0
900	2364.6666666666665	0.0
910	2391.0	0.0
920	2250.6666666666665	0.0
930	2426.3333333333335	0.0
940	1868.8333333333333	0.0
950	1677.0	0.0
960	2313.0	0.0
970	1814.0	0.0
980	1937.5	0.0
990	2228.6666666666665	0.0
1000	2427.5	0.0
