0	227.0	0.0
10	130.66666666666666	234.0
20	117.33333333333333	356.0
30	97.66666666666667	410.0
40	496.0	0.0
50	236.66666666666666	0.0
60	618.3333333333334	0.0
70	1556.0	0.0
80	2015.0	0.0
90	2170.0	0.0
100	2366.0	0.0
110	1858.3333333333333	0.0
120	2089.0	0.0
130	2026.8333333333333	0.0
140	2335.0	0.0
150	2075.6666666666665	0.0
160	2303.5	0.0
170	2090.6666666666665	0.0
180	2167.3333333333335	0.0
190	2426.5	0.0
200	2328.3333333333335	0.0
210	2267.6666666666665	0.0
220	2465.3333333333335	0.0
230	2347.6666666666665	0.0
240	2331.0	0.0
250	2217.8333333333335	0.0
260	2558.6666666666665	0.0
270	2189.0	0.0
280	2456.0	0.0
290	2406.6666666666665	0.0
300	2361.6666666666665	0.0
310	2271.1666666666665	0.0
320	2486.5	0.0
330	2460.6666666666665	0.0
340	1512.8333333333333	0.0
350	1844.0	0.0
360	1668.3333333333333	0.0
370	1871.6666666666667	0.0
380	1715.3333333333333	0.0
390	1855.1666666666667	0.0
400	2151.0	0.0
410	1789.6666666666667	0.0
420	1992.3333333333333	0.0
430	2208.0	0.0
440	2213.0	0.0
450	2146.3333333333335	0.0
460	1789.5	0.0
470	2207.3333333333335	0.0
480	1930.6666666666667	0.0
490	1789.6666666666667	0.0
500	1955.3333333333333	0.0
510	2167.8333333333335	0.0
520	1773.0	0.0
530	2600.8333333333335	0.0
540	2410.6666666666665	0.0
550	2540.6666666666665	0.0
560	2259.6666666666665	0.0
570	2622.0	0.0
580	2414.6666666666665	0.0
590	2582.6666666666665	0.0
600	1996.3333333333333	0.0
610	1661.5	0.0
620	2462.0	0.0
630	2549.3333333333335	0.0
640	2183.0	0.0
650	2439.3333333333335	0.0
660	2153.3333333333335	0.0
670	2016.3333333333333	0.0
680	1847.5	0.0
690	1981.0	0.0
700	1753.0	0.0
710	1852.8333333333333	0.0
720	1942.3333333333333	0.0
730	2381.5	0.0
740	2280.0	0.0
750	2534.3333333333335	0.0
760	2525.3333333333335	0.0
770	1967.6666666666667	0.0
780	2334.5	0.0
790	2157.0	0.0
800	2111.1666666666665	0.0
810	2278.3333333333335	0.0
820	2340.6666666666665	0.0
830	2230.3333333333335	0.0
840	2516.0	0.0
850	2273.3333333333335	0.0
860	2396.8333333333335	0.0
870	2691.3333333333335	0.0
880	2649.6666666666665	0.0
890	2305.3333333333335	0.0
900	2407.3333333333335	0.0
910	2603.3333333333335	0.0
920	2506.1666666666665	0.0
930	2407.0	0.0
940	2501.6666666666665	0.0
950	2454.3333333333335	0.0
960	2425.6666666666665	0.0
970	2517.6666666666665	0.0
980	2358.3333333333335	0.0
990	1921.6666666666667	0.0
1000	2413.0	0.0
