0	248.66666666666666	0.0
10	85.33333333333333	621.0
20	76.66666666666667	388.0
30	70.0	0.0
40	70.0	0.0
50	70.0	0.0
60	70.0	0.0
70	70.0	0.0
80	70.0	0.0
90	70.0	0.0
100	70.66666666666667	0.0
110	151.0	0.0
120	213.33333333333334	0.0
130	1576.6666666666667	0.0
140	374.6666666666667	0.0
150	179.33333333333334	0.0
160	1259.1666666666667	0.0
170	1880.0	0.0
180	1180.6666666666667	0.0
190	1899.0	0.0
200	1952.6666666666667	0.0
210	2027.3333333333333	0.0
220	1733.0	0.0
230	1818.0	0.0
240	1895.3333333333333	0.0
250	2237.3333333333335	0.0
260	2111.6666666666665	0.0
270	2173.3333333333335	0.0
280	2104.3333333333335	0.0
290	2091.6666666666665	0.0
300	2112.6666666666665	0.0
310	2232.3333333333335	0.0
320	2585.6666666666665	0.0
330	2306.0	0.0
340	2379.1666666666665	0.0
350	2443.3333333333335	0.0
360	2166.3333333333335	0.0
370	2612.0	0.0
380	2744.1666666666665	0.0
390	2481.5	0.0
400	2560.0	0.0
410	2530.6666666666665	0.0
420	2483.6666666666665	0.0
430	2381.3333333333335	0.0
440	2297.6666666666665	0.0
450	2336.0	0.0
460	2339.3333333333335	0.0
470	2444.8333333333335	0.0
480	2588.3333333333335	0.0
490	2484.6666666666665	0.0
500	2503.0	0.0
510	2394.0	0.0
520	2413.3333333333335	0.0
530	2169.6666666666665	0.0
540	2489.0	0.0
550	2691.0	0.0
560	2593.3333333333335	0.0
570	2480.0	0.0
580	2367.6666666666665	0.0
590	2394.0	0.0
600	2442.5	0.0
610	2401.5	0.0
620	2596.5	0.0
630	2401.8333333333335	0.0
640	2471.0	0.0
650	2581.8333333333335	0.0
660	2583.6666666666665	0.0
670	2558.3333333333335	0.0
680	2601.6666666666665	0.0
690	2011.0	0.0
700	2065.6666666666665	0.0
710	1864.1666666666667	0.0
720	2501.3333333333335	0.0
730	1799.3333333333333	0.0
740	1980.8333333333333	0.0
750	2131.0	0.0
760	2146.1666666666665	0.0
770	1764.0	0.0
780	1925.1666666666667	0.0
790	1524.0	0.0
800	2090.6666666666665	0.0
