0	268.6666666666667	0.0
10	84.33333333333333	951.0
20	91.66666666666667	63.0
30	86.66666666666667	0.0
40	79.66666666666667	0.0
50	77.66666666666667	0.0
60	70.0	0.0
70	70.0	0.0
80	70.0	0.0
90	70.0	0.0
100	70.0	0.0
110	70.0	0.0
120	71.33333333333333	0.0
130	72.0	0.0
140	135.0	0.0
150	234.33333333333334	0.0
160	1018.0	0.0
170	747.3333333333334	0.0
180	544.0	0.0
190	1062.6666666666667	0.0
200	288.3333333333333	0.0
210	370.6666666666667	0.0
220	1505.6666666666667	0.0
230	1872.0	0.0
240	1866.6666666666667	0.0
250	1687.6666666666667	0.0
260	2194.0	0.0
270	2105.6666666666665	0.0
280	1969.3333333333333	0.0
290	1998.6666666666667	0.0
300	2031.3333333333333	0.0
310	2281.0	0.0
320	2428.0	0.0
330	2122.0	0.0
340	2120.6666666666665	0.0
350	1997.3333333333333	0.0
360	1813.1666666666667	0.0
370	2346.0	0.0
380	2470.5	0.0
390	2396.8333333333335	0.0
400	2517.3333333333335	0.0
410	2365.0	0.0
420	1884.0	0.0
430	2055.1666666666665	0.0
440	2472.3333333333335	0.0
450	1872.0	0.0
460	2429.8333333333335	0.0
470	2541.3333333333335	0.0
480	2501.6666666666665	0.0
490	2487.5	0.0
500	2616.0	0.0
510	2806.0	0.0
520	2232.3333333333335	0.0
530	2638.5	0.0
540	2439.1666666666665	0.0
550	2704.8333333333335	0.0
560	2629.3333333333335	0.0
570	2043.3333333333333	0.0
580	2415.0	0.0
590	2465.6666666666665	0.0
600	2424.3333333333335	0.0
610	2630.8333333333335	0.0
620	2431.5	0.0
630	2371.8333333333335	0.0
640	3135.0	0.0
650	2037.6666666666667	0.0
660	2728.6666666666665	0.0
670	2550.0	0.0
680	2408.6666666666665	0.0
690	2434.0	0.0
700	2511.8333333333335	0.0
710	2415.6666666666665	0.0
720	2328.8333333333335	0.0
730	2330.3333333333335	0.0
740	2655.3333333333335	0.0
750	2785.6666666666665	0.0
760	2605.8333333333335	0.0
770	2689.3333333333335	0.0
780	2556.1666666666665	0.0
790	2770.0	0.0
800	2647.5	0.0
