0	257.6666666666667	0.0
10	70.0	0.0
20	70.0	0.0
30	70.0	0.0
40	70.0	0.0
50	70.0	0.0
60	70.0	0.0
70	70.0	0.0
80	70.0	0.0
90	70.0	0.0
100	70.0	0.0
110	70.0	0.0
120	70.0	0.0
130	70.0	0.0
140	70.0	0.0
150	70.0	0.0
160	70.0	0.0
170	70.0	0.0
180	70.0	0.0
190	72.0	0.0
200	71.0	0.0
210	70.33333333333333	0.0
220	71.66666666666667	0.0
230	73.0	0.0
240	103.66666666666667	0.0
250	170.0	0.0
260	211.66666666666666	0.0
270	130.0	0.0
280	142.33333333333334	0.0
290	176.0	0.0
300	160.66666666666666	6.0
310	139.0	29.0
320	163.66666666666666	11.0
330	210.0	0.0
340	194.0	1.0
350	130.0	20.0
360	130.66666666666666	16.0
370	172.33333333333334	24.0
380	159.66666666666666	11.0
390	306.0	147.0
400	249.33333333333334	41.0
410	515.3333333333334	30.0
420	910.0	43.0
430	925.0	74.0
440	794.0	27.0
450	1373.8333333333333	54.0
460	1190.6666666666667	137.0
470	1385.6666666666667	212.0
480	1760.3333333333333	195.0
490	1490.6666666666667	232.0
500	1702.6666666666667	59.0
510	2036.3333333333333	101.0
520	2230.0	38.0
530	2069.3333333333335	71.0
540	2097.6666666666665	118.0
550	2293.6666666666665	101.0
560	2151.0	136.0
570	2434.0	140.0
580	2477.0	84.0
590	2318.6666666666665	152.0
600	2299.0	149.0
610	2163.3333333333335	129.0
620	2415.6666666666665	53.0
630	2473.8333333333335	26.0
640	2341.6666666666665	74.0
650	2247.0	145.0
660	2261.6666666666665	194.0
670	2511.3333333333335	129.0
680	2578.3333333333335	68.0
690	2351.1666666666665	65.0
700	2439.5	160.0
710	2587.0	284.0
720	1963.0	247.0
730	2678.1666666666665	62.0
740	2670.6666666666665	238.0
750	2685.1666666666665	124.0
760	2729.5	66.0
770	2648.0	69.0
780	2689.6666666666665	86.0
790	2545.1666666666665	42.0
800	2659.3333333333335	191.0
