0	318.0	0.0
10	70.0	0.0
20	70.0	0.0
30	70.0	0.0
40	70.0	0.0
50	70.0	0.0
60	70.0	0.0
70	70.0	0.0
80	70.0	0.0
90	70.0	0.0
100	70.0	0.0
110	70.0	0.0
120	70.0	0.0
130	70.0	0.0
140	70.0	0.0
150	70.0	0.0
160	70.0	0.0
170	70.0	0.0
180	70.66666666666667	0.0
190	70.0	0.0
200	72.33333333333333	0.0
210	85.33333333333333	0.0
220	73.33333333333333	0.0
230	74.33333333333333	0.0
240	118.33333333333333	0.0
250	165.33333333333334	0.0
260	221.0	2.0
270	155.33333333333334	0.0
280	181.0	0.0
290	190.0	0.0
300	146.33333333333334	42.0
310	147.33333333333334	0.0
320	147.33333333333334	0.0
330	130.0	30.0
340	154.66666666666666	0.0
350	188.33333333333334	39.0
360	139.33333333333334	0.0
370	138.0	6.0
380	130.0	0.0
390	199.33333333333334	1.0
400	360.0	49.0
410	532.3333333333334	103.0
420	684.0	101.0
430	637.0	26.0
440	650.0	35.0
450	1232.0	57.0
460	1952.5	201.0
470	1259.3333333333333	91.0
480	1877.0	163.0
490	1807.6666666666667	122.0
500	1602.0	128.0
510	1992.6666666666667	253.0
520	2231.3333333333335	87.0
530	1636.0	176.0
540	1646.3333333333333	199.0
550	1984.0	241.0
560	1831.6666666666667	224.0
570	1623.6666666666667	120.0
580	2398.0	49.0
590	2142.8333333333335	86.0
600	2332.1666666666665	117.0
610	2264.1666666666665	141.0
620	2456.8333333333335	122.0
630	2338.5	207.0
640	2383.5	88.0
650	2166.6666666666665	77.0
660	2377.3333333333335	94.0
670	2716.5	27.0
680	2419.1666666666665	135.0
690	2528.3333333333335	130.0
700	2645.8333333333335	85.0
710	2656.3333333333335	133.0
720	2437.3333333333335	132.0
730	2572.8333333333335	145.0
740	2514.0	59.0
750	2691.6666666666665	138.0
760	2627.0	83.0
770	2474.1666666666665	109.0
780	2690.5	90.0
790	2642.6666666666665	105.0
800	2646.8333333333335	195.0
