0	270.3333333333333	0.0
10	70.0	0.0
20	70.0	0.0
30	70.0	0.0
40	70.0	0.0
50	70.0	0.0
60	70.0	0.0
70	70.0	0.0
80	70.0	0.0
90	70.0	0.0
100	70.0	0.0
110	70.0	0.0
120	70.0	0.0
130	70.0	0.0
140	70.0	0.0
150	70.0	0.0
160	70.0	0.0
170	70.0	0.0
180	70.0	0.0
190	71.0	0.0
200	72.0	0.0
210	73.0	0.0
220	77.33333333333333	0.0
230	73.33333333333333	0.0
240	90.33333333333333	0.0
250	73.66666666666667	0.0
260	99.0	0.0
270	213.66666666666666	0.0
280	247.0	0.0
290	212.66666666666666	0.0
300	226.66666666666666	37.0
310	188.66666666666666	0.0
320	152.66666666666666	0.0
330	131.33333333333334	0.0
340	163.33333333333334	0.0
350	156.33333333333334	0.0
360	179.33333333333334	0.0
370	146.0	28.0
380	179.33333333333334	0.0
390	145.66666666666666	0.0
400	260.0	16.0
410	387.0	0.0
420	316.6666666666667	0.0
430	220.0	36.0
440	165.33333333333334	28.0
450	295.0	19.0
460	304.3333333333333	22.0
470	346.6666666666667	9.0
480	840.6666666666666	1.0
490	831.6666666666666	75.0
500	573.0	130.0
510	1177.3333333333333	208.0
520	1143.0	56.0
530	1399.0	120.0
540	1217.6666666666667	46.0
550	1710.3333333333333	116.0
560	1852.6666666666667	128.0
570	2171.1666666666665	130.0
580	1608.6666666666667	104.0
590	2362.3333333333335	95.0
600	2178.6666666666665	159.0
610	2181.6666666666665	194.0
620	2583.0	141.0
630	2520.8333333333335	158.0
640	2643.6666666666665	156.0
650	2228.3333333333335	155.0
660	2209.0	160.0
670	2192.6666666666665	157.0
680	1938.0	172.0
690	2270.3333333333335	83.0
700	1926.8333333333333	78.0
710	2351.6666666666665	54.0
720	2155.5	154.0
730	2282.3333333333335	106.0
740	2271.6666666666665	160.0
750	2696.1666666666665	115.0
760	2508.5	204.0
770	2496.8333333333335	104.0
780	2683.6666666666665	84.0
790	2293.0	157.0
800	2308.1666666666665	156.0
