0	247.33333333333334	0.0
10	70.0	0.0
20	70.0	0.0
30	70.0	0.0
40	70.0	0.0
50	70.0	0.0
60	70.0	0.0
70	70.0	0.0
80	70.0	0.0
90	70.0	0.0
100	70.0	0.0
110	70.0	0.0
120	70.0	0.0
130	70.0	0.0
140	70.0	0.0
150	70.0	0.0
160	70.0	0.0
170	70.0	0.0
180	70.33333333333333	0.0
190	71.33333333333333	0.0
200	70.66666666666667	0.0
210	71.0	0.0
220	83.33333333333333	0.0
230	72.0	0.0
240	89.0	0.0
250	73.33333333333333	0.0
260	266.0	0.0
270	220.33333333333334	0.0
280	266.6666666666667	0.0
290	256.6666666666667	0.0
300	191.33333333333334	0.0
310	147.33333333333334	0.0
320	189.0	0.0
330	147.33333333333334	0.0
340	222.66666666666666	0.0
350	148.33333333333334	0.0
360	170.33333333333334	0.0
370	218.66666666666666	0.0
380	146.33333333333334	0.0
390	163.66666666666666	0.0
400	146.66666666666666	0.0
410	225.66666666666666	0.0
420	342.3333333333333	0.0
430	302.0	0.0
440	625.0	0.0
450	625.6666666666666	0.0
460	559.3333333333334	0.0
470	751.6666666666666	0.0
480	922.6666666666666	0.0
490	1266.0	0.0
500	1181.0	0.0
510	1439.3333333333333	0.0
520	1628.0	0.0
530	1493.0	0.0
540	1647.5	0.0
550	1893.0	0.0
560	1709.3333333333333	0.0
570	2247.6666666666665	0.0
580	2057.0	0.0
590	2203.0	0.0
600	2153.3333333333335	0.0
