0	242.66666666666666	0.0
10	70.0	1000.0
20	70.0	0.0
30	70.0	0.0
40	70.0	0.0
50	70.0	0.0
60	70.0	0.0
70	70.0	0.0
80	70.0	0.0
90	70.0	0.0
100	70.0	0.0
110	70.0	0.0
120	70.0	0.0
130	70.0	0.0
140	70.0	0.0
150	70.33333333333333	0.0
160	70.0	0.0
170	77.66666666666667	0.0
180	80.0	0.0
190	83.66666666666667	0.0
200	71.66666666666667	0.0
210	125.66666666666667	0.0
220	72.0	0.0
230	197.66666666666666	0.0
240	127.33333333333333	0.0
250	222.0	0.0
260	172.0	0.0
270	182.33333333333334	0.0
280	147.66666666666666	0.0
290	153.66666666666666	0.0
300	154.66666666666666	0.0
310	147.33333333333334	0.0
320	253.33333333333334	0.0
330	193.66666666666666	0.0
340	253.66666666666666	0.0
350	306.0	0.0
360	179.33333333333334	0.0
370	334.0	0.0
380	158.66666666666666	0.0
390	167.0	0.0
400	225.66666666666666	0.0
410	313.0	0.0
420	382.6666666666667	0.0
430	920.6666666666666	0.0
440	735.6666666666666	0.0
450	799.3333333333334	0.0
460	1030.6666666666667	0.0
470	1090.0	0.0
480	1456.3333333333333	0.0
490	1271.6666666666667	0.0
500	1452.0	0.0
510	1755.0	0.0
520	1662.3333333333333	0.0
530	1874.6666666666667	0.0
540	2389.8333333333335	0.0
550	2248.3333333333335	0.0
560	2288.6666666666665	0.0
570	2134.3333333333335	0.0
580	2292.0	0.0
590	2038.3333333333333	0.0
600	2188.0	0.0
610	2262.0	0.0
620	2217.3333333333335	0.0
630	2335.3333333333335	0.0
640	2226.3333333333335	0.0
650	2306.8333333333335	0.0
660	2531.0	0.0
670	2144.6666666666665	0.0
680	2316.6666666666665	0.0
690	2570.0	0.0
700	2240.0	0.0
710	2561.0	0.0
720	2588.6666666666665	0.0
730	2792.6666666666665	0.0
740	2587.0	0.0
750	2524.6666666666665	0.0
760	2528.3333333333335	0.0
770	2428.6666666666665	0.0
780	2431.6666666666665	0.0
790	2391.3333333333335	0.0
800	2686.0	0.0
810	2617.8333333333335	0.0
820	2692.8333333333335	0.0
830	2234.1666666666665	0.0
840	2518.1666666666665	0.0
850	2509.6666666666665	0.0
860	2698.0	0.0
870	2514.0	0.0
880	2521.8333333333335	0.0
890	2652.8333333333335	0.0
900	2492.1666666666665	0.0
910	2619.3333333333335	0.0
920	2612.3333333333335	0.0
930	2666.0	0.0
940	2570.6666666666665	0.0
950	2568.6666666666665	0.0
960	2642.1666666666665	0.0
970	2615.6666666666665	0.0
980	2527.0	0.0
990	2664.6666666666665	0.0
1000	2517.8333333333335	0.0
