0	277.3333333333333	0.0
10	70.0	1000.0
20	70.0	0.0
30	70.0	0.0
40	70.0	0.0
50	70.0	0.0
60	70.0	0.0
70	70.0	0.0
80	70.0	0.0
90	70.0	0.0
100	70.0	0.0
110	70.0	0.0
120	70.0	0.0
130	70.0	0.0
140	70.0	0.0
150	70.33333333333333	0.0
160	72.33333333333333	0.0
170	70.0	0.0
180	71.0	0.0
190	70.0	0.0
200	70.33333333333333	0.0
210	73.33333333333333	0.0
220	140.0	0.0
230	608.0	0.0
240	791.0	0.0
250	334.6666666666667	0.0
260	189.33333333333334	0.0
270	330.6666666666667	0.0
280	154.33333333333334	0.0
290	154.33333333333334	0.0
300	171.0	0.0
310	147.0	0.0
320	138.0	0.0
330	270.6666666666667	0.0
340	361.0	0.0
350	546.3333333333334	0.0
360	540.3333333333334	0.0
370	479.3333333333333	0.0
380	843.6666666666666	0.0
390	775.3333333333334	0.0
400	861.3333333333334	0.0
410	1056.3333333333333	0.0
420	1227.0	0.0
430	1526.0	0.0
440	1305.5	0.0
450	1490.3333333333333	0.0
460	1418.0	0.0
470	1653.6666666666667	0.0
480	2035.1666666666667	0.0
490	1631.0	0.0
500	1557.6666666666667	0.0
510	1739.3333333333333	0.0
520	1771.3333333333333	0.0
530	1949.1666666666667	0.0
540	2207.5	0.0
550	2123.0	0.0
560	2479.6666666666665	0.0
570	2588.6666666666665	0.0
580	2364.3333333333335	0.0
590	2212.1666666666665	0.0
600	2457.3333333333335	0.0
610	2241.3333333333335	0.0
620	2450.0	0.0
630	2242.3333333333335	0.0
640	2435.5	0.0
650	2267.6666666666665	0.0
660	2387.0	0.0
670	2259.6666666666665	0.0
680	2441.6666666666665	0.0
690	2496.5	0.0
700	2625.8333333333335	0.0
710	2790.1666666666665	0.0
720	2391.0	0.0
730	2645.3333333333335	0.0
740	2518.0	0.0
750	2534.3333333333335	0.0
760	2519.1666666666665	0.0
770	2717.1666666666665	0.0
780	2504.0	0.0
790	2678.0	0.0
800	2735.8333333333335	0.0
810	2821.0	0.0
820	2657.8333333333335	0.0
830	2557.0	0.0
840	2641.5	0.0
850	2470.1666666666665	0.0
860	2607.1666666666665	0.0
870	2605.0	0.0
880	2695.1666666666665	0.0
890	2575.0	0.0
900	2479.6666666666665	0.0
910	2692.5	0.0
920	2623.0	0.0
930	2521.1666666666665	0.0
940	2547.5	0.0
950	2898.1666666666665	0.0
960	1579.3333333333333	0.0
970	1955.0	0.0
980	2580.6666666666665	0.0
990	2289.0	0.0
1000	2636.3333333333335	0.0
