0	245.0	0.0
10	70.0	1000.0
20	70.0	0.0
30	70.0	0.0
40	70.0	0.0
50	70.0	0.0
60	70.0	0.0
70	70.0	0.0
80	70.0	0.0
90	70.0	0.0
100	70.0	0.0
110	70.0	0.0
120	70.0	0.0
130	70.0	0.0
140	70.0	0.0
150	70.0	0.0
160	70.0	0.0
170	70.0	0.0
180	71.66666666666667	0.0
190	71.33333333333333	0.0
200	72.0	0.0
210	72.33333333333333	0.0
220	73.66666666666667	0.0
230	139.66666666666666	0.0
240	353.6666666666667	0.0
250	335.3333333333333	0.0
260	211.0	0.0
270	162.0	0.0
280	129.33333333333334	0.0
290	130.0	0.0
300	156.0	0.0
310	156.66666666666666	0.0
320	138.0	0.0
330	130.0	0.0
340	131.0	0.0
350	196.0	0.0
360	149.0	0.0
370	130.33333333333334	0.0
380	468.6666666666667	0.0
390	345.0	0.0
400	429.0	0.0
410	811.0	0.0
420	618.3333333333334	0.0
430	580.0	0.0
440	689.3333333333334	0.0
450	915.3333333333334	0.0
460	909.6666666666666	0.0
470	1075.3333333333333	0.0
480	1013.0	0.0
490	1560.3333333333333	0.0
500	1765.3333333333333	0.0
510	1952.3333333333333	0.0
520	2095.5	0.0
530	2319.3333333333335	0.0
540	1724.0	0.0
550	1362.3333333333333	0.0
560	1782.3333333333333	0.0
570	1798.0	0.0
580	2191.6666666666665	0.0
590	1878.3333333333333	0.0
600	2126.5	0.0
610	2332.6666666666665	0.0
620	1987.3333333333333	0.0
630	2048.3333333333335	0.0
640	2015.6666666666667	0.0
650	2402.3333333333335	0.0
660	2107.3333333333335	0.0
670	2012.6666666666667	0.0
680	2428.5	0.0
690	2861.1666666666665	0.0
700	2294.6666666666665	0.0
710	2518.3333333333335	0.0
720	2263.6666666666665	0.0
730	2435.0	0.0
740	2596.8333333333335	0.0
750	2790.8333333333335	0.0
760	2456.0	0.0
770	3027.6666666666665	0.0
780	2570.5	0.0
790	2299.3333333333335	0.0
800	2717.8333333333335	0.0
810	2534.3333333333335	0.0
820	2901.6666666666665	0.0
830	2573.5	0.0
840	2343.1666666666665	0.0
850	2394.6666666666665	0.0
860	2539.0	0.0
870	2499.6666666666665	0.0
880	2710.5	0.0
890	2769.1666666666665	0.0
900	2643.0	0.0
910	2623.0	0.0
920	2818.0	0.0
930	2635.5	0.0
940	2661.1666666666665	0.0
950	2619.3333333333335	0.0
960	2835.6666666666665	0.0
970	2515.0	0.0
980	2690.5	0.0
990	2560.0	0.0
1000	2706.5	0.0
