0	236.66666666666666	0.0
10	100.0	566.0
20	820.3333333333334	310.0
30	1511.3333333333333	140.0
40	1548.3333333333333	0.0
50	1417.3333333333333	0.0
60	1731.6666666666667	0.0
70	1716.6666666666667	0.0
80	1905.8333333333333	0.0
90	2376.0	0.0
100	2407.6666666666665	0.0
110	2241.6666666666665	0.0
120	2167.6666666666665	0.0
130	2217.0	0.0
140	2311.1666666666665	0.0
150	2450.6666666666665	0.0
160	2379.0	0.0
170	2358.5	0.0
180	1696.6666666666667	0.0
190	2180.3333333333335	0.0
200	2353.3333333333335	0.0
210	2507.3333333333335	0.0
220	2490.1666666666665	0.0
230	1881.6666666666667	0.0
240	2474.0	0.0
250	2185.3333333333335	0.0
260	2237.6666666666665	0.0
270	2399.3333333333335	0.0
280	2323.6666666666665	0.0
290	1407.0	0.0
300	1783.6666666666667	0.0
310	2487.1666666666665	0.0
320	2032.0	0.0
330	1779.0	0.0
340	1872.6666666666667	0.0
350	1899.6666666666667	0.0
360	1598.0	0.0
370	2133.1666666666665	0.0
380	1717.6666666666667	0.0
390	1762.6666666666667	0.0
400	2469.6666666666665	0.0
410	1816.6666666666667	0.0
420	1930.3333333333333	0.0
430	2130.8333333333335	0.0
440	2019.3333333333333	0.0
450	2242.0	0.0
460	1710.6666666666667	0.0
470	1977.8333333333333	0.0
480	1982.0	0.0
490	1880.3333333333333	0.0
500	2410.1666666666665	0.0
510	2699.8333333333335	0.0
520	1774.0	0.0
530	1748.6666666666667	0.0
540	2552.3333333333335	0.0
550	1886.1666666666667	0.0
560	2620.1666666666665	0.0
570	2413.8333333333335	0.0
580	1767.3333333333333	0.0
590	1876.5	0.0
600	2059.0	0.0
