0	249.33333333333334	0.0
10	458.6666666666667	370.0
20	1057.3333333333333	395.0
30	1274.3333333333333	246.0
40	1628.3333333333333	0.0
50	1842.0	0.0
60	2015.0	0.0
70	1957.1666666666667	0.0
80	2054.0	0.0
90	2297.8333333333335	0.0
100	2312.3333333333335	0.0
110	2189.6666666666665	0.0
120	2447.6666666666665	0.0
130	2356.0	0.0
140	2264.0	0.0
150	1952.6666666666667	0.0
160	2206.0	0.0
170	2589.5	0.0
180	2225.6666666666665	0.0
190	1644.0	0.0
200	2499.5	0.0
210	2608.5	0.0
220	2224.1666666666665	0.0
230	1956.3333333333333	0.0
240	2066.3333333333335	0.0
250	1658.0	0.0
260	1077.0	0.0
270	954.8333333333334	0.0
280	1410.0	0.0
290	1958.3333333333333	0.0
300	2019.0	0.0
310	1991.0	0.0
320	1777.8333333333333	0.0
330	1500.0	0.0
340	1878.8333333333333	0.0
350	1616.8333333333333	0.0
360	1560.6666666666667	0.0
370	2365.8333333333335	0.0
380	2442.5	0.0
390	2491.5	0.0
400	1904.6666666666667	0.0
410	2444.1666666666665	0.0
420	2171.3333333333335	0.0
430	2027.6666666666667	0.0
440	2358.0	0.0
450	1884.0	0.0
460	2037.6666666666667	0.0
470	2216.6666666666665	0.0
480	2200.3333333333335	0.0
490	2168.3333333333335	0.0
500	2320.8333333333335	0.0
510	1510.6666666666667	0.0
520	1807.6666666666667	0.0
530	2190.0	0.0
540	2042.6666666666667	0.0
550	2058.6666666666665	0.0
560	2414.1666666666665	0.0
570	2306.3333333333335	0.0
580	2411.0	0.0
590	2198.0	0.0
600	2509.8333333333335	0.0
