0	251.66666666666666	0.0
10	180.33333333333334	435.0
20	465.0	375.0
30	1511.6666666666667	195.0
40	1928.0	0.0
50	2126.3333333333335	0.0
60	2023.3333333333333	0.0
70	2014.0	0.0
80	2149.3333333333335	0.0
90	2533.0	0.0
100	2231.8333333333335	0.0
110	2560.0	0.0
120	2501.3333333333335	0.0
130	2212.3333333333335	0.0
140	2184.6666666666665	0.0
150	2454.0	0.0
160	2411.5	0.0
170	2402.3333333333335	0.0
180	2140.0	0.0
190	2294.6666666666665	0.0
200	2423.0	0.0
210	2031.3333333333333	0.0
220	1905.1666666666667	0.0
230	2444.6666666666665	0.0
240	1928.6666666666667	0.0
250	2027.1666666666667	0.0
260	1784.6666666666667	0.0
270	2143.5	0.0
280	2028.5	0.0
290	2168.6666666666665	0.0
300	1697.3333333333333	0.0
310	2297.5	0.0
320	2155.5	0.0
330	2101.0	0.0
340	1239.3333333333333	0.0
350	1502.5	0.0
360	2020.3333333333333	0.0
370	1872.3333333333333	0.0
380	1363.6666666666667	0.0
390	1738.5	0.0
400	1721.0	0.0
410	1944.5	0.0
420	2276.5	0.0
430	1537.0	0.0
440	2175.6666666666665	0.0
450	2033.1666666666667	0.0
460	1935.0	0.0
470	2019.6666666666667	0.0
480	2620.0	0.0
490	2156.6666666666665	0.0
500	2353.0	0.0
510	2295.0	0.0
520	2524.3333333333335	0.0
530	2395.5	0.0
540	2339.3333333333335	0.0
550	2420.3333333333335	0.0
560	2402.0	0.0
570	2301.0	0.0
580	2055.5	0.0
590	2399.6666666666665	0.0
600	2016.1666666666667	0.0
