0	233.0	0.0
10	70.0	0.0
20	70.0	0.0
30	70.0	0.0
40	70.0	0.0
50	70.0	0.0
60	70.0	0.0
70	70.0	0.0
80	70.0	0.0
90	75.33333333333333	0.0
100	82.66666666666667	0.0
110	114.66666666666667	0.0
120	72.66666666666667	0.0
130	171.33333333333334	0.0
140	161.0	0.0
150	310.3333333333333	0.0
160	254.33333333333334	0.0
170	506.0	0.0
180	378.3333333333333	0.0
190	336.0	0.0
200	380.0	0.0
210	159.66666666666666	0.0
220	169.33333333333334	0.0
230	458.3333333333333	0.0
240	432.0	0.0
250	356.3333333333333	0.0
260	241.66666666666666	0.0
270	293.0	0.0
280	514.6666666666666	0.0
290	433.6666666666667	0.0
300	458.0	0.0
310	476.0	0.0
320	422.6666666666667	0.0
330	374.0	0.0
340	569.6666666666666	0.0
350	786.1666666666666	0.0
360	1071.3333333333333	0.0
370	985.3333333333334	0.0
380	1074.6666666666667	0.0
390	1089.0	0.0
400	872.0	0.0
410	1996.0	0.0
420	1754.3333333333333	0.0
430	1523.8333333333333	0.0
440	1668.8333333333333	0.0
450	2246.6666666666665	0.0
460	1980.8333333333333	0.0
470	1838.3333333333333	0.0
480	2317.5	0.0
490	1719.5	0.0
500	1612.6666666666667	0.0
510	1860.1666666666667	0.0
520	1732.0	0.0
530	1490.3333333333333	0.0
540	1705.8333333333333	0.0
550	2083.5	0.0
560	1680.6666666666667	0.0
570	1808.1666666666667	0.0
580	1452.6666666666667	0.0
590	1750.6666666666667	0.0
600	1943.6666666666667	0.0
610	1821.3333333333333	0.0
620	1816.6666666666667	0.0
630	1404.6666666666667	0.0
640	1686.5	0.0
650	1171.0	0.0
660	1504.6666666666667	0.0
670	1868.1666666666667	0.0
680	1345.6666666666667	0.0
690	1614.6666666666667	0.0
700	1351.6666666666667	0.0
710	1820.3333333333333	0.0
720	1615.0	0.0
730	1771.1666666666667	0.0
740	1964.6666666666667	0.0
750	2307.0	0.0
760	2335.3333333333335	0.0
770	2487.3333333333335	0.0
780	2135.0	0.0
790	2362.6666666666665	0.0
800	2665.6666666666665	0.0
810	2532.3333333333335	0.0
820	2368.6666666666665	0.0
830	2335.6666666666665	0.0
840	2431.6666666666665	0.0
850	2375.6666666666665	0.0
860	2547.0	0.0
870	2416.0	0.0
880	2439.6666666666665	0.0
890	2481.0	0.0
900	2491.0	0.0
910	2459.0	0.0
920	2533.0	0.0
930	2221.5	0.0
940	2472.0	0.0
950	2289.3333333333335	0.0
960	2387.6666666666665	0.0
970	2540.1666666666665	0.0
980	2476.8333333333335	0.0
990	2286.6666666666665	0.0
1000	2557.5	0.0
