0	296.3333333333333	0.0
10	70.0	0.0
20	70.0	0.0
30	70.0	0.0
40	70.0	0.0
50	70.0	0.0
60	70.0	0.0
70	70.0	0.0
80	70.33333333333333	0.0
90	74.33333333333333	0.0
100	95.33333333333333	0.0
110	72.0	0.0
120	174.33333333333334	0.0
130	264.0	0.0
140	93.33333333333333	0.0
150	155.0	0.0
160	353.0	0.0
170	475.6666666666667	0.0
180	177.33333333333334	0.0
190	174.33333333333334	0.0
200	171.0	0.0
210	287.6666666666667	0.0
220	313.3333333333333	0.0
230	293.0	0.0
240	364.0	0.0
250	346.3333333333333	0.0
260	478.0	0.0
270	432.0	0.0
280	397.3333333333333	0.0
290	419.0	0.0
300	355.6666666666667	0.0
310	409.3333333333333	0.0
320	340.6666666666667	0.0
330	392.0	0.0
340	276.0	0.0
350	566.3333333333334	0.0
360	814.6666666666666	0.0
370	1094.6666666666667	0.0
380	917.0	0.0
390	904.1666666666666	0.0
400	1118.5	0.0
410	1519.8333333333333	0.0
420	1557.0	0.0
430	1566.0	0.0
440	2227.8333333333335	0.0
450	1508.0	0.0
460	1707.6666666666667	0.0
470	1454.3333333333333	0.0
480	1417.3333333333333	0.0
490	1757.0	0.0
500	2142.8333333333335	0.0
510	1535.0	0.0
520	1555.1666666666667	0.0
530	2046.8333333333333	0.0
540	2382.0	0.0
550	2115.3333333333335	0.0
560	1932.6666666666667	0.0
570	2273.0	0.0
580	2044.5	0.0
590	2164.1666666666665	0.0
600	2615.6666666666665	0.0
610	2179.0	0.0
620	2088.1666666666665	0.0
630	1662.8333333333333	0.0
640	1755.6666666666667	0.0
650	2007.0	0.0
660	1722.5	0.0
670	2153.6666666666665	0.0
680	2177.3333333333335	0.0
690	1741.8333333333333	0.0
700	2428.8333333333335	0.0
710	1708.5	0.0
720	2168.8333333333335	0.0
730	2064.8333333333335	0.0
740	2291.3333333333335	0.0
750	2475.5	0.0
760	2425.5	0.0
770	2484.0	0.0
780	2485.0	0.0
790	2422.8333333333335	0.0
800	2482.6666666666665	0.0
810	2544.0	0.0
820	2429.0	0.0
830	2363.0	0.0
840	1857.0	0.0
850	2204.0	0.0
860	2160.0	0.0
870	1774.6666666666667	0.0
880	1839.0	0.0
890	2123.3333333333335	0.0
900	1840.1666666666667	0.0
910	2064.3333333333335	0.0
920	2583.6666666666665	0.0
930	2016.6666666666667	0.0
940	2100.6666666666665	0.0
950	1956.6666666666667	0.0
960	1772.0	0.0
970	1863.5	0.0
980	1558.8333333333333	0.0
990	1801.3333333333333	0.0
1000	2187.1666666666665	0.0
