0	239.0	0.0
10	70.0	0.0
20	70.0	0.0
30	70.0	0.0
40	70.0	0.0
50	70.0	0.0
60	70.0	0.0
70	70.0	0.0
80	70.33333333333333	0.0
90	87.66666666666667	0.0
100	92.33333333333333	0.0
110	177.66666666666666	0.0
120	74.66666666666667	0.0
130	135.66666666666666	0.0
140	346.6666666666667	0.0
150	212.0	0.0
160	114.66666666666667	0.0
170	435.0	0.0
180	148.33333333333334	0.0
190	290.6666666666667	0.0
200	280.3333333333333	0.0
210	202.0	0.0
220	272.3333333333333	0.0
230	338.0	0.0
240	254.66666666666666	0.0
250	268.0	0.0
260	407.0	0.0
270	413.0	0.0
280	555.0	0.0
290	543.3333333333334	0.0
300	391.3333333333333	0.0
310	491.3333333333333	0.0
320	572.3333333333334	0.0
330	649.3333333333334	0.0
340	703.3333333333334	0.0
350	1340.3333333333333	0.0
360	1276.3333333333333	0.0
370	1169.6666666666667	0.0
380	1497.1666666666667	0.0
390	968.0	0.0
400	1112.6666666666667	0.0
410	1506.1666666666667	0.0
420	1822.0	0.0
430	1615.5	0.0
440	1401.3333333333333	0.0
450	1931.8333333333333	0.0
460	1716.0	0.0
470	1737.8333333333333	0.0
480	1668.8333333333333	0.0
490	1812.5	0.0
500	1606.6666666666667	0.0
510	1524.6666666666667	0.0
520	1688.1666666666667	0.0
530	1660.8333333333333	0.0
540	1855.1666666666667	0.0
550	2137.1666666666665	0.0
560	1740.6666666666667	0.0
570	1705.5	0.0
580	1787.1666666666667	0.0
590	1741.5	0.0
600	1572.1666666666667	0.0
610	1822.3333333333333	0.0
620	1684.5	0.0
630	2545.3333333333335	0.0
640	2186.5	0.0
650	2479.5	0.0
660	2431.3333333333335	0.0
670	2376.6666666666665	0.0
680	2419.1666666666665	0.0
690	2256.3333333333335	0.0
700	2361.6666666666665	0.0
710	2610.6666666666665	0.0
720	2163.3333333333335	0.0
730	2206.6666666666665	0.0
740	1807.3333333333333	0.0
750	1759.3333333333333	0.0
760	2169.8333333333335	0.0
770	1933.1666666666667	0.0
780	2242.5	0.0
790	1737.6666666666667	0.0
800	2361.1666666666665	0.0
810	2568.1666666666665	0.0
820	2596.3333333333335	0.0
830	2394.5	0.0
840	2225.3333333333335	0.0
850	2402.5	0.0
860	2162.3333333333335	0.0
870	2525.3333333333335	0.0
880	2336.6666666666665	0.0
890	2422.0	0.0
900	2246.6666666666665	0.0
910	2215.3333333333335	0.0
920	2600.5	0.0
930	2187.5	0.0
940	2592.0	0.0
950	2283.3333333333335	0.0
960	2367.3333333333335	0.0
970	2497.8333333333335	0.0
980	2591.3333333333335	0.0
990	2208.0	0.0
1000	2416.3333333333335	0.0
