0	268.0	0.0
10	70.0	0.0
20	70.0	0.0
30	70.0	0.0
40	70.0	0.0
50	70.0	0.0
60	70.0	0.0
70	70.0	0.0
80	71.0	0.0
90	78.33333333333333	0.0
100	74.66666666666667	0.0
110	204.0	0.0
120	75.0	0.0
130	71.66666666666667	0.0
140	235.66666666666666	0.0
150	258.3333333333333	0.0
160	263.3333333333333	0.0
170	225.66666666666666	0.0
180	403.6666666666667	0.0
190	262.6666666666667	0.0
200	257.0	0.0
210	290.6666666666667	0.0
220	290.0	0.0
230	301.6666666666667	0.0
240	305.3333333333333	0.0
250	321.0	0.0
260	365.0	0.0
270	376.0	0.0
280	545.0	0.0
290	380.0	0.0
300	317.6666666666667	0.0
310	431.3333333333333	0.0
320	629.0	0.0
330	846.3333333333334	0.0
340	763.0	0.0
350	968.3333333333334	0.0
360	1442.5	0.0
370	1547.1666666666667	0.0
380	1236.6666666666667	0.0
390	1387.6666666666667	0.0
400	1756.1666666666667	0.0
410	1903.0	0.0
420	1595.6666666666667	0.0
430	1636.1666666666667	0.0
440	2222.6666666666665	0.0
450	2091.0	0.0
460	1392.3333333333333	0.0
470	2143.1666666666665	0.0
480	1982.3333333333333	0.0
490	2262.8333333333335	0.0
500	2224.3333333333335	0.0
510	2005.8333333333333	0.0
520	1737.6666666666667	0.0
530	1976.3333333333333	0.0
540	1221.1666666666667	0.0
550	1482.6666666666667	0.0
560	1797.0	0.0
570	1631.3333333333333	0.0
580	1591.6666666666667	0.0
590	1631.6666666666667	0.0
600	1409.3333333333333	0.0
610	1786.0	0.0
620	2014.3333333333333	0.0
630	2255.0	0.0
640	1768.6666666666667	0.0
650	1914.6666666666667	0.0
660	2604.8333333333335	0.0
670	2576.1666666666665	0.0
680	2423.6666666666665	0.0
690	2252.3333333333335	0.0
700	2527.6666666666665	0.0
710	2346.6666666666665	0.0
720	2451.3333333333335	0.0
730	2334.0	0.0
740	2282.6666666666665	0.0
750	2654.6666666666665	0.0
760	2385.6666666666665	0.0
770	2792.6666666666665	0.0
780	2286.5	0.0
790	2597.0	0.0
800	2145.6666666666665	0.0
810	2617.8333333333335	0.0
820	2413.3333333333335	0.0
830	2506.6666666666665	0.0
840	2756.1666666666665	0.0
850	2462.3333333333335	0.0
860	2250.3333333333335	0.0
870	2133.3333333333335	0.0
880	1889.6666666666667	0.0
890	1782.3333333333333	0.0
900	2232.5	0.0
910	2005.8333333333333	0.0
920	1517.1666666666667	0.0
930	1988.6666666666667	0.0
940	1870.0	0.0
950	2098.1666666666665	0.0
960	2299.3333333333335	0.0
970	1968.0	0.0
980	1938.0	0.0
990	2168.5	0.0
1000	2201.3333333333335	0.0
