0	297.3333333333333	0.0
10	70.0	0.0
20	70.0	0.0
30	70.0	0.0
40	70.0	0.0
50	70.0	0.0
60	70.0	0.0
70	70.0	0.0
80	70.0	0.0
90	71.0	0.0
100	85.0	0.0
110	231.0	0.0
120	82.0	0.0
130	72.0	0.0
140	570.0	0.0
150	334.3333333333333	0.0
160	284.6666666666667	0.0
170	435.0	0.0
180	754.3333333333334	0.0
190	210.33333333333334	0.0
200	133.66666666666666	0.0
210	276.0	0.0
220	354.3333333333333	0.0
230	271.3333333333333	0.0
240	288.6666666666667	0.0
250	413.6666666666667	0.0
260	405.0	0.0
270	422.0	0.0
280	374.3333333333333	0.0
290	832.6666666666666	0.0
300	839.3333333333334	0.0
310	1289.1666666666667	0.0
320	1639.6666666666667	0.0
330	1856.8333333333333	0.0
340	2263.6666666666665	0.0
350	1827.6666666666667	0.0
360	2368.1666666666665	0.0
370	2388.3333333333335	0.0
380	2047.3333333333333	0.0
390	2443.0	0.0
400	2182.3333333333335	0.0
410	2266.3333333333335	0.0
420	2768.0	0.0
430	2654.0	0.0
440	2271.6666666666665	0.0
450	2390.3333333333335	0.0
460	2593.6666666666665	0.0
470	2374.3333333333335	0.0
480	2397.3333333333335	0.0
490	2271.3333333333335	0.0
500	2484.6666666666665	0.0
510	2130.3333333333335	0.0
520	2298.8333333333335	0.0
530	2596.0	0.0
540	2572.6666666666665	0.0
550	2268.0	0.0
560	2470.1666666666665	0.0
570	2425.6666666666665	0.0
580	2185.1666666666665	0.0
590	2461.1666666666665	0.0
600	2394.6666666666665	0.0
610	1991.6666666666667	0.0
620	2064.0	0.0
630	1690.0	0.0
640	2345.6666666666665	0.0
650	2060.8333333333335	0.0
660	1913.3333333333333	0.0
670	1971.1666666666667	0.0
680	1925.3333333333333	0.0
690	1972.3333333333333	0.0
700	2315.6666666666665	0.0
710	2148.0	0.0
720	2037.6666666666667	0.0
730	2001.6666666666667	0.0
740	2059.0	0.0
750	2360.0	0.0
760	1844.0	0.0
770	2035.5	0.0
780	2343.5	0.0
790	2065.6666666666665	0.0
800	2034.6666666666667	0.0
810	2215.6666666666665	0.0
820	2038.0	0.0
830	1965.6666666666667	0.0
840	2762.6666666666665	0.0
850	2344.6666666666665	0.0
860	2243.0	0.0
870	2425.3333333333335	0.0
880	2576.0	0.0
890	2257.0	0.0
900	2375.6666666666665	0.0
910	2316.0	0.0
920	2458.3333333333335	0.0
930	2501.6666666666665	0.0
940	2432.6666666666665	0.0
950	2302.3333333333335	0.0
960	2471.0	0.0
970	2504.3333333333335	0.0
980	2457.0	0.0
990	2571.3333333333335	0.0
1000	2490.6666666666665	0.0
