0	283.6666666666667	0.0
10	70.0	1000.0
20	70.0	0.0
30	70.0	0.0
40	70.0	0.0
50	70.0	0.0
60	88.66666666666667	0.0
70	480.0	0.0
80	684.3333333333334	0.0
90	894.6666666666666	0.0
100	471.6666666666667	0.0
110	468.3333333333333	0.0
120	1658.0	0.0
130	1024.3333333333333	0.0
140	1756.3333333333333	0.0
150	2140.3333333333335	0.0
160	2553.8333333333335	0.0
170	2208.1666666666665	0.0
180	2446.0	0.0
190	1953.8333333333333	0.0
200	1964.3333333333333	0.0
210	2277.0	0.0
220	2396.3333333333335	0.0
230	2204.5	0.0
240	2260.0	0.0
250	2309.0	0.0
260	2458.1666666666665	0.0
270	2477.6666666666665	0.0
280	2689.1666666666665	0.0
290	2260.0	0.0
300	2480.6666666666665	0.0
310	1681.6666666666667	0.0
320	2119.0	0.0
330	1640.3333333333333	0.0
340	2383.5	0.0
350	2664.0	0.0
360	2187.3333333333335	0.0
370	2343.0	0.0
380	2368.0	0.0
390	1767.3333333333333	0.0
400	1753.0	0.0
410	1852.3333333333333	0.0
420	1879.3333333333333	0.0
430	1902.0	0.0
440	2123.6666666666665	0.0
450	1456.0	0.0
460	1999.0	0.0
470	2178.3333333333335	0.0
480	1859.0	0.0
490	1775.6666666666667	0.0
500	2342.3333333333335	0.0
510	1979.3333333333333	0.0
520	2458.0	0.0
530	2549.8333333333335	0.0
540	2351.6666666666665	0.0
550	2319.6666666666665	0.0
560	2577.3333333333335	0.0
570	2872.3333333333335	0.0
580	2259.3333333333335	0.0
590	2568.3333333333335	0.0
600	2444.8333333333335	0.0
