0	269.6666666666667	0.0
10	70.0	1000.0
20	70.0	0.0
30	70.0	0.0
40	71.0	0.0
50	478.8333333333333	0.0
60	1579.6666666666667	0.0
70	1447.0	0.0
80	1538.3333333333333	0.0
90	1603.0	0.0
100	1728.0	0.0
110	1573.3333333333333	0.0
120	1993.3333333333333	0.0
130	1804.8333333333333	0.0
140	1911.6666666666667	0.0
150	2286.8333333333335	0.0
160	2120.6666666666665	0.0
170	2223.0	0.0
180	2074.1666666666665	0.0
190	2216.0	0.0
200	2160.1666666666665	0.0
210	2429.0	0.0
220	2142.5	0.0
230	2193.1666666666665	0.0
240	2269.3333333333335	0.0
250	2215.6666666666665	0.0
260	2413.8333333333335	0.0
270	2325.8333333333335	0.0
280	2227.0	0.0
290	2220.6666666666665	0.0
300	2625.3333333333335	0.0
310	1932.0	0.0
320	1734.5	0.0
330	1798.6666666666667	0.0
340	1859.3333333333333	0.0
350	2475.3333333333335	0.0
360	2500.0	0.0
370	2378.3333333333335	0.0
380	2197.3333333333335	0.0
390	2756.0	0.0
400	2397.0	0.0
410	1712.8333333333333	0.0
420	2202.0	0.0
430	1348.6666666666667	0.0
440	2115.3333333333335	0.0
450	1542.6666666666667	0.0
460	1452.6666666666667	0.0
470	1618.3333333333333	0.0
480	2449.3333333333335	0.0
490	1337.1666666666667	0.0
500	1597.3333333333333	0.0
510	1368.3333333333333	0.0
520	1756.8333333333333	0.0
530	1556.6666666666667	0.0
540	1644.0	0.0
550	2007.0	0.0
560	1648.0	0.0
570	1714.3333333333333	0.0
580	2011.1666666666667	0.0
590	2113.5	0.0
600	2400.6666666666665	0.0
