0	240.66666666666666	0.0
10	70.0	1.0
20	70.0	7.0
30	70.0	0.0
40	70.0	0.0
50	70.0	0.0
60	70.0	13.0
70	70.0	13.0
80	72.33333333333333	1.0
90	73.0	15.0
100	73.33333333333333	0.0
110	174.33333333333334	0.0
120	360.6666666666667	8.0
130	261.3333333333333	39.0
140	221.66666666666666	18.0
150	947.0	5.0
160	2181.0	18.0
170	1633.6666666666667	25.0
180	1106.6666666666667	3.0
190	2140.5	7.0
200	2148.8333333333335	22.0
210	1715.6666666666667	30.0
220	1965.8333333333333	15.0
230	2318.6666666666665	29.0
240	2298.5	13.0
250	2336.0	26.0
260	2360.3333333333335	12.0
270	2546.8333333333335	24.0
280	2340.0	28.0
290	2296.3333333333335	34.0
300	2268.3333333333335	22.0
310	2440.3333333333335	19.0
320	1680.6666666666667	26.0
330	1767.1666666666667	7.0
340	1482.3333333333333	20.0
350	1046.6666666666667	16.0
360	1382.0	18.0
370	2017.6666666666667	24.0
380	1869.1666666666667	43.0
390	1391.3333333333333	26.0
400	1398.0	23.0
410	1584.6666666666667	31.0
420	1470.3333333333333	11.0
430	2385.3333333333335	52.0
440	1999.8333333333333	27.0
450	2088.3333333333335	23.0
460	2170.3333333333335	30.0
470	2193.6666666666665	31.0
480	1664.1666666666667	35.0
490	2490.3333333333335	14.0
500	2659.3333333333335	29.0
510	2282.0	29.0
520	2559.1666666666665	13.0
530	2474.3333333333335	25.0
540	2457.5	0.0
550	2223.0	0.0
560	2394.3333333333335	0.0
570	2419.3333333333335	0.0
580	2222.0	0.0
590	2294.8333333333335	0.0
600	1944.3333333333333	0.0
