0	242.0	0.0
10	70.0	1000.0
20	70.0	0.0
30	70.0	0.0
40	70.0	0.0
50	70.0	0.0
60	70.0	0.0
70	70.0	0.0
80	70.0	0.0
90	70.0	0.0
100	70.0	0.0
110	70.0	0.0
120	70.0	0.0
130	70.0	0.0
140	70.0	0.0
150	70.0	0.0
160	70.0	0.0
170	70.0	0.0
180	72.66666666666667	0.0
190	71.33333333333333	0.0
200	71.66666666666667	0.0
210	75.66666666666667	0.0
220	103.0	0.0
230	137.0	0.0
240	197.33333333333334	0.0
250	173.33333333333334	0.0
260	163.0	0.0
270	310.3333333333333	0.0
280	243.0	0.0
290	333.6666666666667	0.0
300	147.66666666666666	0.0
310	153.66666666666666	0.0
320	538.6666666666666	0.0
330	471.0	0.0
340	506.3333333333333	0.0
350	532.0	0.0
360	547.0	0.0
370	719.0	0.0
380	1363.0	0.0
390	1289.0	0.0
400	1181.6666666666667	0.0
410	1493.0	0.0
420	1465.6666666666667	0.0
430	1176.3333333333333	0.0
440	1680.3333333333333	0.0
450	1786.0	0.0
460	1719.3333333333333	0.0
470	1861.3333333333333	0.0
480	2155.6666666666665	0.0
490	1863.3333333333333	0.0
500	1711.0	0.0
510	1654.3333333333333	0.0
520	2139.3333333333335	0.0
530	2066.8333333333335	0.0
540	2241.3333333333335	0.0
550	2453.0	0.0
560	2223.3333333333335	0.0
570	2197.3333333333335	0.0
580	2171.6666666666665	0.0
590	2246.1666666666665	0.0
600	2509.3333333333335	0.0
610	2512.0	0.0
620	2729.5	0.0
630	2635.5	0.0
640	2521.8333333333335	0.0
650	2578.6666666666665	0.0
660	2385.5	0.0
670	2677.6666666666665	0.0
680	2537.0	0.0
690	2506.0	0.0
700	2680.6666666666665	0.0
710	2662.6666666666665	0.0
720	2332.3333333333335	0.0
730	2765.5	0.0
740	2588.5	0.0
750	2442.0	0.0
760	2626.3333333333335	0.0
770	2453.0	0.0
780	2740.0	0.0
790	2484.6666666666665	0.0
800	2608.1666666666665	0.0
