0	243.33333333333334	0.0
10	70.0	0.0
20	70.0	0.0
30	70.0	0.0
40	70.0	0.0
50	70.0	0.0
60	70.0	0.0
70	70.0	0.0
80	70.66666666666667	0.0
90	75.33333333333333	0.0
100	159.33333333333334	0.0
110	83.33333333333333	0.0
120	82.66666666666667	0.0
130	98.33333333333333	0.0
140	314.0	0.0
150	195.66666666666666	0.0
160	210.0	1.0
170	166.33333333333334	0.0
180	649.6666666666666	0.0
190	318.3333333333333	0.0
200	185.66666666666666	19.0
210	469.3333333333333	0.0
220	318.3333333333333	11.0
230	255.66666666666666	0.0
240	345.0	12.0
250	407.0	0.0
260	347.3333333333333	0.0
270	333.6666666666667	0.0
280	745.6666666666666	0.0
290	803.8333333333334	0.0
300	707.0	0.0
310	852.3333333333334	0.0
320	560.3333333333334	0.0
330	1040.3333333333333	0.0
340	1845.8333333333333	0.0
350	1723.3333333333333	0.0
360	2064.3333333333335	0.0
370	2526.1666666666665	0.0
380	2359.6666666666665	0.0
390	2416.6666666666665	0.0
400	2016.6666666666667	0.0
410	2295.8333333333335	0.0
420	2084.0	0.0
430	1654.0	0.0
440	2485.3333333333335	0.0
450	2368.0	0.0
460	2540.1666666666665	0.0
470	2709.6666666666665	0.0
480	2398.6666666666665	0.0
490	1901.0	0.0
500	2456.3333333333335	0.0
510	2388.1666666666665	0.0
520	2429.1666666666665	0.0
530	2303.0	0.0
540	2444.5	0.0
550	2698.6666666666665	0.0
560	1691.1666666666667	0.0
570	2402.6666666666665	0.0
580	2441.0	0.0
590	2675.0	0.0
600	2564.0	0.0
