0	281.6666666666667	0.0
10	71.66666666666667	923.0
20	70.66666666666667	77.0
30	70.0	0.0
40	70.0	0.0
50	70.0	0.0
60	70.0	0.0
70	70.0	0.0
80	70.0	0.0
90	70.0	0.0
100	70.0	0.0
110	70.0	0.0
120	70.0	0.0
130	70.0	0.0
140	70.0	0.0
150	72.33333333333333	0.0
160	70.0	0.0
170	74.33333333333333	0.0
180	133.33333333333334	0.0
190	92.0	0.0
200	182.33333333333334	0.0
210	235.0	0.0
220	549.3333333333334	0.0
230	525.3333333333334	0.0
240	314.6666666666667	0.0
250	252.33333333333334	0.0
260	263.6666666666667	0.0
270	178.66666666666666	0.0
280	232.66666666666666	0.0
290	277.6666666666667	0.0
300	131.0	0.0
310	148.0	0.0
320	239.0	0.0
330	355.6666666666667	0.0
340	220.0	0.0
350	529.6666666666666	0.0
360	1107.6666666666667	0.0
370	904.0	0.0
380	1094.3333333333333	0.0
390	1087.6666666666667	0.0
400	1281.0	0.0
410	1155.6666666666667	0.0
420	1343.6666666666667	0.0
430	1229.6666666666667	0.0
440	1587.3333333333333	0.0
450	1822.0	0.0
460	2105.1666666666665	0.0
470	2176.8333333333335	0.0
480	1680.1666666666667	0.0
490	2138.3333333333335	0.0
500	2309.8333333333335	0.0
510	2209.0	0.0
520	2384.3333333333335	0.0
530	1739.0	0.0
540	2291.0	0.0
550	2053.3333333333335	0.0
560	2239.8333333333335	0.0
570	2248.8333333333335	0.0
580	2504.3333333333335	0.0
590	2428.1666666666665	0.0
600	2383.8333333333335	0.0
610	2441.6666666666665	0.0
620	2469.0	0.0
630	2649.5	0.0
640	2562.5	0.0
650	2605.0	0.0
660	2363.8333333333335	0.0
670	2382.5	0.0
680	2671.5	0.0
690	2576.0	0.0
700	2416.1666666666665	0.0
710	2430.1666666666665	0.0
720	2373.8333333333335	0.0
730	2593.0	0.0
740	2688.5	0.0
750	2547.0	0.0
760	2424.6666666666665	0.0
770	2463.0	0.0
780	2207.1666666666665	0.0
790	2813.3333333333335	0.0
800	2746.6666666666665	0.0
810	2705.1666666666665	0.0
820	2618.3333333333335	0.0
830	2654.8333333333335	0.0
840	2418.8333333333335	0.0
850	2772.3333333333335	0.0
860	2722.6666666666665	0.0
870	2632.6666666666665	0.0
880	2314.0	0.0
890	2710.3333333333335	0.0
900	2162.8333333333335	0.0
910	2020.3333333333333	0.0
920	2593.5	0.0
930	2636.3333333333335	0.0
940	2776.8333333333335	0.0
950	2313.6666666666665	0.0
960	2093.0	0.0
970	2755.5	0.0
980	1980.6666666666667	0.0
990	2400.8333333333335	0.0
1000	2339.6666666666665	0.0
