0	264.3333333333333	0.0
10	105.0	679.0
20	95.33333333333333	321.0
30	90.33333333333333	0.0
40	94.0	0.0
50	70.33333333333333	0.0
60	70.0	0.0
70	70.0	0.0
80	70.0	0.0
90	70.0	0.0
100	70.0	0.0
110	70.0	0.0
120	71.66666666666667	0.0
130	70.0	0.0
140	97.0	0.0
150	201.0	0.0
160	79.66666666666667	0.0
170	116.33333333333333	0.0
180	378.0	0.0
190	365.0	0.0
200	618.6666666666666	0.0
210	1070.0	0.0
220	1230.3333333333333	0.0
230	232.0	0.0
240	884.6666666666666	0.0
250	1173.6666666666667	0.0
260	353.6666666666667	0.0
270	1306.0	0.0
280	1863.0	0.0
290	1314.6666666666667	0.0
300	1290.6666666666667	0.0
310	1094.0	0.0
320	1250.3333333333333	0.0
330	1867.0	0.0
340	1655.0	0.0
350	1729.3333333333333	0.0
360	1706.0	0.0
370	1997.3333333333333	0.0
380	2123.0	0.0
390	2244.0	0.0
400	2152.6666666666665	0.0
410	2249.6666666666665	0.0
420	2066.6666666666665	0.0
430	2065.3333333333335	0.0
440	2250.6666666666665	0.0
450	2222.3333333333335	0.0
460	2204.6666666666665	0.0
470	2353.6666666666665	0.0
480	2289.3333333333335	0.0
490	2454.1666666666665	0.0
500	2445.3333333333335	0.0
510	2483.3333333333335	0.0
520	2432.0	0.0
530	2570.6666666666665	0.0
540	2718.1666666666665	0.0
550	2504.8333333333335	0.0
560	2697.8333333333335	0.0
570	2341.6666666666665	0.0
580	2399.6666666666665	0.0
590	2454.6666666666665	0.0
600	2155.8333333333335	0.0
610	2459.5	0.0
620	2577.6666666666665	0.0
630	2427.3333333333335	0.0
640	2650.0	0.0
650	2586.1666666666665	0.0
660	2490.6666666666665	0.0
670	2594.5	0.0
680	2457.1666666666665	0.0
690	2638.6666666666665	0.0
700	2462.1666666666665	0.0
710	2629.5	0.0
720	2556.6666666666665	0.0
730	2581.6666666666665	0.0
740	2405.6666666666665	0.0
750	2213.3333333333335	0.0
760	2525.6666666666665	0.0
770	2480.3333333333335	0.0
780	2364.0	0.0
790	2615.1666666666665	0.0
800	2507.0	0.0
810	2571.5	0.0
820	2107.6666666666665	0.0
830	2053.0	0.0
840	2964.0	0.0
850	2331.6666666666665	0.0
860	2500.1666666666665	0.0
870	2653.1666666666665	0.0
880	2937.5	0.0
890	2471.0	0.0
900	2459.0	0.0
910	2703.0	0.0
920	2546.8333333333335	0.0
930	2894.6666666666665	0.0
940	1734.0	0.0
950	1818.8333333333333	0.0
960	1505.0	0.0
970	1686.0	0.0
980	2108.6666666666665	0.0
990	2559.6666666666665	0.0
1000	2002.3333333333333	0.0
