0	242.66666666666666	0.0
10	89.66666666666667	797.0
20	70.0	203.0
30	70.0	0.0
40	70.0	0.0
50	70.0	0.0
60	70.0	0.0
70	70.0	0.0
80	70.0	0.0
90	70.0	0.0
100	70.0	0.0
110	70.0	0.0
120	70.66666666666667	0.0
130	72.0	0.0
140	122.0	0.0
150	158.66666666666666	0.0
160	101.0	0.0
170	136.0	0.0
180	183.0	0.0
190	254.0	0.0
200	227.66666666666666	0.0
210	309.6666666666667	0.0
220	130.33333333333334	0.0
230	233.0	0.0
240	357.3333333333333	0.0
250	582.0	0.0
260	783.3333333333334	0.0
270	839.6666666666666	0.0
280	767.0	0.0
290	1159.3333333333333	0.0
300	905.6666666666666	0.0
310	1467.3333333333333	0.0
320	1581.0	0.0
330	1249.3333333333333	0.0
340	2349.8333333333335	0.0
350	1828.3333333333333	0.0
360	2207.6666666666665	0.0
370	1860.6666666666667	0.0
380	1946.3333333333333	0.0
390	2189.6666666666665	0.0
400	2484.0	0.0
410	2418.3333333333335	0.0
420	2265.0	0.0
430	2197.3333333333335	0.0
440	2308.1666666666665	0.0
450	2653.6666666666665	0.0
460	1918.0	0.0
470	2541.1666666666665	0.0
480	2157.6666666666665	0.0
490	2291.1666666666665	0.0
500	2284.1666666666665	0.0
510	2427.6666666666665	0.0
520	2503.3333333333335	0.0
530	2381.1666666666665	0.0
540	2356.1666666666665	0.0
550	2545.0	0.0
560	2402.8333333333335	0.0
570	2416.6666666666665	0.0
580	2371.0	0.0
590	2360.8333333333335	0.0
600	2643.8333333333335	0.0
610	2483.8333333333335	0.0
620	2433.0	0.0
630	2302.0	0.0
640	2594.8333333333335	0.0
650	2661.6666666666665	0.0
660	2644.0	0.0
670	2638.8333333333335	0.0
680	2539.1666666666665	0.0
690	2429.3333333333335	0.0
700	2361.1666666666665	0.0
710	2596.0	0.0
720	2639.0	0.0
730	2189.6666666666665	0.0
740	2556.5	0.0
750	2522.1666666666665	0.0
760	2697.3333333333335	0.0
770	2596.0	0.0
780	2298.3333333333335	0.0
790	2572.3333333333335	0.0
800	2678.8333333333335	0.0
810	2733.3333333333335	0.0
820	2519.0	0.0
830	2435.3333333333335	0.0
840	2444.3333333333335	0.0
850	2475.3333333333335	0.0
860	2575.3333333333335	0.0
870	2789.8333333333335	0.0
880	2624.6666666666665	0.0
890	2505.6666666666665	0.0
900	2290.0	0.0
910	2286.3333333333335	0.0
920	2656.3333333333335	0.0
930	2521.6666666666665	0.0
940	2580.8333333333335	0.0
950	2593.5	0.0
960	2544.0	0.0
970	2712.6666666666665	0.0
980	2072.0	0.0
990	2394.3333333333335	0.0
1000	1924.3333333333333	0.0
