0	287.3333333333333	0.0
10	71.66666666666667	676.0
20	70.0	324.0
30	70.0	0.0
40	70.0	0.0
50	70.0	0.0
60	70.0	0.0
70	70.0	0.0
80	70.0	0.0
90	70.0	0.0
100	70.0	0.0
110	70.0	0.0
120	70.0	0.0
130	70.0	0.0
140	70.0	0.0
150	71.0	0.0
160	70.66666666666667	0.0
170	71.33333333333333	0.0
180	141.0	0.0
190	237.0	0.0
200	328.3333333333333	0.0
210	150.0	0.0
220	145.33333333333334	0.0
230	138.33333333333334	0.0
240	131.0	0.0
250	138.0	0.0
260	574.3333333333334	0.0
270	668.6666666666666	0.0
280	781.0	0.0
290	986.6666666666666	0.0
300	1111.3333333333333	0.0
310	771.0	0.0
320	1089.6666666666667	0.0
330	1165.3333333333333	0.0
340	1335.3333333333333	0.0
350	1774.0	0.0
360	1503.0	0.0
370	1367.5	0.0
380	1507.0	0.0
390	1726.6666666666667	0.0
400	2060.8333333333335	0.0
410	2342.5	0.0
420	2228.3333333333335	0.0
430	2255.0	0.0
440	2066.0	0.0
450	1985.1666666666667	0.0
460	2007.0	0.0
470	2284.6666666666665	0.0
480	2022.3333333333333	0.0
490	2373.8333333333335	0.0
500	2538.3333333333335	0.0
510	2345.3333333333335	0.0
520	2408.1666666666665	0.0
530	2441.0	0.0
540	2168.8333333333335	0.0
550	2771.0	0.0
560	2803.1666666666665	0.0
570	2435.3333333333335	0.0
580	2342.3333333333335	0.0
590	2409.6666666666665	0.0
600	2414.3333333333335	0.0
610	2644.6666666666665	0.0
620	2485.0	0.0
630	2865.3333333333335	0.0
640	2556.5	0.0
650	2669.0	0.0
660	2667.3333333333335	0.0
670	2589.8333333333335	0.0
680	2514.3333333333335	0.0
690	2572.0	0.0
700	2540.8333333333335	0.0
710	2638.3333333333335	0.0
720	2506.3333333333335	0.0
730	2725.3333333333335	0.0
740	2611.6666666666665	0.0
750	2453.0	0.0
760	2730.0	0.0
770	2654.0	0.0
780	2613.0	0.0
790	2662.6666666666665	0.0
800	2393.6666666666665	0.0
810	2471.0	0.0
820	2639.1666666666665	0.0
830	2418.8333333333335	0.0
840	2547.5	0.0
850	2515.3333333333335	0.0
860	2421.0	0.0
870	2691.0	0.0
880	2381.5	0.0
890	2329.8333333333335	0.0
900	2547.3333333333335	0.0
910	2515.8333333333335	0.0
920	2665.6666666666665	0.0
930	2535.0	0.0
940	2442.1666666666665	0.0
950	2398.6666666666665	0.0
960	2587.3333333333335	0.0
970	2424.1666666666665	0.0
980	1915.3333333333333	0.0
990	2010.0	0.0
1000	2240.1666666666665	0.0
