0	292.6666666666667	0.0
10	70.0	0.0
20	70.0	0.0
30	70.0	0.0
40	70.0	0.0
50	70.0	0.0
60	70.0	0.0
70	70.0	0.0
80	70.0	0.0
90	70.0	0.0
100	70.0	0.0
110	70.0	0.0
120	70.0	0.0
130	70.0	0.0
140	70.0	0.0
150	70.0	0.0
160	70.0	0.0
170	71.0	0.0
180	70.66666666666667	0.0
190	70.66666666666667	0.0
200	91.0	0.0
210	72.66666666666667	0.0
220	71.33333333333333	0.0
230	76.66666666666667	0.0
240	71.0	0.0
250	135.0	0.0
260	101.66666666666667	0.0
270	288.3333333333333	0.0
280	142.33333333333334	0.0
290	175.33333333333334	0.0
300	181.0	0.0
310	145.0	0.0
320	172.33333333333334	0.0
330	156.0	0.0
340	139.0	0.0
350	176.66666666666666	0.0
360	147.0	0.0
370	170.0	0.0
380	164.66666666666666	0.0
390	168.0	0.0
400	282.3333333333333	0.0
410	252.33333333333334	0.0
420	328.6666666666667	0.0
430	248.33333333333334	0.0
440	252.33333333333334	0.0
450	334.6666666666667	0.0
460	373.6666666666667	0.0
470	565.3333333333334	0.0
480	869.6666666666666	0.0
490	754.0	0.0
500	1168.3333333333333	0.0
510	938.6666666666666	0.0
520	924.6666666666666	0.0
530	1423.6666666666667	0.0
540	1247.5	0.0
550	1726.0	0.0
560	1315.3333333333333	0.0
570	1236.8333333333333	0.0
580	2156.6666666666665	0.0
590	2212.8333333333335	0.0
600	2262.0	0.0
610	2345.3333333333335	0.0
620	2120.3333333333335	0.0
630	2314.1666666666665	0.0
640	2406.3333333333335	0.0
650	2062.1666666666665	0.0
660	2263.0	0.0
670	2488.5	0.0
680	2276.0	0.0
690	1824.3333333333333	0.0
700	2466.3333333333335	0.0
710	2227.3333333333335	0.0
720	2596.0	0.0
730	2345.6666666666665	0.0
740	2253.0	0.0
750	2286.0	0.0
760	2446.5	0.0
770	2471.6666666666665	0.0
780	2448.6666666666665	0.0
790	2819.8333333333335	0.0
800	2591.8333333333335	0.0
