0	242.66666666666666	0.0
10	70.0	0.0
20	70.0	0.0
30	70.0	0.0
40	70.0	0.0
50	70.0	0.0
60	70.0	0.0
70	70.0	0.0
80	70.0	0.0
90	70.0	0.0
100	70.0	0.0
110	70.0	0.0
120	70.0	0.0
130	70.0	0.0
140	70.0	0.0
150	70.0	0.0
160	70.0	0.0
170	70.0	0.0
180	70.66666666666667	0.0
190	71.0	0.0
200	71.0	0.0
210	71.66666666666667	0.0
220	74.0	0.0
230	79.33333333333333	0.0
240	71.0	0.0
250	84.33333333333333	0.0
260	163.66666666666666	0.0
270	193.0	0.0
280	223.0	0.0
290	271.6666666666667	0.0
300	179.0	0.0
310	240.0	0.0
320	156.0	0.0
330	153.66666666666666	0.0
340	181.0	0.0
350	146.33333333333334	0.0
360	145.66666666666666	0.0
370	249.0	0.0
380	276.3333333333333	0.0
390	259.6666666666667	0.0
400	236.33333333333334	0.0
410	130.0	0.0
420	291.3333333333333	0.0
430	252.0	0.0
440	149.66666666666666	0.0
450	229.0	0.0
460	286.3333333333333	0.0
470	239.0	0.0
480	331.3333333333333	0.0
490	254.66666666666666	0.0
500	381.0	0.0
510	331.6666666666667	0.0
520	478.0	0.0
530	611.6666666666666	0.0
540	859.6666666666666	0.0
550	853.0	0.0
560	993.0	0.0
570	935.8333333333334	0.0
580	1297.6666666666667	0.0
590	1491.6666666666667	0.0
600	2193.3333333333335	0.0
610	1945.0	0.0
620	2156.1666666666665	0.0
630	1992.8333333333333	0.0
640	1672.1666666666667	0.0
650	1900.6666666666667	0.0
660	2465.1666666666665	0.0
670	2356.0	0.0
680	2304.0	0.0
690	2569.3333333333335	0.0
700	2424.0	0.0
710	2373.3333333333335	0.0
720	2103.3333333333335	0.0
730	2218.6666666666665	0.0
740	2122.6666666666665	0.0
750	2443.6666666666665	0.0
760	1990.6666666666667	0.0
770	2402.3333333333335	0.0
780	2571.5	0.0
790	2288.0	0.0
800	2270.3333333333335	0.0
