0	222.66666666666666	0.0
10	70.0	870.0
20	70.0	130.0
30	70.0	0.0
40	70.0	0.0
50	70.0	0.0
60	70.0	0.0
70	71.0	0.0
80	73.66666666666667	0.0
90	248.0	0.0
100	124.66666666666667	0.0
110	181.66666666666666	0.0
120	104.0	0.0
130	213.0	0.0
140	206.33333333333334	0.0
150	147.33333333333334	0.0
160	81.33333333333333	0.0
170	329.0	0.0
180	461.0	0.0
190	294.6666666666667	0.0
200	465.6666666666667	0.0
210	428.0	0.0
220	587.6666666666666	0.0
230	551.6666666666666	0.0
240	421.3333333333333	0.0
250	579.3333333333334	0.0
260	436.6666666666667	0.0
270	548.6666666666666	0.0
280	1278.0	0.0
290	1491.3333333333333	0.0
300	2103.8333333333335	0.0
310	2663.0	0.0
320	2450.3333333333335	0.0
330	2166.1666666666665	0.0
340	2396.1666666666665	0.0
350	2247.6666666666665	0.0
360	2020.0	0.0
370	2153.5	0.0
380	2404.3333333333335	0.0
390	2327.3333333333335	0.0
400	2510.0	0.0
410	2420.3333333333335	0.0
420	2448.3333333333335	0.0
430	2293.5	0.0
440	2432.3333333333335	0.0
450	2244.8333333333335	0.0
460	2311.6666666666665	0.0
470	2098.6666666666665	0.0
480	1989.1666666666667	0.0
490	2169.0	0.0
500	2594.5	0.0
510	2179.3333333333335	0.0
520	2080.1666666666665	0.0
530	1774.6666666666667	0.0
540	1977.6666666666667	0.0
550	2123.3333333333335	0.0
560	2514.1666666666665	0.0
570	2076.8333333333335	0.0
580	2059.0	0.0
590	1884.0	0.0
600	1874.0	0.0
610	2047.6666666666667	0.0
620	2074.5	0.0
630	2026.5	0.0
640	2244.5	0.0
650	2363.3333333333335	0.0
660	2168.5	0.0
670	1755.1666666666667	0.0
680	2558.0	0.0
690	2402.3333333333335	0.0
700	2612.1666666666665	0.0
710	2306.8333333333335	0.0
720	2337.3333333333335	0.0
730	2238.6666666666665	0.0
740	2620.8333333333335	0.0
750	2107.0	0.0
760	2238.5	0.0
770	2566.3333333333335	0.0
780	2335.3333333333335	0.0
790	2507.1666666666665	0.0
800	2328.0	0.0
810	2432.5	0.0
820	2540.0	0.0
830	1832.3333333333333	0.0
840	1909.1666666666667	0.0
850	2269.3333333333335	0.0
860	2040.1666666666667	0.0
870	2237.5	0.0
880	2112.1666666666665	0.0
890	2201.3333333333335	0.0
900	2459.3333333333335	0.0
910	1903.8333333333333	0.0
920	2198.6666666666665	0.0
930	2498.0	0.0
940	2200.6666666666665	0.0
950	2216.6666666666665	0.0
960	2343.8333333333335	0.0
970	2127.3333333333335	0.0
980	2544.0	0.0
990	2486.3333333333335	0.0
1000	2293.0	0.0
