0	270.3333333333333	0.0
10	70.0	698.0
20	70.0	302.0
30	70.0	0.0
40	70.0	0.0
50	70.0	0.0
60	70.0	0.0
70	70.0	0.0
80	71.0	0.0
90	74.66666666666667	0.0
100	90.0	0.0
110	171.0	0.0
120	246.0	0.0
130	244.0	0.0
140	135.66666666666666	0.0
150	290.6666666666667	0.0
160	314.3333333333333	0.0
170	197.0	0.0
180	109.66666666666667	0.0
190	370.3333333333333	0.0
200	590.0	0.0
210	547.0	0.0
220	399.3333333333333	0.0
230	462.6666666666667	0.0
240	325.3333333333333	0.0
250	284.0	0.0
260	432.3333333333333	0.0
270	452.6666666666667	0.0
280	665.6666666666666	0.0
290	1109.5	0.0
300	1330.5	0.0
310	2076.1666666666665	0.0
320	1169.6666666666667	0.0
330	1839.3333333333333	0.0
340	2444.6666666666665	0.0
350	2331.0	0.0
360	2474.0	0.0
370	2390.0	0.0
380	2494.6666666666665	0.0
390	2379.1666666666665	0.0
400	2208.6666666666665	0.0
410	2508.6666666666665	0.0
420	2572.3333333333335	0.0
430	2491.6666666666665	0.0
440	1695.3333333333333	0.0
450	2076.6666666666665	0.0
460	1854.1666666666667	0.0
470	2215.1666666666665	0.0
480	1901.6666666666667	0.0
490	1683.8333333333333	0.0
500	2035.8333333333333	0.0
510	2002.0	0.0
520	1948.6666666666667	0.0
530	2133.0	0.0
540	1915.1666666666667	0.0
550	2079.0	0.0
560	2201.6666666666665	0.0
570	1954.6666666666667	0.0
580	1796.0	0.0
590	1852.0	0.0
600	2075.6666666666665	0.0
610	1792.6666666666667	0.0
620	1800.6666666666667	0.0
630	2553.6666666666665	0.0
640	2605.6666666666665	0.0
650	2474.6666666666665	0.0
660	1778.3333333333333	0.0
670	1874.6666666666667	0.0
680	2384.6666666666665	0.0
690	2491.0	0.0
700	2381.0	0.0
710	1914.6666666666667	0.0
720	2000.1666666666667	0.0
730	1901.3333333333333	0.0
740	1982.3333333333333	0.0
750	2182.1666666666665	0.0
760	2476.3333333333335	0.0
770	2157.6666666666665	0.0
780	2436.0	0.0
790	2053.5	0.0
800	2424.6666666666665	0.0
810	2553.0	0.0
820	2347.0	0.0
830	2234.0	0.0
840	2456.0	0.0
850	2450.0	0.0
860	2251.3333333333335	0.0
870	1683.8333333333333	0.0
880	1635.0	0.0
890	1916.5	0.0
900	1940.1666666666667	0.0
910	1497.0	0.0
920	2140.1666666666665	0.0
930	2264.3333333333335	0.0
940	2154.3333333333335	0.0
950	2025.6666666666667	0.0
960	2498.3333333333335	0.0
970	2462.5	0.0
980	2019.3333333333333	0.0
990	2428.0	0.0
1000	2140.6666666666665	0.0
