0	245.66666666666666	0.0
10	70.0	1000.0
20	70.0	0.0
30	70.0	0.0
40	70.0	0.0
50	70.0	0.0
60	70.66666666666667	0.0
70	72.66666666666667	0.0
80	72.66666666666667	0.0
90	526.6666666666666	0.0
100	141.33333333333334	0.0
110	297.3333333333333	0.0
120	279.3333333333333	0.0
130	126.33333333333333	0.0
140	347.6666666666667	0.0
150	348.3333333333333	0.0
160	313.0	0.0
170	88.33333333333333	0.0
180	410.3333333333333	0.0
190	132.66666666666666	0.0
200	265.6666666666667	0.0
210	334.0	0.0
220	255.33333333333334	0.0
230	443.6666666666667	0.0
240	434.6666666666667	0.0
250	385.0	0.0
260	641.8333333333334	0.0
270	1059.0	0.0
280	2108.0	0.0
290	1739.0	0.0
300	1846.1666666666667	0.0
310	2352.0	0.0
320	2224.6666666666665	0.0
330	2448.3333333333335	0.0
340	2499.6666666666665	0.0
350	2335.5	0.0
360	2290.6666666666665	0.0
370	2457.0	0.0
380	2166.0	0.0
390	2210.1666666666665	0.0
400	2451.3333333333335	0.0
410	2483.3333333333335	0.0
420	2441.3333333333335	0.0
430	1857.1666666666667	0.0
440	2292.0	0.0
450	2438.3333333333335	0.0
460	2005.8333333333333	0.0
470	1754.6666666666667	0.0
480	2374.3333333333335	0.0
490	1913.0	0.0
500	2561.6666666666665	0.0
510	2509.0	0.0
520	2193.1666666666665	0.0
530	2233.6666666666665	0.0
540	1744.8333333333333	0.0
550	1390.6666666666667	0.0
560	1377.6666666666667	0.0
570	1732.8333333333333	0.0
580	1986.3333333333333	0.0
590	2037.1666666666667	0.0
600	2160.1666666666665	0.0
610	1968.5	0.0
620	2291.6666666666665	0.0
630	2182.5	0.0
640	2072.0	0.0
650	2149.8333333333335	0.0
660	2370.6666666666665	0.0
670	2468.3333333333335	0.0
680	2134.1666666666665	0.0
690	2055.0	0.0
700	1989.0	0.0
710	1900.1666666666667	0.0
720	1896.3333333333333	0.0
730	2007.1666666666667	0.0
740	1818.8333333333333	0.0
750	2026.5	0.0
760	1883.8333333333333	0.0
770	2290.6666666666665	0.0
780	2530.6666666666665	0.0
790	1893.0	0.0
800	2026.1666666666667	0.0
810	2341.0	0.0
820	2388.6666666666665	0.0
830	2201.3333333333335	0.0
840	2512.8333333333335	0.0
850	1974.1666666666667	0.0
860	2252.0	0.0
870	2093.3333333333335	0.0
880	2478.6666666666665	0.0
890	2328.0	0.0
900	2491.3333333333335	0.0
910	2395.6666666666665	0.0
920	2392.3333333333335	0.0
930	2546.0	0.0
940	2362.6666666666665	0.0
950	2528.3333333333335	0.0
960	2643.3333333333335	0.0
970	2493.3333333333335	0.0
980	2377.3333333333335	0.0
990	1884.5	0.0
1000	1580.8333333333333	0.0
