0	266.6666666666667
10	1988.0
20	2044.3333333333333
30	2056.6666666666665
40	2158.3333333333335
50	1973.6666666666667
60	2003.0
70	2151.5
80	2011.6666666666667
90	2080.0
100	2176.5
110	2201.5
120	2205.5
130	2077.8333333333335
140	2111.3333333333335
150	1999.6666666666667
160	2113.1666666666665
170	2326.8333333333335
180	2252.1666666666665
190	2506.6666666666665
200	2135.8333333333335
210	2213.5
220	2191.5
230	2283.6666666666665
240	2222.6666666666665
250	2315.6666666666665
260	2418.3333333333335
270	2300.1666666666665
280	2192.8333333333335
290	2684.3333333333335
300	2358.6666666666665
310	2470.8333333333335
320	2324.8333333333335
330	2438.6666666666665
340	2502.1666666666665
350	2525.3333333333335
360	2417.0
370	2372.6666666666665
380	2434.6666666666665
390	2473.8333333333335
400	2868.5
410	2640.1666666666665
420	2466.5
430	2379.6666666666665
440	2426.1666666666665
450	2334.1666666666665
460	2265.0
470	2526.1666666666665
480	2596.3333333333335
490	2604.8333333333335
500	2592.1666666666665
