0	248.66666666666666	0.0
10	70.0	0.0
20	70.0	0.0
30	70.0	0.0
40	70.0	0.0
50	70.0	0.0
60	70.0	0.0
70	70.0	0.0
80	70.66666666666667	0.0
90	71.0	0.0
100	159.66666666666666	0.0
110	116.33333333333333	0.0
120	217.0	0.0
130	386.0	0.0
140	150.66666666666666	0.0
150	176.0	0.0
160	381.3333333333333	0.0
170	419.6666666666667	0.0
180	479.3333333333333	0.0
190	360.0	0.0
200	310.3333333333333	0.0
210	282.3333333333333	0.0
220	254.66666666666666	0.0
230	220.66666666666666	0.0
240	381.6666666666667	0.0
250	333.3333333333333	0.0
260	320.0	0.0
270	392.0	0.0
280	497.6666666666667	0.0
290	403.0	0.0
300	396.0	0.0
310	479.0	0.0
320	591.0	0.0
330	799.0	0.0
340	996.6666666666666	0.0
350	1213.3333333333333	0.0
360	935.6666666666666	0.0
370	1416.3333333333333	0.0
380	1534.0	0.0
390	1726.1666666666667	0.0
400	2021.8333333333333	0.0
410	2213.3333333333335	0.0
420	1811.8333333333333	0.0
430	2075.0	0.0
440	1884.8333333333333	0.0
450	2242.0	0.0
460	2343.0	0.0
470	2582.3333333333335	0.0
480	2310.3333333333335	0.0
490	2392.3333333333335	0.0
500	1816.3333333333333	0.0
510	1749.0	0.0
520	2574.0	0.0
530	2371.8333333333335	0.0
540	2553.0	0.0
550	2565.1666666666665	0.0
560	2748.0	0.0
570	1789.5	0.0
580	2056.6666666666665	0.0
590	2846.3333333333335	0.0
600	1526.5	0.0
610	1856.0	0.0
620	1720.6666666666667	0.0
630	1840.1666666666667	0.0
640	1384.0	0.0
650	1945.1666666666667	0.0
660	2359.1666666666665	0.0
670	1812.8333333333333	0.0
680	1872.8333333333333	0.0
690	2357.0	0.0
700	1949.8333333333333	0.0
710	2044.3333333333333	0.0
720	2215.6666666666665	0.0
730	1965.5	0.0
740	2344.6666666666665	0.0
750	2280.8333333333335	0.0
760	2519.0	0.0
770	2285.0	0.0
780	2283.3333333333335	0.0
790	1854.8333333333333	0.0
800	1617.6666666666667	0.0
810	1785.0	0.0
820	1995.8333333333333	0.0
830	2050.6666666666665	0.0
840	2634.0	0.0
850	2183.6666666666665	0.0
860	1949.8333333333333	0.0
870	1737.6666666666667	0.0
880	1857.0	0.0
890	2458.3333333333335	0.0
900	2509.0	0.0
910	2426.6666666666665	0.0
920	1795.3333333333333	0.0
930	2547.3333333333335	0.0
940	2197.3333333333335	0.0
950	2499.3333333333335	0.0
960	2439.3333333333335	0.0
970	2526.3333333333335	0.0
980	2372.8333333333335	0.0
990	2334.3333333333335	0.0
1000	1646.0	0.0
