0	224.0	0.0
10	70.0	0.0
20	70.0	0.0
30	70.0	0.0
40	70.0	0.0
50	70.0	0.0
60	70.0	0.0
70	70.0	0.0
80	70.0	0.0
90	77.33333333333333	0.0
100	75.66666666666667	0.0
110	91.0	0.0
120	164.33333333333334	0.0
130	294.6666666666667	0.0
140	345.0	0.0
150	292.0	0.0
160	81.0	0.0
170	342.0	0.0
180	384.3333333333333	0.0
190	258.6666666666667	0.0
200	301.3333333333333	0.0
210	188.33333333333334	0.0
220	370.0	0.0
230	418.0	0.0
240	521.3333333333334	0.0
250	492.0	0.0
260	417.6666666666667	0.0
270	358.0	0.0
280	357.0	0.0
290	469.6666666666667	0.0
300	345.0	0.0
310	443.3333333333333	0.0
320	642.6666666666666	0.0
330	904.6666666666666	0.0
340	922.6666666666666	0.0
350	891.0	0.0
360	814.0	0.0
370	965.5	0.0
380	1985.1666666666667	0.0
390	1528.3333333333333	0.0
400	1687.8333333333333	0.0
410	1659.3333333333333	0.0
420	1879.6666666666667	0.0
430	2079.6666666666665	0.0
440	2796.0	0.0
450	2140.3333333333335	0.0
460	1944.5	0.0
470	2563.8333333333335	0.0
480	1834.3333333333333	0.0
490	2389.0	0.0
500	2443.1666666666665	0.0
510	2167.5	0.0
520	2419.6666666666665	0.0
530	2617.3333333333335	0.0
540	2559.3333333333335	0.0
550	2383.1666666666665	0.0
560	2403.6666666666665	0.0
570	2606.5	0.0
580	2552.3333333333335	0.0
590	2306.5	0.0
600	2552.6666666666665	0.0
610	2456.6666666666665	0.0
620	2447.6666666666665	0.0
630	2367.3333333333335	0.0
640	2463.0	0.0
650	2438.0	0.0
660	2437.3333333333335	0.0
670	2363.0	0.0
680	2342.6666666666665	0.0
690	2619.3333333333335	0.0
700	2283.3333333333335	0.0
710	2589.6666666666665	0.0
720	2543.0	0.0
730	2358.0	0.0
740	2493.3333333333335	0.0
750	2426.0	0.0
760	2325.8333333333335	0.0
770	2431.6666666666665	0.0
780	2267.3333333333335	0.0
790	1807.3333333333333	0.0
800	2258.8333333333335	0.0
810	1747.3333333333333	0.0
820	1880.8333333333333	0.0
830	1803.3333333333333	0.0
840	1894.6666666666667	0.0
850	1950.1666666666667	0.0
860	2356.3333333333335	0.0
870	2354.6666666666665	0.0
880	1607.0	0.0
890	2463.0	0.0
900	2602.0	0.0
910	2223.6666666666665	0.0
920	2433.5	0.0
930	2427.0	0.0
940	2467.3333333333335	0.0
950	2451.1666666666665	0.0
960	2416.8333333333335	0.0
970	2414.1666666666665	0.0
980	2361.5	0.0
990	2598.5	0.0
1000	2566.1666666666665	0.0
