0	239.0	0.0
10	100.0	903.0
20	143.0	97.0
30	174.0	0.0
40	931.0	0.0
50	699.0	0.0
60	1825.6666666666667	0.0
70	1790.6666666666667	0.0
80	2080.6666666666665	0.0
90	2419.1666666666665	0.0
100	2166.6666666666665	0.0
110	2476.0	0.0
120	2306.6666666666665	0.0
130	2105.6666666666665	0.0
140	2183.3333333333335	0.0
150	2071.6666666666665	0.0
160	2241.8333333333335	0.0
170	2379.3333333333335	0.0
180	2406.8333333333335	0.0
190	2196.0	0.0
200	2377.0	0.0
210	2296.3333333333335	0.0
220	2291.6666666666665	0.0
230	2428.6666666666665	0.0
240	2371.0	0.0
250	2351.3333333333335	0.0
260	1757.3333333333333	0.0
270	1668.6666666666667	0.0
280	2076.0	0.0
290	2242.8333333333335	0.0
300	2172.6666666666665	0.0
310	2284.6666666666665	0.0
320	1783.0	0.0
330	2099.8333333333335	0.0
340	2908.8333333333335	0.0
350	2441.5	0.0
360	2517.8333333333335	0.0
370	2692.0	0.0
380	1840.3333333333333	0.0
390	1542.5	0.0
400	2294.0	0.0
410	1949.5	0.0
420	1734.6666666666667	0.0
430	2336.0	0.0
440	2566.3333333333335	0.0
450	2563.6666666666665	0.0
460	2452.6666666666665	0.0
470	2227.3333333333335	0.0
480	2518.5	0.0
490	2454.6666666666665	0.0
500	2390.8333333333335	0.0
510	2520.6666666666665	0.0
520	2633.0	0.0
530	2371.3333333333335	0.0
540	1666.0	0.0
550	1837.3333333333333	0.0
560	2322.3333333333335	0.0
570	1778.3333333333333	0.0
580	2148.0	0.0
590	2201.8333333333335	0.0
600	2228.6666666666665	0.0
610	2395.6666666666665	0.0
620	1834.1666666666667	0.0
630	2331.6666666666665	0.0
640	2486.1666666666665	0.0
650	2353.8333333333335	0.0
660	1720.3333333333333	0.0
670	2612.1666666666665	0.0
680	2540.6666666666665	0.0
690	2393.3333333333335	0.0
700	2355.6666666666665	0.0
710	2490.0	0.0
720	2095.6666666666665	0.0
730	2476.0	0.0
740	2535.3333333333335	0.0
750	2276.3333333333335	0.0
760	2448.0	0.0
770	2495.5	0.0
780	2254.6666666666665	0.0
790	1768.0	0.0
800	2367.6666666666665	0.0
810	2569.3333333333335	0.0
820	1740.3333333333333	0.0
830	1806.6666666666667	0.0
840	1764.1666666666667	0.0
850	2215.6666666666665	0.0
860	2496.5	0.0
870	2469.6666666666665	0.0
880	2312.0	0.0
890	1956.0	0.0
900	2280.3333333333335	0.0
910	1820.0	0.0
920	1959.0	0.0
930	1930.0	0.0
940	1835.3333333333333	0.0
950	2025.6666666666667	0.0
960	1853.0	0.0
970	1878.3333333333333	0.0
980	1805.3333333333333	0.0
990	2296.0	0.0
1000	1657.1666666666667	0.0
