0	243.33333333333334	0.0
10	143.33333333333334	1000.0
20	95.0	0.0
30	70.0	0.0
40	73.66666666666667	0.0
50	697.6666666666666	0.0
60	1429.6666666666667	0.0
70	1668.3333333333333	0.0
80	1860.0	0.0
90	1582.6666666666667	0.0
100	1988.6666666666667	0.0
110	2139.5	0.0
120	2202.6666666666665	0.0
130	2101.6666666666665	0.0
140	2580.1666666666665	0.0
150	2383.3333333333335	0.0
160	2396.8333333333335	0.0
170	2155.8333333333335	0.0
180	2168.0	0.0
190	2384.8333333333335	0.0
200	2247.8333333333335	0.0
210	2459.3333333333335	0.0
220	2402.0	0.0
230	2239.1666666666665	0.0
240	2337.6666666666665	0.0
250	2580.1666666666665	0.0
260	2377.3333333333335	0.0
270	2321.3333333333335	0.0
280	2372.3333333333335	0.0
290	1951.8333333333333	0.0
300	1852.5	0.0
310	1584.5	0.0
320	1942.3333333333333	0.0
330	1970.6666666666667	0.0
340	1881.0	0.0
350	1639.0	0.0
360	2003.6666666666667	0.0
370	2265.6666666666665	0.0
380	2274.3333333333335	0.0
390	1699.6666666666667	0.0
400	2221.6666666666665	0.0
410	1676.5	0.0
420	1824.5	0.0
430	2367.0	0.0
440	2446.1666666666665	0.0
450	1921.3333333333333	0.0
460	2166.0	0.0
470	2341.1666666666665	0.0
480	1839.0	0.0
490	2249.0	0.0
500	2431.6666666666665	0.0
510	2574.5	0.0
520	2041.6666666666667	0.0
530	1959.6666666666667	0.0
540	1489.5	0.0
550	2153.6666666666665	0.0
560	2417.6666666666665	0.0
570	2520.6666666666665	0.0
580	2407.1666666666665	0.0
590	2339.1666666666665	0.0
600	2539.3333333333335	0.0
610	2333.6666666666665	0.0
620	1636.3333333333333	0.0
630	2334.6666666666665	0.0
640	2673.6666666666665	0.0
650	2507.6666666666665	0.0
660	2528.6666666666665	0.0
670	2453.6666666666665	0.0
680	2604.0	0.0
690	2341.8333333333335	0.0
700	2441.6666666666665	0.0
710	2544.6666666666665	0.0
720	2509.3333333333335	0.0
730	2467.0	0.0
740	2607.6666666666665	0.0
750	2306.3333333333335	0.0
760	2507.3333333333335	0.0
770	2424.3333333333335	0.0
780	2215.0	0.0
790	2572.8333333333335	0.0
800	2574.6666666666665	0.0
810	2490.3333333333335	0.0
820	2127.1666666666665	0.0
830	2179.3333333333335	0.0
840	2389.8333333333335	0.0
850	2518.5	0.0
860	1969.0	0.0
870	2403.8333333333335	0.0
880	2566.3333333333335	0.0
890	2388.0	0.0
900	2612.0	0.0
910	1840.3333333333333	0.0
920	2046.6666666666667	0.0
930	1776.3333333333333	0.0
940	1837.6666666666667	0.0
950	1644.1666666666667	0.0
960	2028.8333333333333	0.0
970	1874.3333333333333	0.0
980	2477.3333333333335	0.0
990	1820.3333333333333	0.0
1000	1679.8333333333333	0.0
