0	278.0	0.0
10	100.0	1000.0
20	91.0	0.0
30	71.0	0.0
40	71.0	0.0
50	72.0	0.0
60	1416.6666666666667	0.0
70	479.3333333333333	0.0
80	221.0	0.0
90	179.33333333333334	0.0
100	1248.6666666666667	0.0
110	277.3333333333333	0.0
120	1160.0	0.0
130	1641.6666666666667	0.0
140	2109.3333333333335	0.0
150	1931.5	0.0
160	2050.8333333333335	0.0
170	2530.8333333333335	0.0
180	2263.1666666666665	0.0
190	2533.3333333333335	0.0
200	2379.0	0.0
210	2506.5	0.0
220	2399.6666666666665	0.0
230	2313.5	0.0
240	2541.6666666666665	0.0
250	2395.6666666666665	0.0
260	2056.0	0.0
270	2157.3333333333335	0.0
280	2390.0	0.0
290	2560.1666666666665	0.0
300	1786.3333333333333	0.0
310	1935.6666666666667	0.0
320	1719.0	0.0
330	1995.0	0.0
340	2090.1666666666665	0.0
350	2069.6666666666665	0.0
360	2141.6666666666665	0.0
370	1669.6666666666667	0.0
380	2188.1666666666665	0.0
390	1719.3333333333333	0.0
400	1240.3333333333333	0.0
410	2200.3333333333335	0.0
420	1654.0	0.0
430	1440.0	0.0
440	1967.1666666666667	0.0
450	1744.3333333333333	0.0
460	1973.8333333333333	0.0
470	2166.1666666666665	0.0
480	2057.6666666666665	0.0
490	1962.0	0.0
500	1788.3333333333333	0.0
510	2130.3333333333335	0.0
520	1598.6666666666667	0.0
530	1597.5	0.0
540	2159.0	0.0
550	2201.6666666666665	0.0
560	2269.6666666666665	0.0
570	2262.0	0.0
580	2632.6666666666665	0.0
590	2303.3333333333335	0.0
600	2481.5	0.0
