0	255.33333333333334	0.0
10	70.0	0.0
20	70.0	0.0
30	70.0	0.0
40	70.0	0.0
50	70.0	0.0
60	70.0	0.0
70	70.0	0.0
80	70.0	0.0
90	70.0	0.0
100	70.0	0.0
110	70.0	0.0
120	70.0	0.0
130	70.0	0.0
140	70.0	0.0
150	70.0	0.0
160	70.0	0.0
170	70.0	0.0
180	71.0	0.0
190	71.66666666666667	0.0
200	70.0	0.0
210	71.0	0.0
220	71.0	0.0
230	76.0	0.0
240	73.66666666666667	0.0
250	83.33333333333333	0.0
260	150.33333333333334	0.0
270	167.0	0.0
280	228.66666666666666	0.0
290	174.33333333333334	0.0
300	186.33333333333334	0.0
310	226.0	0.0
320	156.66666666666666	0.0
330	139.33333333333334	0.0
340	164.66666666666666	0.0
350	147.0	0.0
360	162.0	0.0
370	215.66666666666666	0.0
380	187.33333333333334	0.0
390	181.0	0.0
400	600.0	0.0
410	569.0	0.0
420	835.6666666666666	0.0
430	806.6666666666666	0.0
440	950.6666666666666	0.0
450	959.0	0.0
460	1638.6666666666667	0.0
470	1750.6666666666667	0.0
480	2361.3333333333335	0.0
490	1929.6666666666667	0.0
500	2330.3333333333335	0.0
510	2265.0	0.0
520	1705.0	0.0
530	2086.3333333333335	0.0
540	2152.5	0.0
550	2268.6666666666665	0.0
560	1981.3333333333333	0.0
570	1901.0	0.0
580	2391.6666666666665	0.0
590	2098.8333333333335	0.0
600	1992.5	0.0
