0	255.33333333333334	0.0
10	70.0	1000.0
20	70.0	0.0
30	70.0	0.0
40	70.0	0.0
50	70.0	0.0
60	70.0	0.0
70	70.0	0.0
80	70.0	0.0
90	70.0	0.0
100	70.0	0.0
110	70.0	0.0
120	70.0	0.0
130	70.0	0.0
140	70.0	0.0
150	70.0	0.0
160	70.0	0.0
170	70.0	0.0
180	70.0	0.0
190	70.66666666666667	0.0
200	72.66666666666667	0.0
210	70.66666666666667	0.0
220	70.66666666666667	0.0
230	88.0	0.0
240	89.0	0.0
250	76.0	0.0
260	127.0	0.0
270	93.66666666666667	0.0
280	400.0	0.0
290	192.66666666666666	0.0
300	312.6666666666667	0.0
310	173.66666666666666	0.0
320	159.33333333333334	0.0
330	172.33333333333334	0.0
340	311.0	0.0
350	262.6666666666667	0.0
360	154.33333333333334	0.0
370	172.33333333333334	0.0
380	155.0	0.0
390	186.66666666666666	0.0
400	155.0	0.0
410	285.3333333333333	0.0
420	210.66666666666666	0.0
430	429.0	0.0
440	247.33333333333334	0.0
450	373.0	0.0
460	220.0	0.0
470	272.0	0.0
480	317.3333333333333	0.0
490	375.3333333333333	0.0
500	331.6666666666667	0.0
