0	233.0	0.0
10	70.0	1000.0
20	70.0	0.0
30	70.0	0.0
40	70.0	0.0
50	70.0	0.0
60	70.0	0.0
70	70.0	0.0
80	70.0	0.0
90	70.0	0.0
100	70.0	0.0
110	70.0	0.0
120	70.0	0.0
130	70.0	0.0
140	70.0	0.0
150	70.33333333333333	0.0
160	70.0	0.0
170	70.0	0.0
180	71.0	0.0
190	71.33333333333333	0.0
200	75.66666666666667	0.0
210	70.66666666666667	0.0
220	71.33333333333333	0.0
230	148.66666666666666	0.0
240	287.6666666666667	0.0
250	168.0	0.0
260	327.0	0.0
270	266.3333333333333	0.0
280	142.33333333333334	0.0
290	143.0	0.0
300	169.0	0.0
310	279.0	0.0
320	145.66666666666666	0.0
330	147.0	0.0
340	228.0	0.0
350	155.0	0.0
360	170.33333333333334	0.0
370	271.3333333333333	0.0
380	267.3333333333333	0.0
390	244.33333333333334	0.0
400	210.66666666666666	0.0
410	217.33333333333334	0.0
420	294.3333333333333	0.0
430	188.66666666666666	0.0
440	310.6666666666667	0.0
450	262.0	0.0
460	389.0	0.0
470	377.0	0.0
480	519.3333333333334	0.0
490	289.6666666666667	0.0
500	433.3333333333333	0.0
