0	257.6666666666667	0.0
10	70.0	1000.0
20	70.0	0.0
30	70.0	0.0
40	70.0	0.0
50	70.0	0.0
60	70.0	0.0
70	70.0	0.0
80	70.0	0.0
90	70.0	0.0
100	70.0	0.0
110	70.0	0.0
120	70.0	0.0
130	70.0	0.0
140	70.0	0.0
150	70.0	0.0
160	70.0	0.0
170	70.0	0.0
180	71.33333333333333	0.0
190	70.33333333333333	0.0
200	70.33333333333333	0.0
210	72.66666666666667	0.0
220	72.66666666666667	0.0
230	70.33333333333333	0.0
240	137.33333333333334	0.0
250	151.66666666666666	0.0
260	274.6666666666667	0.0
270	191.33333333333334	0.0
280	144.33333333333334	0.0
290	204.0	0.0
300	155.66666666666666	0.0
310	138.0	0.0
320	162.33333333333334	0.0
330	162.33333333333334	0.0
340	130.0	0.0
350	138.0	0.0
360	130.0	0.0
370	138.0	0.0
380	235.0	0.0
390	162.66666666666666	0.0
400	202.66666666666666	0.0
410	297.0	0.0
420	495.0	0.0
430	595.3333333333334	0.0
440	570.6666666666666	0.0
450	818.6666666666666	0.0
460	639.6666666666666	0.0
470	554.6666666666666	0.0
480	834.0	0.0
490	1281.6666666666667	0.0
500	1055.6666666666667	0.0
