0	276.3333333333333	0.0
10	70.0	22.0
20	70.0	26.0
30	70.0	137.0
40	70.0	11.0
50	70.0	0.0
60	70.0	21.0
70	70.0	0.0
80	70.0	15.0
90	70.0	13.0
100	70.0	14.0
110	70.0	1.0
120	70.0	10.0
130	70.0	23.0
140	70.0	81.0
150	70.0	174.0
160	70.0	33.0
170	70.0	115.0
180	70.0	6.0
190	70.0	109.0
200	70.0	6.0
210	71.33333333333333	0.0
220	71.0	82.0
230	88.33333333333333	0.0
240	123.0	101.0
250	102.0	0.0
260	245.0	0.0
270	350.3333333333333	0.0
280	196.0	0.0
290	241.66666666666666	0.0
300	162.66666666666666	0.0
310	341.6666666666667	0.0
320	197.33333333333334	0.0
330	256.6666666666667	0.0
340	242.66666666666666	0.0
350	203.0	0.0
360	743.6666666666666	0.0
370	803.0	0.0
380	791.6666666666666	0.0
390	938.0	0.0
400	1117.0	0.0
410	1421.0	0.0
420	1677.0	0.0
430	1999.6666666666667	0.0
440	1345.3333333333333	0.0
450	1248.3333333333333	0.0
460	1878.6666666666667	0.0
470	1722.8333333333333	0.0
480	2095.6666666666665	0.0
490	2203.1666666666665	0.0
500	1983.3333333333333	0.0
510	1820.3333333333333	0.0
520	2130.6666666666665	0.0
530	2165.6666666666665	0.0
540	2158.3333333333335	0.0
550	2371.0	0.0
560	2378.6666666666665	0.0
570	2318.3333333333335	0.0
580	2302.0	0.0
590	2579.1666666666665	0.0
600	2351.6666666666665	0.0
610	2462.0	0.0
620	2694.3333333333335	0.0
630	2425.5	0.0
640	2715.3333333333335	0.0
650	2707.3333333333335	0.0
660	2678.0	0.0
670	2594.0	0.0
680	2549.0	0.0
690	2434.0	0.0
700	2421.1666666666665	0.0
710	2605.6666666666665	0.0
720	2648.0	0.0
730	2739.3333333333335	0.0
740	2634.3333333333335	0.0
750	2693.1666666666665	0.0
760	2753.0	0.0
770	2760.3333333333335	0.0
780	2591.3333333333335	0.0
790	2541.6666666666665	0.0
800	2496.5	0.0
810	2781.1666666666665	0.0
820	2570.5	0.0
830	2416.0	0.0
840	2684.3333333333335	0.0
850	2758.0	0.0
860	2581.1666666666665	0.0
870	2196.3333333333335	0.0
880	2186.8333333333335	0.0
890	2687.1666666666665	0.0
900	2266.0	0.0
910	2666.3333333333335	0.0
920	2518.1666666666665	0.0
930	2668.5	0.0
940	2602.3333333333335	0.0
950	2301.6666666666665	0.0
960	2583.8333333333335	0.0
970	1781.1666666666667	0.0
980	2012.6666666666667	0.0
990	2307.0	0.0
1000	1914.3333333333333	0.0
