0	261.3333333333333	0.0
10	70.0	1000.0
20	70.0	0.0
30	70.0	0.0
40	70.0	0.0
50	70.0	0.0
60	70.0	0.0
70	70.0	0.0
80	70.0	0.0
90	70.0	0.0
100	70.0	0.0
110	70.0	0.0
120	70.0	0.0
130	70.0	0.0
140	70.0	0.0
150	70.0	0.0
160	72.66666666666667	0.0
170	70.66666666666667	0.0
180	72.66666666666667	0.0
190	71.33333333333333	0.0
200	77.66666666666667	0.0
210	132.66666666666666	0.0
220	187.66666666666666	0.0
230	270.3333333333333	0.0
240	193.0	0.0
250	377.0	0.0
260	158.0	0.0
270	127.33333333333333	0.0
280	164.66666666666666	0.0
290	204.33333333333334	0.0
300	139.0	0.0
310	146.66666666666666	0.0
320	211.66666666666666	0.0
330	194.66666666666666	0.0
340	162.66666666666666	0.0
350	239.66666666666666	0.0
360	287.0	0.0
370	183.66666666666666	0.0
380	377.3333333333333	0.0
390	534.6666666666666	0.0
400	527.6666666666666	0.0
410	615.6666666666666	0.0
420	732.6666666666666	0.0
430	738.6666666666666	0.0
440	829.3333333333334	0.0
450	1298.0	0.0
460	1389.3333333333333	0.0
470	1575.3333333333333	0.0
480	1840.3333333333333	0.0
490	1917.0	0.0
500	1627.6666666666667	0.0
510	2050.3333333333335	0.0
520	2112.6666666666665	0.0
530	1917.3333333333333	0.0
540	1993.0	0.0
550	1662.3333333333333	0.0
560	2386.3333333333335	0.0
570	2084.0	0.0
580	2092.6666666666665	0.0
590	2417.1666666666665	0.0
600	1749.3333333333333	0.0
610	2270.3333333333335	0.0
620	1934.6666666666667	0.0
630	2139.6666666666665	0.0
640	2188.0	0.0
650	2097.3333333333335	0.0
660	2172.6666666666665	0.0
670	2165.6666666666665	0.0
680	2346.6666666666665	0.0
690	2311.8333333333335	0.0
700	2308.0	0.0
710	2542.1666666666665	0.0
720	2440.0	0.0
730	2039.1666666666667	0.0
740	2578.5	0.0
750	2231.3333333333335	0.0
760	2560.0	0.0
770	2156.1666666666665	0.0
780	2566.1666666666665	0.0
790	2458.0	0.0
800	2564.5	0.0
