0	242.66666666666666	0.0
10	70.0	0.0
20	70.0	0.0
30	70.0	0.0
40	70.0	0.0
50	70.0	0.0
60	70.0	0.0
70	70.0	0.0
80	71.66666666666667	0.0
90	72.66666666666667	0.0
100	90.66666666666667	0.0
110	135.0	0.0
120	143.66666666666666	0.0
130	406.3333333333333	0.0
140	94.0	0.0
150	509.3333333333333	0.0
160	101.33333333333333	0.0
170	236.66666666666666	0.0
180	533.3333333333334	0.0
190	279.0	0.0
200	128.66666666666666	0.0
210	408.0	0.0
220	408.0	0.0
230	308.0	0.0
240	272.3333333333333	0.0
250	355.0	0.0
260	370.6666666666667	0.0
270	349.3333333333333	0.0
280	449.3333333333333	0.0
290	443.0	0.0
300	642.3333333333334	0.0
310	863.8333333333334	0.0
320	666.3333333333334	0.0
330	715.0	0.0
340	1163.6666666666667	0.0
350	1091.3333333333333	0.0
360	1472.3333333333333	0.0
370	1219.6666666666667	0.0
380	1335.6666666666667	0.0
390	1561.0	0.0
400	1283.0	0.0
410	1612.0	0.0
420	1748.8333333333333	0.0
430	1620.1666666666667	0.0
440	1426.6666666666667	0.0
450	2026.5	0.0
460	1933.0	0.0
470	1573.0	0.0
480	1480.8333333333333	0.0
490	1715.3333333333333	0.0
500	1604.6666666666667	0.0
510	2271.5	0.0
520	1805.0	0.0
530	1747.3333333333333	0.0
540	1936.8333333333333	0.0
550	1958.3333333333333	0.0
560	1940.6666666666667	0.0
570	1852.3333333333333	0.0
580	1889.6666666666667	0.0
590	2135.0	0.0
600	2274.5	0.0
