0	258.0	0.0
10	70.0	17.0
20	70.0	0.0
30	70.0	0.0
40	70.0	0.0
50	70.0	0.0
60	70.0	0.0
70	70.0	0.0
80	70.0	0.0
90	70.66666666666667	0.0
100	77.33333333333333	0.0
110	193.66666666666666	0.0
120	109.0	0.0
130	297.3333333333333	0.0
140	498.6666666666667	0.0
150	172.66666666666666	0.0
160	133.66666666666666	0.0
170	105.66666666666667	0.0
180	138.33333333333334	0.0
190	381.3333333333333	0.0
200	324.6666666666667	0.0
210	440.3333333333333	0.0
220	383.6666666666667	0.0
230	246.33333333333334	0.0
240	351.0	0.0
250	202.0	0.0
260	265.3333333333333	0.0
270	447.3333333333333	0.0
280	693.0	0.0
290	435.0	0.0
300	504.6666666666667	0.0
310	630.0	0.0
320	761.3333333333334	0.0
330	698.3333333333334	0.0
340	710.6666666666666	0.0
350	1208.0	0.0
360	1242.3333333333333	0.0
370	1572.0	0.0
380	1980.8333333333333	0.0
390	2127.3333333333335	0.0
400	2030.5	0.0
410	1899.5	0.0
420	1735.8333333333333	0.0
430	2189.0	0.0
440	2049.8333333333335	0.0
450	1789.6666666666667	0.0
460	1706.6666666666667	0.0
470	2395.0	0.0
480	2404.3333333333335	0.0
490	2034.0	0.0
500	1848.6666666666667	0.0
510	2080.6666666666665	0.0
520	2165.1666666666665	0.0
530	1705.3333333333333	0.0
540	1870.6666666666667	0.0
550	2207.8333333333335	0.0
560	1918.3333333333333	0.0
570	1494.8333333333333	0.0
580	1649.0	0.0
590	2163.6666666666665	0.0
600	2265.0	0.0
