0	258.2888888888889	0.0
10	70.0	0.0
20	70.0	0.0
30	70.0	0.0
40	70.0	0.0
50	70.0	0.0
60	70.0	0.0
70	70.02222222222221	0.0
80	70.75555555555555	0.0
90	75.71111111111112	0.0
100	90.4	0.0
110	154.14444444444447	0.0
120	171.41111111111107	0.0
130	188.14444444444445	0.0
140	191.08888888888893	0.0
150	259.5611111111112	0.0
160	249.7666666666667	0.0
170	240.3555555555555	0.0
180	293.80000000000007	0.0
190	313.93333333333334	0.0
200	321.54444444444437	0.0
210	327.2666666666667	0.0
220	328.4555555555555	0.0
230	361.8833333333334	0.0
240	408.75000000000006	0.0
250	498.42777777777775	0.0
260	559.3555555555555	0.0
270	586.1777777777778	0.0
280	650.4888888888889	0.0
290	681.9666666666668	0.0
300	766.9944444444444	0.0
310	804.4444444444447	0.0
320	895.9833333333333	0.0
330	1044.0444444444445	0.0
340	1157.6111111111109	0.0
350	1320.2055555555555	0.0
360	1426.0388888888888	0.0
370	1580.9888888888888	0.0
380	1648.2777777777774	0.0
390	1719.1944444444443	0.0
400	1857.072222222222	0.0
410	1905.0166666666669	0.0
420	1894.711111111111	0.0
430	1955.2722222222221	0.0
440	1881.077777777778	0.0
450	1949.6944444444441	0.0
460	2010.45	0.0
470	1922.0333333333333	0.0
480	1940.2111111111112	0.0
490	1919.5722222222223	0.0
500	1982.127777777778	0.0
510	1978.1499999999999	0.0
520	1909.716666666667	0.0
530	1997.9444444444443	0.0
540	1925.8	0.0
550	1983.5444444444443	0.0
560	1965.1944444444446	0.0
570	1845.2055555555555	0.0
580	1974.5944444444442	0.0
590	1996.0722222222223	0.0
600	1956.2666666666667	0.0
610	1994.4999999999998	0.0
620	2006.9944444444443	0.0
630	2012.9333333333334	0.0
640	2005.4944444444445	0.0
650	1962.038888888889	0.0
660	1982.2666666666669	0.0
670	1935.3555555555552	0.0
680	2072.1722222222224	0.0
690	2041.4444444444446	0.0
700	1979.1611111111113	0.0
710	2021.2055555555555	0.0
720	2136.2	0.0
730	2033.261111111111	0.0
740	2213.0111111111114	0.0
750	2184.1277777777777	0.0
760	2244.744444444445	0.0
770	2241.1722222222215	0.0
780	2225.805555555555	0.0
790	2201.616666666667	0.0
800	2151.9055555555556	0.0
810	2222.322222222222	0.0
820	2236.2944444444443	0.0
830	2237.111111111111	0.0
840	2263.0277777777783	0.0
850	2365.127777777778	0.0
860	2282.222222222222	0.0
870	2304.005555555556	0.0
880	2277.4611111111108	0.0
890	2190.1833333333334	0.0
900	2316.361111111111	0.0
910	2338.4388888888884	0.0
920	2306.3499999999995	0.0
930	2249.305555555555	0.0
940	2287.9666666666667	0.0
950	2212.8722222222223	0.0
960	2244.311111111111	0.0
970	2251.766666666667	0.0
980	2296.4388888888884	0.0
990	2220.5222222222224	0.0
1000	2246.405555555555	0.0
