0	294.0	0.0
10	70.0	0.0
20	70.0	0.0
30	70.0	0.0
40	70.0	0.0
50	70.0	0.0
60	70.0	0.0
70	70.0	0.0
80	71.0	0.0
90	72.33333333333333	0.0
100	90.66666666666667	0.0
110	158.33333333333334	0.0
120	90.66666666666667	0.0
130	72.66666666666667	0.0
140	281.0	0.0
150	113.0	0.0
160	446.3333333333333	0.0
170	112.33333333333333	0.0
180	514.6666666666666	0.0
190	501.6666666666667	0.0
200	389.3333333333333	0.0
210	489.6666666666667	0.0
220	696.6666666666666	0.0
230	661.6666666666666	0.0
240	600.3333333333334	0.0
250	914.0	0.0
260	1787.0	0.0
270	1453.3333333333333	0.0
280	1353.3333333333333	0.0
290	2318.1666666666665	0.0
300	2392.1666666666665	0.0
310	2199.3333333333335	0.0
320	1873.8333333333333	0.0
330	2421.8333333333335	0.0
340	2546.0	0.0
350	2104.8333333333335	0.0
360	2594.5	0.0
370	2451.6666666666665	0.0
380	2308.3333333333335	0.0
390	2467.0	0.0
400	2211.0	0.0
410	2435.0	0.0
420	2265.3333333333335	0.0
430	2290.5	0.0
440	2506.8333333333335	0.0
450	2479.3333333333335	0.0
460	2417.3333333333335	0.0
470	2420.0	0.0
480	1667.3333333333333	0.0
490	1725.8333333333333	0.0
500	2140.8333333333335	0.0
510	1921.0	0.0
520	1619.0	0.0
530	1834.0	0.0
540	1271.6666666666667	0.0
550	1431.6666666666667	0.0
560	1438.6666666666667	0.0
570	1205.6666666666667	0.0
580	2267.6666666666665	0.0
590	2117.5	0.0
600	1429.3333333333333	0.0
610	2517.0	0.0
620	2417.0	0.0
630	2000.6666666666667	0.0
640	2393.3333333333335	0.0
650	2488.6666666666665	0.0
660	2279.5	0.0
670	2329.6666666666665	0.0
680	2472.8333333333335	0.0
690	2276.0	0.0
700	2593.6666666666665	0.0
710	2182.0	0.0
720	2364.6666666666665	0.0
730	2511.6666666666665	0.0
740	2532.3333333333335	0.0
750	2612.0	0.0
760	2425.8333333333335	0.0
770	2300.5	0.0
780	2519.6666666666665	0.0
790	1743.0	0.0
800	2004.6666666666667	0.0
810	2387.1666666666665	0.0
820	1738.3333333333333	0.0
830	2314.6666666666665	0.0
840	2446.0	0.0
850	2589.5	0.0
860	2167.6666666666665	0.0
870	2492.0	0.0
880	1906.3333333333333	0.0
890	1680.5	0.0
900	2435.3333333333335	0.0
910	1839.6666666666667	0.0
920	1753.0	0.0
930	1609.6666666666667	0.0
940	1821.6666666666667	0.0
950	1849.3333333333333	0.0
960	1785.8333333333333	0.0
970	2499.6666666666665	0.0
980	2643.0	0.0
990	1751.3333333333333	0.0
1000	1887.0	0.0
