0	255.66666666666666	0.0
10	2059.6666666666665	1000.0
20	1990.0	0.0
30	2127.6666666666665	0.0
40	2020.8333333333333	0.0
50	2080.8333333333335	0.0
60	2112.3333333333335	0.0
70	2079.3333333333335	0.0
80	2158.6666666666665	0.0
90	2162.1666666666665	0.0
100	2064.8333333333335	0.0
110	2130.5	0.0
120	2067.6666666666665	0.0
130	2091.8333333333335	0.0
140	2273.1666666666665	0.0
150	2179.3333333333335	0.0
160	2128.5	0.0
170	2377.0	0.0
180	2176.5	0.0
190	2104.8333333333335	0.0
200	2227.1666666666665	0.0
210	1991.1666666666667	0.0
220	2207.0	0.0
230	2191.0	0.0
240	2224.6666666666665	0.0
250	2228.8333333333335	0.0
260	2228.3333333333335	0.0
270	2281.0	0.0
280	2273.8333333333335	0.0
290	2465.3333333333335	0.0
300	2358.0	0.0
310	2589.5	0.0
320	2432.6666666666665	0.0
330	2384.6666666666665	0.0
340	2382.1666666666665	0.0
350	2373.3333333333335	0.0
360	2330.1666666666665	0.0
370	2329.1666666666665	0.0
380	2395.1666666666665	0.0
390	2276.3333333333335	0.0
400	2367.0	0.0
410	2478.3333333333335	0.0
420	2640.1666666666665	0.0
430	2477.3333333333335	0.0
440	2339.6666666666665	0.0
450	2472.3333333333335	0.0
460	2508.8333333333335	0.0
470	2438.3333333333335	0.0
480	2724.3333333333335	0.0
490	2447.6666666666665	0.0
500	2439.6666666666665	0.0
