0	258.33333333333337	0.0
10	70.0	0.0
20	70.0	0.0
30	70.0	0.0
40	70.0	0.0
50	70.0	0.0
60	70.0	0.0
70	70.0	0.0
80	70.66666666666669	0.0
90	74.52222222222221	0.0
100	87.9777777777778	0.0
110	132.6	0.0
120	179.22222222222217	0.0
130	229.6055555555555	0.0
140	213.97777777777776	0.0
150	254.57222222222225	0.0
160	229.5	0.0
170	253.0777777777778	0.0
180	293.63333333333327	0.0
190	286.8666666666666	0.0
200	303.6444444444444	0.0
210	295.5222222222221	0.0
220	285.27777777777777	0.0
230	372.41111111111115	0.0
240	330.1111111111111	0.0
250	360.86666666666673	0.0
260	397.0333333333334	0.0
270	426.09999999999997	0.0
280	489.78333333333325	0.0
290	568.2166666666667	0.0
300	641.1722222222222	0.0
310	733.0777777777778	0.0
320	870.0611111111114	0.0
330	1015.3000000000001	0.0
340	1174.5277777777778	0.0
350	1418.95	0.0
360	1495.6722222222224	0.0
370	1695.383333333333	0.0
380	1802.3166666666668	0.0
390	1778.9388888888889	0.0
400	1846.594444444444	0.0
410	2032.8944444444444	0.0
420	1909.133333333333	0.0
430	2054.022222222223	0.0
440	2034.7555555555552	0.0
450	2067.472222222222	0.0
460	2139.3333333333335	0.0
470	2014.9166666666667	0.0
480	2043.5944444444444	0.0
490	2074.272222222223	0.0
500	2028.5611111111111	0.0
510	2049.1611111111115	0.0
520	2067.0222222222224	0.0
530	2029.1055555555554	0.0
540	2001.1000000000001	0.0
550	2060.3333333333335	0.0
560	2091.188888888889	0.0
570	2119.2	0.0
580	2090.655555555555	0.0
590	2033.3	0.0
600	1953.9000000000005	0.0
610	2103.8888888888887	0.0
620	1963.3555555555554	0.0
630	2009.5666666666664	0.0
640	2108.7055555555553	0.0
650	1969.022222222222	0.0
660	2068.3611111111113	0.0
670	2133.45	0.0
680	2065.916666666667	0.0
690	2036.7833333333335	0.0
700	2147.211111111111	0.0
710	2201.3444444444444	0.0
720	2171.2722222222214	0.0
730	2105.7166666666662	0.0
740	2122.1	0.0
750	2228.6611111111106	0.0
760	2179.877777777778	0.0
770	2176.477777777777	0.0
780	2091.5611111111116	0.0
790	2148.2055555555553	0.0
800	2222.0333333333338	0.0
810	2159.2500000000005	0.0
820	2083.4166666666665	0.0
830	2193.744444444444	0.0
840	2186.2611111111114	0.0
850	2138.4	0.0
860	2185.7222222222217	0.0
870	2219.855555555556	0.0
880	2192.1277777777773	0.0
890	2209.1555555555556	0.0
900	2310.627777777778	0.0
910	2259.3055555555557	0.0
920	2192.5722222222225	0.0
930	2266.4555555555557	0.0
940	2235.5111111111114	0.0
950	2106.2611111111105	0.0
960	2164.394444444444	0.0
970	2207.2055555555553	0.0
980	2240.2388888888886	0.0
990	2195.7055555555557	0.0
1000	2220.516666666667	0.0
