0	245.66666666666666	0.0
10	70.0	0.0
20	70.0	0.0
30	70.0	0.0
40	70.0	0.0
50	70.0	0.0
60	70.0	0.0
70	70.0	0.0
80	71.33333333333333	0.0
90	74.66666666666667	0.0
100	99.66666666666667	0.0
110	85.33333333333333	0.0
120	77.33333333333333	0.0
130	329.3333333333333	0.0
140	71.0	0.0
150	164.0	0.0
160	157.66666666666666	0.0
170	155.33333333333334	0.0
180	159.0	0.0
190	142.0	0.0
200	249.66666666666666	0.0
210	263.3333333333333	0.0
220	258.3333333333333	0.0
230	270.6666666666667	0.0
240	303.0	0.0
250	299.3333333333333	0.0
260	336.3333333333333	0.0
270	261.3333333333333	0.0
280	296.6666666666667	0.0
290	376.6666666666667	0.0
300	352.6666666666667	0.0
310	394.0	0.0
320	467.0	0.0
330	623.0	0.0
340	526.3333333333334	0.0
350	698.0	0.0
360	667.0	0.0
370	900.6666666666666	0.0
380	1036.6666666666667	0.0
390	879.8333333333334	0.0
400	1109.0	0.0
410	1352.0	0.0
420	1232.8333333333333	0.0
430	1663.5	0.0
440	1544.8333333333333	0.0
450	1285.3333333333333	0.0
460	1762.0	0.0
470	1536.3333333333333	0.0
480	1984.3333333333333	0.0
490	1860.1666666666667	0.0
500	1541.6666666666667	0.0
510	2105.0	0.0
520	2268.3333333333335	0.0
530	1854.1666666666667	0.0
540	1958.3333333333333	0.0
550	1624.3333333333333	0.0
560	2572.1666666666665	0.0
570	2360.5	0.0
580	2281.3333333333335	0.0
590	2307.6666666666665	0.0
600	2305.6666666666665	0.0
610	2592.3333333333335	0.0
620	1545.6666666666667	0.0
630	2140.6666666666665	0.0
640	2425.3333333333335	0.0
650	2488.3333333333335	0.0
660	1844.8333333333333	0.0
670	1873.3333333333333	0.0
680	1790.6666666666667	0.0
690	1889.6666666666667	0.0
700	2217.5	0.0
710	2317.1666666666665	0.0
720	2219.6666666666665	0.0
730	2000.8333333333333	0.0
740	2336.5	0.0
750	2266.3333333333335	0.0
760	2508.6666666666665	0.0
770	2661.0	0.0
780	2119.6666666666665	0.0
790	2172.6666666666665	0.0
800	1787.6666666666667	0.0
810	2396.8333333333335	0.0
820	1889.6666666666667	0.0
830	2389.3333333333335	0.0
840	2400.6666666666665	0.0
850	2602.3333333333335	0.0
860	2441.6666666666665	0.0
870	2574.3333333333335	0.0
880	2414.1666666666665	0.0
890	2441.0	0.0
900	2513.0	0.0
910	2714.5	0.0
920	2308.3333333333335	0.0
930	1996.6666666666667	0.0
940	2417.6666666666665	0.0
950	2535.1666666666665	0.0
960	2193.3333333333335	0.0
970	2699.0	0.0
980	2576.8333333333335	0.0
990	1650.3333333333333	0.0
1000	1748.3333333333333	0.0
