0	281.3333333333333	0.0
10	70.0	0.0
20	70.0	0.0
30	70.0	0.0
40	70.0	0.0
50	70.0	0.0
60	70.0	0.0
70	70.0	0.0
80	70.0	0.0
90	74.66666666666667	0.0
100	88.66666666666667	0.0
110	211.33333333333334	0.0
120	314.0	0.0
130	166.33333333333334	0.0
140	188.66666666666666	0.0
150	174.33333333333334	0.0
160	171.66666666666666	0.0
170	286.0	0.0
180	295.0	0.0
190	301.3333333333333	0.0
200	245.66666666666666	0.0
210	339.3333333333333	0.0
220	283.6666666666667	0.0
230	370.0	0.0
240	240.0	0.0
250	268.6666666666667	0.0
260	506.6666666666667	0.0
270	284.6666666666667	0.0
280	518.0	0.0
290	576.0	0.0
300	725.0	0.0
310	1098.6666666666667	0.0
320	1106.6666666666667	0.0
330	1528.5	0.0
340	1637.6666666666667	0.0
350	1918.3333333333333	0.0
360	1943.8333333333333	0.0
370	1975.8333333333333	0.0
380	2463.3333333333335	0.0
390	2310.0	0.0
400	2418.3333333333335	0.0
410	2308.0	0.0
420	2371.6666666666665	0.0
430	1655.3333333333333	0.0
440	2513.8333333333335	0.0
450	2357.6666666666665	0.0
460	2329.3333333333335	0.0
470	2413.6666666666665	0.0
480	2351.6666666666665	0.0
490	2494.0	0.0
500	2314.8333333333335	0.0
510	2592.1666666666665	0.0
520	2143.3333333333335	0.0
530	2059.1666666666665	0.0
540	1753.6666666666667	0.0
550	1670.3333333333333	0.0
560	1780.6666666666667	0.0
570	2081.6666666666665	0.0
580	1942.0	0.0
590	2211.0	0.0
600	2146.6666666666665	0.0
610	2067.0	0.0
620	1368.3333333333333	0.0
630	1891.5	0.0
640	2078.3333333333335	0.0
650	2309.6666666666665	0.0
660	2443.0	0.0
670	2432.5	0.0
680	2459.3333333333335	0.0
690	2315.3333333333335	0.0
700	2442.0	0.0
710	1933.1666666666667	0.0
720	2286.8333333333335	0.0
730	2661.0	0.0
740	2262.0	0.0
750	2715.1666666666665	0.0
760	2541.0	0.0
770	1944.0	0.0
780	1586.3333333333333	0.0
790	2363.0	0.0
800	2293.1666666666665	0.0
810	1896.5	0.0
820	1894.5	0.0
830	1608.0	0.0
840	2048.0	0.0
850	2123.8333333333335	0.0
860	2198.6666666666665	0.0
870	1910.1666666666667	0.0
880	2144.6666666666665	0.0
890	1885.6666666666667	0.0
900	1877.5	0.0
910	2299.3333333333335	0.0
920	2323.6666666666665	0.0
930	2244.0	0.0
940	2594.6666666666665	0.0
950	2619.6666666666665	0.0
960	2299.0	0.0
970	2398.0	0.0
980	1636.5	0.0
990	1649.0	0.0
1000	2073.6666666666665	0.0
