0	306.0	0.0
10	70.0	0.0
20	70.0	0.0
30	70.0	0.0
40	70.0	0.0
50	70.0	0.0
60	70.0	0.0
70	70.0	0.0
80	70.33333333333333	0.0
90	72.66666666666667	0.0
100	78.33333333333333	0.0
110	188.66666666666666	0.0
120	150.0	0.0
130	71.0	0.0
140	344.0	0.0
150	181.33333333333334	0.0
160	345.0	0.0
170	282.3333333333333	0.0
180	136.0	0.0
190	230.33333333333334	0.0
200	324.3333333333333	0.0
210	327.3333333333333	0.0
220	294.3333333333333	0.0
230	336.0	0.0
240	294.0	0.0
250	269.0	0.0
260	278.0	0.0
270	455.0	0.0
280	311.6666666666667	0.0
290	414.3333333333333	0.0
300	516.6666666666666	0.0
310	449.6666666666667	0.0
320	557.6666666666666	0.0
330	644.0	0.0
340	727.5	0.0
350	1208.3333333333333	0.0
360	1155.8333333333333	0.0
370	1285.0	0.0
380	1492.0	0.0
390	1810.6666666666667	0.0
400	2165.6666666666665	0.0
410	2523.8333333333335	0.0
420	2319.0	0.0
430	2524.0	0.0
440	2106.6666666666665	0.0
450	2269.0	0.0
460	2408.5	0.0
470	2364.0	0.0
480	2497.8333333333335	0.0
490	1771.0	0.0
500	2378.0	0.0
510	1971.5	0.0
520	2139.8333333333335	0.0
530	1958.5	0.0
540	1697.6666666666667	0.0
550	2402.6666666666665	0.0
560	2553.6666666666665	0.0
570	2492.6666666666665	0.0
580	2634.3333333333335	0.0
590	1936.3333333333333	0.0
600	2077.6666666666665	0.0
610	1866.6666666666667	0.0
620	2054.0	0.0
630	2551.5	0.0
640	2039.6666666666667	0.0
650	1496.0	0.0
660	1333.1666666666667	0.0
670	1526.5	0.0
680	1634.3333333333333	0.0
690	2583.3333333333335	0.0
700	2536.5	0.0
710	2530.6666666666665	0.0
720	2326.6666666666665	0.0
730	2218.1666666666665	0.0
740	2188.1666666666665	0.0
750	2582.6666666666665	0.0
760	2497.0	0.0
770	2470.8333333333335	0.0
780	2354.6666666666665	0.0
790	2440.0	0.0
800	1975.1666666666667	0.0
810	2046.3333333333333	0.0
820	2414.3333333333335	0.0
830	2306.0	0.0
840	1683.6666666666667	0.0
850	2626.5	0.0
860	2345.5	0.0
870	2221.3333333333335	0.0
880	1985.3333333333333	0.0
890	2412.1666666666665	0.0
900	2340.5	0.0
910	2518.5	0.0
920	2302.3333333333335	0.0
930	2188.6666666666665	0.0
940	2579.6666666666665	0.0
950	2026.1666666666667	0.0
960	2112.5	0.0
970	1820.0	0.0
980	1975.6666666666667	0.0
990	2124.6666666666665	0.0
1000	1899.3333333333333	0.0
