0	286.6666666666667	0.0
10	70.0	0.0
20	70.0	0.0
30	70.0	0.0
40	70.0	0.0
50	70.0	1.0
60	70.0	0.0
70	70.0	0.0
80	71.33333333333333	0.0
90	72.0	0.0
100	72.0	0.0
110	261.6666666666667	5.0
120	75.33333333333333	4.0
130	377.6666666666667	16.0
140	75.33333333333333	24.0
150	469.0	0.0
160	711.6666666666666	4.0
170	1154.0	16.0
180	1459.3333333333333	7.0
190	1842.6666666666667	5.0
200	1884.0	3.0
210	2289.6666666666665	3.0
220	2452.1666666666665	19.0
230	2284.1666666666665	5.0
240	1872.6666666666667	23.0
250	2445.6666666666665	8.0
260	2526.0	11.0
270	2435.3333333333335	3.0
280	2494.0	5.0
290	2248.0	8.0
300	2359.0	13.0
310	2326.3333333333335	4.0
320	2247.3333333333335	9.0
330	2478.0	7.0
340	2542.6666666666665	3.0
350	2481.5	7.0
360	2360.6666666666665	6.0
370	2431.8333333333335	8.0
380	2377.6666666666665	2.0
390	2246.6666666666665	7.0
400	2120.8333333333335	7.0
410	2299.3333333333335	6.0
420	2450.3333333333335	6.0
430	2536.3333333333335	2.0
440	2227.3333333333335	13.0
450	2415.3333333333335	4.0
460	2353.0	1.0
470	2694.3333333333335	9.0
480	2337.6666666666665	11.0
490	1777.6666666666667	10.0
500	1928.5	7.0
510	2143.5	17.0
520	2032.8333333333333	7.0
530	2017.1666666666667	16.0
540	2278.1666666666665	24.0
550	2010.6666666666667	6.0
560	1580.1666666666667	20.0
570	1928.3333333333333	20.0
580	1820.3333333333333	4.0
590	2183.0	16.0
600	1826.0	15.0
610	2319.3333333333335	8.0
620	1597.6666666666667	11.0
630	2094.3333333333335	0.0
640	2049.3333333333335	7.0
650	1921.3333333333333	1.0
660	1663.6666666666667	4.0
670	1665.6666666666667	9.0
680	2248.3333333333335	4.0
690	2301.0	7.0
700	2283.5	7.0
710	2763.6666666666665	8.0
720	2045.8333333333333	3.0
730	2648.1666666666665	17.0
740	2466.0	18.0
750	1772.3333333333333	6.0
760	1639.6666666666667	4.0
770	1834.8333333333333	8.0
780	2077.5	7.0
790	2543.8333333333335	14.0
800	1886.3333333333333	15.0
810	2184.0	16.0
820	1916.3333333333333	13.0
830	2496.6666666666665	16.0
840	2539.1666666666665	6.0
850	2319.3333333333335	6.0
860	2414.8333333333335	6.0
870	2302.3333333333335	2.0
880	2389.5	2.0
890	2551.3333333333335	5.0
900	2264.0	5.0
910	2291.6666666666665	12.0
920	2447.0	7.0
930	2401.6666666666665	8.0
940	2269.1666666666665	3.0
950	2516.1666666666665	1.0
960	2466.0	10.0
970	1787.6666666666667	14.0
980	2065.6666666666665	15.0
990	1868.6666666666667	24.0
1000	2199.6666666666665	10.0
