0	277.0	0.0
10	70.0	0.0
20	70.0	0.0
30	70.0	0.0
40	70.0	0.0
50	70.0	0.0
60	70.0	0.0
70	70.0	0.0
80	71.33333333333333	0.0
90	70.0	0.0
100	102.0	0.0
110	70.66666666666667	16.0
120	83.66666666666667	0.0
130	150.66666666666666	0.0
140	337.6666666666667	1.0
150	294.6666666666667	6.0
160	707.6666666666666	9.0
170	1987.0	10.0
180	627.3333333333334	4.0
190	1548.6666666666667	8.0
200	1630.3333333333333	10.0
210	1778.3333333333333	10.0
220	1523.3333333333333	3.0
230	1203.0	6.0
240	2375.0	12.0
250	2399.6666666666665	2.0
260	2238.3333333333335	20.0
270	2319.6666666666665	2.0
280	2141.3333333333335	2.0
290	2416.6666666666665	2.0
300	2332.0	3.0
310	2239.0	4.0
320	2399.0	2.0
330	2293.6666666666665	6.0
340	2617.6666666666665	0.0
350	2211.3333333333335	6.0
360	2428.5	3.0
370	2684.1666666666665	1.0
380	2470.0	1.0
390	2169.6666666666665	6.0
400	2512.0	20.0
410	1730.6666666666667	2.0
420	1602.5	4.0
430	1831.3333333333333	5.0
440	1625.3333333333333	6.0
450	1976.3333333333333	12.0
460	2052.3333333333335	8.0
470	1931.6666666666667	5.0
480	1927.8333333333333	10.0
490	2138.8333333333335	10.0
500	2102.5	13.0
510	1761.6666666666667	20.0
520	2097.3333333333335	5.0
530	2038.0	8.0
540	1934.0	5.0
550	1892.0	13.0
560	2332.3333333333335	28.0
570	2108.0	11.0
580	1862.8333333333333	14.0
590	2053.3333333333335	22.0
600	1688.0	11.0
610	1892.5	13.0
620	2617.5	4.0
630	2492.0	12.0
640	2397.0	14.0
650	1449.6666666666667	15.0
660	1913.6666666666667	10.0
670	1706.3333333333333	9.0
680	2442.0	1.0
690	2676.6666666666665	10.0
700	2279.6666666666665	14.0
710	2337.8333333333335	8.0
720	2177.6666666666665	15.0
730	2704.5	2.0
740	2515.0	2.0
750	1986.8333333333333	5.0
760	2027.6666666666667	10.0
770	1944.0	10.0
780	1754.6666666666667	11.0
790	2024.3333333333333	11.0
800	1878.3333333333333	7.0
810	2045.3333333333333	15.0
820	1853.0	6.0
830	1861.0	11.0
840	2016.3333333333333	21.0
850	1867.3333333333333	3.0
860	1903.3333333333333	0.0
870	2215.3333333333335	19.0
880	1634.6666666666667	17.0
890	2242.6666666666665	8.0
900	1574.0	8.0
910	1791.3333333333333	8.0
920	1607.1666666666667	18.0
930	1818.8333333333333	7.0
940	1742.8333333333333	2.0
950	2275.1666666666665	11.0
960	2570.8333333333335	9.0
970	2541.1666666666665	12.0
980	2122.5	4.0
990	1880.0	13.0
1000	2005.6666666666667	16.0
