0	255.33333333333334	0.0
10	70.0	0.0
20	70.0	0.0
30	70.0	0.0
40	70.0	0.0
50	70.0	0.0
60	70.0	0.0
70	70.0	0.0
80	70.0	0.0
90	71.0	0.0
100	87.33333333333333	0.0
110	70.66666666666667	0.0
120	87.33333333333333	0.0
130	333.0	0.0
140	72.0	0.0
150	312.3333333333333	0.0
160	704.3333333333334	0.0
170	250.66666666666666	0.0
180	327.3333333333333	0.0
190	322.3333333333333	0.0
200	158.0	0.0
210	354.3333333333333	0.0
220	234.0	0.0
230	343.3333333333333	0.0
240	405.0	0.0
250	263.6666666666667	0.0
260	360.6666666666667	0.0
270	389.6666666666667	0.0
280	401.3333333333333	0.0
290	518.6666666666666	0.0
300	516.6666666666666	0.0
310	437.0	0.0
320	481.3333333333333	0.0
330	425.6666666666667	0.0
340	639.0	0.0
350	548.6666666666666	0.0
360	784.8333333333334	0.0
370	663.0	0.0
380	1045.3333333333333	0.0
390	901.6666666666666	0.0
400	1568.0	0.0
410	1302.6666666666667	0.0
420	1494.8333333333333	0.0
430	1754.6666666666667	0.0
440	1099.3333333333333	0.0
450	1598.0	0.0
460	1607.0	0.0
470	1344.6666666666667	0.0
480	2252.0	0.0
490	1729.3333333333333	1.0
500	2300.8333333333335	0.0
510	1958.8333333333333	0.0
520	1817.1666666666667	0.0
530	1887.6666666666667	0.0
540	1607.6666666666667	0.0
550	1947.0	0.0
560	1832.3333333333333	0.0
570	2511.3333333333335	0.0
580	2612.3333333333335	0.0
590	2318.0	0.0
600	1743.6666666666667	0.0
610	2290.6666666666665	0.0
620	1845.6666666666667	0.0
630	2287.0	0.0
640	2055.1666666666665	0.0
650	2393.5	0.0
660	2460.3333333333335	0.0
670	2367.0	0.0
680	2157.5	0.0
690	2441.3333333333335	0.0
700	2374.3333333333335	0.0
710	2492.0	0.0
720	2391.0	0.0
730	2187.0	0.0
740	2529.6666666666665	0.0
750	2482.6666666666665	0.0
760	2363.1666666666665	0.0
770	2354.3333333333335	0.0
780	2317.6666666666665	0.0
790	2293.6666666666665	0.0
800	1754.0	0.0
810	2385.6666666666665	0.0
820	1844.3333333333333	0.0
830	2297.6666666666665	0.0
840	1737.8333333333333	0.0
850	1813.0	0.0
860	1882.6666666666667	0.0
870	1834.6666666666667	0.0
880	1954.3333333333333	0.0
890	2019.3333333333333	0.0
900	1907.1666666666667	0.0
910	2124.3333333333335	0.0
920	2039.3333333333333	0.0
930	1758.0	0.0
940	1686.0	0.0
950	1904.5	0.0
960	1589.8333333333333	0.0
970	1739.6666666666667	0.0
980	1689.0	0.0
990	2196.0	0.0
1000	1874.0	0.0
