0	251.66666666666666	0.0
10	70.0	0.0
20	70.0	0.0
30	70.0	0.0
40	70.0	0.0
50	70.0	0.0
60	70.0	0.0
70	70.0	0.0
80	70.0	0.0
90	71.33333333333333	0.0
100	105.66666666666667	0.0
110	157.33333333333334	0.0
120	282.0	0.0
130	167.33333333333334	0.0
140	402.3333333333333	0.0
150	129.66666666666666	0.0
160	214.33333333333334	0.0
170	157.66666666666666	0.0
180	278.0	0.0
190	258.6666666666667	0.0
200	301.6666666666667	0.0
210	274.0	0.0
220	286.6666666666667	0.0
230	352.6666666666667	0.0
240	258.6666666666667	0.0
250	382.6666666666667	0.0
260	256.3333333333333	0.0
270	507.3333333333333	0.0
280	440.0	0.0
290	295.0	0.0
300	322.3333333333333	0.0
310	401.3333333333333	0.0
320	512.6666666666666	0.0
330	615.6666666666666	0.0
340	651.3333333333334	0.0
350	577.0	0.0
360	563.0	0.0
370	736.0	0.0
380	846.1666666666666	0.0
390	745.0	0.0
400	1259.0	0.0
410	961.1666666666666	0.0
420	1287.8333333333333	0.0
430	1637.6666666666667	0.0
440	2274.6666666666665	0.0
450	2123.3333333333335	0.0
460	2405.1666666666665	0.0
470	2283.6666666666665	0.0
480	2839.3333333333335	0.0
490	2680.1666666666665	0.0
500	2158.0	0.0
510	2510.6666666666665	0.0
520	2510.1666666666665	0.0
530	2437.0	0.0
540	2577.0	0.0
550	1963.0	0.0
560	2425.3333333333335	0.0
570	2409.8333333333335	0.0
580	2570.0	0.0
590	1851.0	0.0
600	1645.3333333333333	0.0
610	2158.0	0.0
620	1885.0	0.0
630	1886.5	0.0
640	1803.6666666666667	0.0
650	2155.0	0.0
660	1626.3333333333333	0.0
670	2264.3333333333335	0.0
680	1809.8333333333333	0.0
690	2581.6666666666665	0.0
700	2283.3333333333335	0.0
710	2271.6666666666665	0.0
720	2519.6666666666665	0.0
730	1641.0	0.0
740	2065.3333333333335	0.0
750	2239.8333333333335	0.0
760	2090.8333333333335	0.0
770	1794.3333333333333	0.0
780	1998.3333333333333	0.0
790	2534.1666666666665	0.0
800	2412.5	0.0
810	2232.6666666666665	0.0
820	2443.6666666666665	0.0
830	2627.5	0.0
840	2470.0	0.0
850	2556.6666666666665	0.0
860	2423.0	0.0
870	2522.0	0.0
880	2601.3333333333335	0.0
890	2404.8333333333335	0.0
900	1972.3333333333333	0.0
910	2004.1666666666667	0.0
920	1841.3333333333333	0.0
930	2342.1666666666665	0.0
940	2509.8333333333335	0.0
950	2027.0	0.0
960	1697.1666666666667	0.0
970	2457.0	0.0
980	2396.0	0.0
990	2372.3333333333335	0.0
1000	2506.0	0.0
