0	245.0	0.0
10	70.0	0.0
20	70.0	0.0
30	70.0	0.0
40	70.0	0.0
50	70.0	0.0
60	70.0	0.0
70	70.0	0.0
80	70.0	0.0
90	75.66666666666667	0.0
100	89.33333333333333	0.0
110	72.0	0.0
120	111.33333333333333	0.0
130	124.66666666666667	0.0
140	346.0	0.0
150	146.33333333333334	0.0
160	266.0	0.0
170	325.6666666666667	0.0
180	398.0	0.0
190	100.33333333333333	0.0
200	127.0	0.0
210	444.3333333333333	0.0
220	516.6666666666666	0.0
230	389.3333333333333	0.0
240	338.6666666666667	0.0
250	418.3333333333333	0.0
260	303.3333333333333	0.0
270	279.3333333333333	0.0
280	444.0	0.0
290	526.0	0.0
300	586.0	0.0
310	810.3333333333334	0.0
320	988.0	1.0
330	984.6666666666666	0.0
340	1466.6666666666667	0.0
350	1506.5	0.0
360	1826.8333333333333	0.0
370	1645.3333333333333	0.0
380	1699.3333333333333	0.0
390	1376.1666666666667	0.0
400	1299.0	0.0
410	1301.0	0.0
420	996.3333333333334	0.0
430	1541.3333333333333	0.0
440	2013.5	0.0
450	1053.3333333333333	0.0
460	1465.0	0.0
470	1876.0	0.0
480	2213.5	0.0
490	2093.5	0.0
500	1669.0	0.0
510	1948.6666666666667	0.0
520	1566.6666666666667	0.0
530	1537.0	0.0
540	2190.6666666666665	0.0
550	1657.0	0.0
560	1755.6666666666667	0.0
570	1719.0	0.0
580	1833.5	0.0
590	1845.0	0.0
600	1904.1666666666667	0.0
610	1731.5	0.0
620	1942.5	0.0
630	1846.5	0.0
640	1581.0	0.0
650	2048.1666666666665	2.0
660	1663.0	0.0
670	2273.6666666666665	0.0
680	2586.5	0.0
690	1597.3333333333333	0.0
700	1838.6666666666667	0.0
710	1543.6666666666667	0.0
720	1801.6666666666667	0.0
730	2056.6666666666665	0.0
740	2225.6666666666665	0.0
750	1895.5	0.0
760	1805.1666666666667	0.0
770	1445.3333333333333	0.0
780	1594.0	0.0
790	1687.1666666666667	0.0
800	1652.5	0.0
810	1630.3333333333333	1.0
820	1600.6666666666667	0.0
830	1662.6666666666667	0.0
840	1717.0	0.0
850	2627.6666666666665	0.0
860	1797.6666666666667	0.0
870	2441.8333333333335	1.0
880	2463.0	0.0
890	2483.6666666666665	0.0
900	2138.3333333333335	0.0
910	2431.8333333333335	0.0
920	2174.0	0.0
930	1787.3333333333333	0.0
940	1776.0	0.0
950	2256.8333333333335	0.0
960	2352.0	0.0
970	2334.5	0.0
980	2303.8333333333335	0.0
990	2205.3333333333335	0.0
1000	1798.1666666666667	0.0
