0	250.33333333333334	0.0
10	70.0	0.0
20	70.0	0.0
30	70.0	0.0
40	70.0	0.0
50	70.0	0.0
60	70.0	0.0
70	70.0	0.0
80	70.0	0.0
90	73.0	0.0
100	72.66666666666667	0.0
110	80.33333333333333	0.0
120	298.0	0.0
130	88.33333333333333	0.0
140	268.6666666666667	0.0
150	388.0	0.0
160	498.0	0.0
170	442.6666666666667	0.0
180	132.66666666666666	0.0
190	299.6666666666667	0.0
200	316.3333333333333	0.0
210	155.0	0.0
220	215.33333333333334	0.0
230	353.3333333333333	0.0
240	322.3333333333333	0.0
250	357.6666666666667	0.0
260	274.6666666666667	0.0
270	248.33333333333334	0.0
280	260.6666666666667	0.0
290	320.0	0.0
300	307.0	0.0
310	444.6666666666667	0.0
320	503.6666666666667	0.0
330	536.0	0.0
340	629.0	0.0
350	769.3333333333334	0.0
360	770.0	0.0
370	849.3333333333334	0.0
380	1062.0	0.0
390	1103.6666666666667	0.0
400	1025.3333333333333	0.0
410	1317.8333333333333	0.0
420	1261.6666666666667	0.0
430	1280.1666666666667	0.0
440	1839.0	0.0
450	2015.3333333333333	0.0
460	2672.8333333333335	0.0
470	1931.8333333333333	0.0
480	2464.5	0.0
490	2066.3333333333335	0.0
500	1647.6666666666667	0.0
510	1948.6666666666667	0.0
520	2050.0	0.0
530	2278.1666666666665	0.0
540	2357.6666666666665	0.0
550	2113.6666666666665	0.0
560	2316.0	0.0
570	2336.5	0.0
580	1822.0	0.0
590	1957.8333333333333	0.0
600	2323.1666666666665	0.0
610	1944.1666666666667	0.0
620	2398.1666666666665	0.0
630	1445.0	0.0
640	1864.1666666666667	0.0
650	1847.0	0.0
660	2311.3333333333335	0.0
670	2167.6666666666665	0.0
680	2331.6666666666665	0.0
690	2443.0	0.0
700	2275.5	0.0
710	2475.3333333333335	0.0
720	2510.3333333333335	0.0
730	2592.3333333333335	0.0
740	2383.3333333333335	0.0
750	2528.1666666666665	0.0
760	2443.0	0.0
770	2311.5	0.0
780	2419.6666666666665	0.0
790	2229.3333333333335	0.0
800	2591.0	0.0
810	2214.0	0.0
820	1789.0	0.0
830	2055.1666666666665	0.0
840	2039.6666666666667	0.0
850	2044.8333333333333	0.0
860	2123.0	0.0
870	2427.6666666666665	0.0
880	2113.3333333333335	0.0
890	1894.0	0.0
900	1758.6666666666667	0.0
910	1945.6666666666667	0.0
920	2196.1666666666665	0.0
930	2534.6666666666665	0.0
940	2275.3333333333335	0.0
950	2556.8333333333335	0.0
960	1838.8333333333333	0.0
970	2220.0	0.0
980	1731.8333333333333	0.0
990	2526.5	0.0
1000	2440.6666666666665	0.0
