0	271.3333333333333	0.0
10	70.0	0.0
20	70.0	0.0
30	70.0	0.0
40	70.0	0.0
50	70.0	0.0
60	70.0	0.0
70	70.0	0.0
80	70.0	0.0
90	73.66666666666667	0.0
100	80.33333333333333	0.0
110	77.33333333333333	0.0
120	77.33333333333333	0.0
130	223.0	0.0
140	79.66666666666667	0.0
150	182.0	0.0
160	230.66666666666666	0.0
170	181.0	0.0
180	387.6666666666667	0.0
190	403.3333333333333	0.0
200	207.33333333333334	0.0
210	238.66666666666666	0.0
220	339.0	0.0
230	458.3333333333333	0.0
240	301.0	0.0
250	288.6666666666667	0.0
260	317.6666666666667	0.0
270	397.3333333333333	0.0
280	689.3333333333334	0.0
290	683.6666666666666	0.0
300	607.3333333333334	0.0
310	470.0	0.0
320	727.0	0.0
330	769.6666666666666	0.0
340	970.6666666666666	0.0
350	1714.3333333333333	0.0
360	2321.3333333333335	0.0
370	2299.8333333333335	0.0
380	2629.3333333333335	0.0
390	1553.0	0.0
400	2552.0	0.0
410	2458.5	0.0
420	2314.6666666666665	0.0
430	2643.6666666666665	0.0
440	1919.1666666666667	0.0
450	2148.0	0.0
460	2412.0	0.0
470	2345.0	0.0
480	2563.5	0.0
490	2101.8333333333335	0.0
500	2182.3333333333335	0.0
510	1992.5	0.0
520	2117.3333333333335	0.0
530	1976.8333333333333	0.0
540	1666.0	0.0
550	2297.6666666666665	0.0
560	1577.3333333333333	0.0
570	1604.6666666666667	0.0
580	1947.0	0.0
590	1992.5	0.0
600	1798.5	0.0
610	1844.0	0.0
620	1898.6666666666667	0.0
630	1904.5	0.0
640	2746.8333333333335	0.0
650	2728.0	0.0
660	2537.6666666666665	0.0
670	1926.6666666666667	0.0
680	1740.0	0.0
690	1939.0	0.0
700	2452.0	0.0
710	2505.5	0.0
720	2654.6666666666665	0.0
730	2344.0	0.0
740	2369.0	0.0
750	2424.0	0.0
760	1789.3333333333333	0.0
770	2375.8333333333335	0.0
780	2146.1666666666665	0.0
790	1903.8333333333333	0.0
800	2133.3333333333335	0.0
810	2222.6666666666665	0.0
820	2124.1666666666665	0.0
830	2084.0	0.0
840	2275.3333333333335	0.0
850	2444.5	0.0
860	2768.8333333333335	0.0
870	2180.0	0.0
880	2462.6666666666665	0.0
890	1985.3333333333333	0.0
900	2793.0	0.0
910	2525.6666666666665	0.0
920	2489.6666666666665	0.0
930	2262.6666666666665	0.0
940	2518.8333333333335	0.0
950	2632.6666666666665	0.0
960	2450.6666666666665	0.0
970	2414.8333333333335	0.0
980	2642.0	0.0
990	2661.1666666666665	0.0
1000	1922.0	0.0
