0	294.3333333333333	0.0
10	70.0	0.0
20	70.0	0.0
30	70.0	0.0
40	70.0	0.0
50	70.0	0.0
60	70.0	0.0
70	70.0	0.0
80	73.0	0.0
90	72.0	0.0
100	72.0	0.0
110	125.0	0.0
120	124.66666666666667	0.0
130	97.0	0.0
140	205.0	0.0
150	550.3333333333334	0.0
160	76.66666666666667	0.0
170	282.3333333333333	0.0
180	71.0	0.0
190	247.66666666666666	0.0
200	193.66666666666666	0.0
210	485.0	0.0
220	402.6666666666667	0.0
230	387.0	0.0
240	347.0	0.0
250	862.0	0.0
260	630.6666666666666	0.0
270	616.6666666666666	0.0
280	1401.3333333333333	0.0
290	1683.6666666666667	0.0
300	1931.3333333333333	0.0
310	2099.3333333333335	0.0
320	2454.0	0.0
330	2191.8333333333335	0.0
340	2420.1666666666665	0.0
350	2372.6666666666665	0.0
360	2406.1666666666665	0.0
370	2146.0	0.0
380	2176.0	0.0
390	2580.3333333333335	0.0
400	2256.3333333333335	0.0
410	2376.6666666666665	0.0
420	1312.3333333333333	0.0
430	2034.0	0.0
440	2626.8333333333335	0.0
450	2563.3333333333335	0.0
460	2251.6666666666665	0.0
470	2262.8333333333335	0.0
480	2713.3333333333335	0.0
490	2389.3333333333335	0.0
500	2534.3333333333335	0.0
510	2645.0	0.0
520	2252.3333333333335	0.0
530	2303.8333333333335	0.0
540	2479.0	0.0
550	2400.5	0.0
560	2406.1666666666665	0.0
570	2310.8333333333335	0.0
580	2280.3333333333335	0.0
590	2407.6666666666665	0.0
600	2488.8333333333335	0.0
