0	253.0888888888889	0.0
10	70.0	0.6
20	70.0	0.3
30	70.0	2.933333333333333
40	70.0	0.4
50	70.0	0.13333333333333333
60	70.0	0.8666666666666667
70	70.0	1.0
80	70.0	0.2
90	70.0	0.26666666666666666
100	70.0	0.4666666666666667
110	70.0	0.4
120	70.0	0.13333333333333333
130	70.0	0.23333333333333334
140	70.0111111111111	1.2666666666666666
150	70.0	0.5333333333333333
160	70.05555555555556	0.5333333333333333
170	70.03333333333333	0.06666666666666667
180	70.26666666666667	0.43333333333333335
190	70.83333333333333	0.36666666666666664
200	71.4111111111111	1.9666666666666666
210	72.95555555555555	2.8666666666666667
220	75.57777777777777	1.5
230	84.94444444444441	0.9666666666666667
240	105.95555555555553	3.6333333333333333
250	134.28888888888886	5.0
260	179.2777777777778	3.7333333333333334
270	184.62222222222223	6.5
280	202.83333333333334	10.533333333333333
290	192.9666666666666	6.366666666666666
300	161.74444444444444	8.366666666666667
310	182.24444444444444	7.233333333333333
320	182.18888888888893	8.466666666666667
330	246.44444444444446	10.733333333333333
340	259.4777777777778	9.066666666666666
350	360.8222222222222	7.233333333333333
360	486.6444444444445	8.133333333333333
370	581.1555555555556	10.3
380	695.0666666666667	11.5
390	879.2888888888891	13.4
400	973.411111111111	15.266666666666667
410	1143.2555555555555	15.033333333333333
420	1248.0777777777778	17.233333333333334
430	1383.8555555555554	16.8
440	1513.7722222222221	21.433333333333334
450	1596.9833333333331	17.733333333333334
460	1653.0888888888887	20.2
470	1720.45	19.4
480	1847.3611111111115	23.233333333333334
490	1890.5944444444444	22.3
500	2016.7833333333333	23.0
510	2015.3222222222223	24.466666666666665
520	2108.4666666666662	22.333333333333332
530	2053.3944444444446	22.9
540	2183.9222222222215	21.9
550	2190.5833333333335	26.4
560	2175.944444444444	25.533333333333335
570	2245.8666666666663	25.733333333333334
580	2184.638888888889	24.666666666666668
590	2248.911111111111	26.733333333333334
600	2314.194444444445	28.133333333333333
610	2333.016666666667	25.5
620	2360.6944444444443	23.066666666666666
630	2338.711111111111	24.033333333333335
640	2390.283333333333	25.966666666666665
650	2441.2111111111108	28.0
660	2426.1055555555563	26.4
670	2480.9555555555557	26.133333333333333
680	2463.166666666667	26.166666666666668
690	2509.9166666666665	24.033333333333335
700	2529.1777777777784	25.833333333333332
710	2496.0944444444444	21.833333333333332
720	2477.683333333334	21.2
730	2529.2277777777776	17.7
740	2553.0500000000006	14.266666666666667
750	2554.6499999999996	14.033333333333333
760	2514.1388888888887	12.3
770	2555.883333333333	8.166666666666666
780	2541.8	7.233333333333333
790	2523.9722222222217	6.866666666666666
800	2528.5499999999997	5.133333333333334
