0	251.0	0.0
10	70.0	0.0
20	70.0	0.0
30	70.0	0.0
40	70.0	0.0
50	70.0	0.0
60	70.0	0.0
70	70.0	0.0
80	70.0	0.0
90	70.0	0.0
100	70.0	0.0
110	70.0	0.0
120	70.0	0.0
130	70.0	0.0
140	70.0	0.0
150	70.0	0.0
160	70.0	0.0
170	70.0	0.0
180	70.0	0.0
190	70.0	0.0
200	73.33333333333333	0.0
210	78.0	0.0
220	71.33333333333333	0.0
230	72.66666666666667	0.0
240	110.33333333333333	0.0
250	167.66666666666666	0.0
260	268.6666666666667	0.0
270	140.0	0.0
280	144.66666666666666	0.0
290	182.66666666666666	0.0
300	130.66666666666666	0.0
310	138.0	0.0
320	171.0	0.0
330	130.0	0.0
340	138.0	0.0
350	155.66666666666666	0.0
360	154.0	0.0
370	204.66666666666666	0.0
380	287.0	0.0
390	163.0	0.0
400	218.33333333333334	0.0
410	569.0	0.0
420	775.0	0.0
430	774.6666666666666	0.0
440	1080.0	0.0
450	964.0	0.0
460	1125.0	0.0
470	1402.6666666666667	0.0
480	1270.3333333333333	0.0
490	1965.0	0.0
500	1819.1666666666667	0.0
510	1706.0	0.0
520	2297.6666666666665	0.0
530	1984.0	0.0
540	2224.6666666666665	0.0
550	2299.0	0.0
560	1606.3333333333333	0.0
570	2217.6666666666665	0.0
580	2563.1666666666665	0.0
590	2381.3333333333335	0.0
600	2212.0	0.0
