0	258.09999999999997	0.0
10	80.53333333333333	52.46666666666667
20	112.61111111111111	37.6
30	78.75555555555555	42.63333333333333
40	137.61111111111114	43.166666666666664
50	91.84444444444446	37.766666666666666
60	203.23333333333332	39.53333333333333
70	308.5777777777778	31.433333333333334
80	621.8	46.1
90	959.0666666666665	42.7
100	1193.5333333333333	48.833333333333336
110	1388.7666666666667	52.9
120	1522.6222222222225	47.36666666666667
130	1843.5777777777778	44.56666666666667
140	1964.488888888889	55.5
150	2103.811111111111	45.36666666666667
160	2189.1	47.63333333333333
170	2216.188888888889	43.63333333333333
180	2277.6777777777775	47.666666666666664
190	2299.3333333333335	39.9
200	2259.9888888888895	38.46666666666667
210	2282.483333333333	34.2
220	2296.6	25.266666666666666
230	2258.977777777778	16.133333333333333
240	2320.6666666666665	11.8
250	2211.433333333334	9.133333333333333
260	2214.6388888888887	5.066666666666666
270	2205.405555555555	4.2
280	2164.1888888888893	3.2
290	2124.6888888888884	2.466666666666667
300	1990.2055555555557	1.7
310	2008.4555555555553	0.4666666666666667
320	1934.9944444444445	1.0333333333333334
330	1906.0222222222221	0.1
340	1958.8666666666666	0.0
350	1913.6277777777775	0.0
360	1908.0333333333338	0.0
370	2026.083333333333	0.0
380	1978.5888888888885	0.0
390	1967.6000000000001	0.0
400	1970.0833333333333	0.0
410	1944.4111111111115	0.0
420	1955.1944444444446	0.0
430	2002.3277777777773	0.0
440	2044.2555555555557	0.0
450	1965.7444444444445	0.0
460	2082.2222222222217	0.0
470	2008.9833333333333	0.0
480	2126.422222222222	0.0
490	2030.8388888888883	0.0
500	2037.15	0.0
510	2010.6166666666663	0.0
520	2025.9000000000003	0.0
530	2038.1333333333334	0.0
540	2142.116666666667	0.0
550	2102.8722222222223	0.0
560	2110.1222222222223	0.0
570	2099.3222222222225	0.0
580	2159.394444444445	0.0
590	2220.0833333333335	0.0
600	2231.4555555555557	0.0
610	2343.5944444444444	0.0
620	2251.2833333333333	0.0
630	2287.0000000000005	0.0
640	2258.3555555555554	0.0
650	2247.3333333333335	0.0
660	2139.144444444444	0.0
670	2236.255555555555	0.0
680	2173.95	0.0
690	2212.9666666666667	0.0
700	2236.7166666666667	0.0
710	2276.5444444444447	0.0
720	2165.694444444445	0.0
730	2229.7111111111103	0.0
740	2219.4222222222224	0.0
750	2250.6055555555554	0.0
760	2232.7222222222217	0.0
770	2229.9000000000005	0.0
780	2232.8111111111116	0.0
790	2283.8055555555557	0.0
800	2269.477777777778	0.0
810	2221.194444444445	0.0
820	2232.1	0.0
830	2357.722222222222	0.0
840	2277.2833333333333	0.0
850	2330.8888888888896	0.0
860	2318.5999999999995	0.0
870	2296.3611111111118	0.0
880	2227.0666666666666	0.0
890	2226.0	0.0
900	2309.005555555555	0.0
910	2278.538888888889	0.0
920	2231.972222222222	0.0
930	2320.5500000000006	0.0
940	2306.055555555555	0.0
950	2295.994444444444	0.0
960	2315.777777777778	0.0
970	2297.244444444444	0.0
980	2206.5500000000006	0.0
990	2277.9500000000003	0.0
1000	2235.161111111111	0.0
