0	266.0	0.0
10	70.0	5.0
20	70.0	56.0
30	70.0	30.0
40	70.0	13.0
50	70.0	33.0
60	70.0	73.0
70	70.0	65.0
80	72.66666666666667	32.0
90	1484.3333333333333	80.0
100	1243.0	25.0
110	81.66666666666667	11.0
120	203.33333333333334	32.0
130	438.3333333333333	1.0
140	473.3333333333333	75.0
150	2100.3333333333335	48.0
160	2177.0	27.0
170	2126.0	112.0
180	2164.0	96.0
190	2156.3333333333335	25.0
200	2205.8333333333335	44.0
210	2503.5	62.0
220	2330.0	54.0
230	2559.5	1.0
240	2387.0	0.0
250	2491.0	0.0
260	2350.6666666666665	0.0
270	2222.0	0.0
280	2276.0	0.0
290	2291.8333333333335	0.0
300	2205.6666666666665	0.0
310	2452.0	0.0
320	2437.5	0.0
330	2001.0	0.0
340	2207.6666666666665	0.0
350	1827.5	0.0
360	1833.6666666666667	0.0
370	1934.0	0.0
380	1844.8333333333333	0.0
390	2335.6666666666665	0.0
400	1757.5	0.0
410	1737.5	0.0
420	1907.0	0.0
430	1876.5	0.0
440	2049.0	0.0
450	1622.3333333333333	0.0
460	2149.0	0.0
470	2375.1666666666665	0.0
480	1924.6666666666667	0.0
490	1870.0	0.0
500	2076.0	0.0
510	1670.3333333333333	0.0
520	2008.6666666666667	0.0
530	2395.6666666666665	0.0
540	2535.6666666666665	0.0
550	2395.0	0.0
560	2482.3333333333335	0.0
570	2337.8333333333335	0.0
580	2460.1666666666665	0.0
590	2359.5	0.0
600	2326.8333333333335	0.0
610	2521.6666666666665	0.0
620	2316.0	0.0
630	2511.0	0.0
640	1775.6666666666667	0.0
650	2010.1666666666667	0.0
660	1724.3333333333333	0.0
670	2235.6666666666665	0.0
680	1789.3333333333333	0.0
690	2063.1666666666665	0.0
700	2033.0	0.0
710	1804.3333333333333	0.0
720	1733.6666666666667	0.0
730	1647.0	0.0
740	2665.3333333333335	0.0
750	2538.8333333333335	0.0
760	2506.5	0.0
770	2423.6666666666665	0.0
780	2272.5	0.0
790	2484.6666666666665	0.0
800	2476.3333333333335	0.0
810	2274.0	0.0
820	1757.3333333333333	0.0
830	1851.1666666666667	0.0
840	1691.6666666666667	0.0
850	2361.8333333333335	0.0
860	1979.1666666666667	0.0
870	2561.6666666666665	0.0
880	2273.8333333333335	0.0
890	2407.6666666666665	0.0
900	2410.3333333333335	0.0
910	2460.5	0.0
920	2715.6666666666665	0.0
930	2337.3333333333335	0.0
940	2391.6666666666665	0.0
950	2468.3333333333335	0.0
960	2579.0	0.0
970	2543.5	0.0
980	2358.3333333333335	0.0
990	2312.3333333333335	0.0
1000	2443.3333333333335	0.0
