0	239.66666666666666	0.0
10	70.0	15.0
20	70.0	33.0
30	70.0	81.0
40	70.0	21.0
50	70.0	57.0
60	70.0	31.0
70	75.33333333333333	4.0
80	104.33333333333333	25.0
90	651.6666666666666	19.0
100	1794.6666666666667	34.0
110	1785.3333333333333	51.0
120	1783.6666666666667	51.0
130	1962.0	15.0
140	2233.6666666666665	65.0
150	1935.6666666666667	56.0
160	2117.3333333333335	58.0
170	2135.0	55.0
180	2233.6666666666665	31.0
190	2083.1666666666665	62.0
200	2314.3333333333335	51.0
210	2462.3333333333335	71.0
220	2508.6666666666665	29.0
230	2589.3333333333335	35.0
240	1590.6666666666667	31.0
250	1855.6666666666667	19.0
260	2215.6666666666665	0.0
270	1852.8333333333333	0.0
280	1218.3333333333333	0.0
290	1375.6666666666667	0.0
300	1750.0	0.0
310	1577.0	0.0
320	1034.0	0.0
330	1462.8333333333333	0.0
340	1390.3333333333333	0.0
350	1763.0	0.0
360	1231.0	0.0
370	892.6666666666666	0.0
380	1537.3333333333333	0.0
390	1229.0	0.0
400	1136.3333333333333	0.0
410	1520.3333333333333	0.0
420	1736.8333333333333	0.0
430	1825.6666666666667	0.0
440	1879.6666666666667	0.0
450	2100.5	0.0
460	2050.1666666666665	0.0
470	2051.3333333333335	0.0
480	1942.6666666666667	0.0
490	1988.0	0.0
500	1892.0	0.0
510	2144.3333333333335	0.0
520	1969.6666666666667	0.0
530	2154.1666666666665	0.0
540	2245.5	0.0
550	2275.3333333333335	0.0
560	1931.1666666666667	0.0
570	2520.8333333333335	0.0
580	2280.6666666666665	0.0
590	2431.5	0.0
600	2398.5	0.0
610	2296.0	0.0
620	2362.3333333333335	0.0
630	2336.1666666666665	0.0
640	2266.6666666666665	0.0
650	2324.5	0.0
660	2566.0	0.0
670	2375.0	0.0
680	1884.6666666666667	0.0
690	1701.6666666666667	0.0
700	1832.1666666666667	0.0
710	2476.3333333333335	0.0
720	1729.3333333333333	0.0
730	2717.6666666666665	0.0
740	2478.8333333333335	0.0
750	1902.6666666666667	0.0
760	1692.3333333333333	0.0
770	1961.3333333333333	0.0
780	2205.6666666666665	0.0
790	2297.0	0.0
800	2001.0	0.0
810	2181.1666666666665	0.0
820	1550.6666666666667	0.0
830	2607.3333333333335	0.0
840	2369.5	0.0
850	2491.6666666666665	0.0
860	2469.1666666666665	0.0
870	2443.5	0.0
880	2477.1666666666665	0.0
890	2554.6666666666665	0.0
900	2399.3333333333335	0.0
910	2403.0	0.0
920	2302.3333333333335	0.0
930	2433.0	0.0
940	2344.6666666666665	0.0
950	2505.3333333333335	0.0
960	1755.0	0.0
970	1883.0	0.0
980	1783.6666666666667	0.0
990	2331.6666666666665	0.0
1000	2392.0	0.0
