0	300.0	0.0
10	70.0	69.0
20	70.0	12.0
30	70.0	41.0
40	70.0	3.0
50	70.0	8.0
60	70.0	59.0
70	71.0	38.0
80	788.0	52.0
90	1052.3333333333333	17.0
100	159.33333333333334	15.0
110	1494.3333333333333	66.0
120	1893.3333333333333	42.0
130	1815.8333333333333	67.0
140	2200.1666666666665	89.0
150	2063.1666666666665	43.0
160	2089.6666666666665	106.0
170	2227.1666666666665	41.0
180	2566.3333333333335	49.0
190	2464.0	48.0
200	2452.3333333333335	43.0
210	2388.3333333333335	35.0
220	2609.6666666666665	49.0
230	2356.5	8.0
240	2536.3333333333335	0.0
250	2128.3333333333335	0.0
260	2384.8333333333335	0.0
270	2549.3333333333335	0.0
280	2421.1666666666665	0.0
290	2471.6666666666665	0.0
300	2274.0	0.0
310	2320.3333333333335	0.0
320	2372.0	0.0
330	2299.8333333333335	0.0
340	1731.3333333333333	0.0
350	2404.6666666666665	0.0
360	2524.5	0.0
370	2413.3333333333335	0.0
380	1614.3333333333333	0.0
390	2003.1666666666667	0.0
400	1772.6666666666667	0.0
410	2352.1666666666665	0.0
420	1917.0	0.0
430	1824.6666666666667	0.0
440	1764.3333333333333	0.0
450	1941.3333333333333	0.0
460	2131.0	0.0
470	1916.1666666666667	0.0
480	2595.6666666666665	0.0
490	1988.0	0.0
500	2584.8333333333335	0.0
510	1771.6666666666667	0.0
520	1987.3333333333333	0.0
530	1969.0	0.0
540	2221.3333333333335	0.0
550	1976.1666666666667	0.0
560	1849.8333333333333	0.0
570	1751.5	0.0
580	1654.8333333333333	0.0
590	2121.0	0.0
600	2171.3333333333335	0.0
610	2201.1666666666665	0.0
620	1871.3333333333333	0.0
630	2028.5	0.0
640	1667.1666666666667	0.0
650	2149.0	0.0
660	1794.1666666666667	0.0
670	2088.0	0.0
680	2148.3333333333335	0.0
690	2340.3333333333335	0.0
700	2010.6666666666667	0.0
710	2174.5	0.0
720	1761.3333333333333	0.0
730	1544.0	0.0
740	1584.0	0.0
750	2198.0	0.0
760	1812.6666666666667	0.0
770	2612.0	0.0
780	2306.3333333333335	0.0
790	2671.3333333333335	0.0
800	2319.6666666666665	0.0
810	2275.0	0.0
820	2368.8333333333335	0.0
830	2473.6666666666665	0.0
840	1819.6666666666667	0.0
850	2183.1666666666665	0.0
860	2075.0	0.0
870	2157.0	0.0
880	1940.8333333333333	0.0
890	2171.0	0.0
900	2320.1666666666665	0.0
910	2039.6666666666667	0.0
920	2505.0	0.0
930	2540.6666666666665	0.0
940	1900.5	0.0
950	2474.8333333333335	0.0
960	2567.5	0.0
970	2397.6666666666665	0.0
980	2369.5	0.0
990	2390.1666666666665	0.0
1000	2155.6666666666665	0.0
