0	239.66666666666666	0.0
10	132.66666666666666	54.0
20	70.0	17.0
30	70.0	0.0
40	70.0	1.0
50	70.0	5.0
60	70.0	61.0
70	194.66666666666666	8.0
80	83.0	80.0
90	421.0	17.0
100	1197.3333333333333	119.0
110	1765.6666666666667	67.0
120	1852.6666666666667	65.0
130	1824.3333333333333	26.0
140	2210.0	70.0
150	2214.5	37.0
160	2224.6666666666665	27.0
170	2251.0	34.0
180	2373.1666666666665	33.0
190	2321.6666666666665	35.0
200	2149.1666666666665	75.0
210	2227.0	52.0
220	2409.3333333333335	44.0
230	2265.5	51.0
240	2333.0	22.0
250	2572.6666666666665	0.0
260	2412.8333333333335	0.0
270	2564.3333333333335	0.0
280	1567.6666666666667	0.0
290	1176.3333333333333	0.0
300	1031.6666666666667	0.0
310	1501.1666666666667	0.0
320	1774.6666666666667	0.0
330	1487.8333333333333	0.0
340	1840.5	0.0
350	1840.0	0.0
360	1915.6666666666667	0.0
370	1820.8333333333333	0.0
380	1508.3333333333333	0.0
390	1884.8333333333333	0.0
400	2068.3333333333335	0.0
410	1955.3333333333333	0.0
420	2598.6666666666665	0.0
430	2495.6666666666665	0.0
440	2444.3333333333335	0.0
450	2320.0	0.0
460	2370.1666666666665	0.0
470	2348.8333333333335	0.0
480	2637.8333333333335	0.0
490	2398.6666666666665	0.0
500	1955.6666666666667	0.0
510	2439.0	0.0
520	2516.3333333333335	0.0
530	2381.3333333333335	0.0
540	2505.3333333333335	0.0
550	2521.3333333333335	0.0
560	2408.0	0.0
570	2333.5	0.0
580	2442.0	0.0
590	2411.6666666666665	0.0
600	2261.8333333333335	0.0
610	2568.6666666666665	0.0
620	2482.0	0.0
630	2419.8333333333335	0.0
640	2158.0	0.0
650	1648.3333333333333	0.0
660	2334.1666666666665	0.0
670	2394.3333333333335	0.0
680	2442.6666666666665	0.0
690	2508.3333333333335	0.0
700	2547.0	0.0
710	2491.5	0.0
720	2493.8333333333335	0.0
730	2437.0	0.0
740	2371.3333333333335	0.0
750	2479.0	0.0
760	2219.0	0.0
770	2478.3333333333335	0.0
780	1835.3333333333333	0.0
790	1715.3333333333333	0.0
800	2291.1666666666665	0.0
810	2262.6666666666665	0.0
820	2670.0	0.0
830	1968.3333333333333	0.0
840	1912.5	0.0
850	2480.3333333333335	0.0
860	2681.6666666666665	0.0
870	2535.3333333333335	0.0
880	2568.0	0.0
890	2314.0	0.0
900	2405.6666666666665	0.0
910	2510.3333333333335	0.0
920	2362.6666666666665	0.0
930	2527.6666666666665	0.0
940	2323.3333333333335	0.0
950	2382.1666666666665	0.0
960	2414.3333333333335	0.0
970	2506.1666666666665	0.0
980	2231.5	0.0
990	1847.0	0.0
1000	1748.0	0.0
