0	278.0	0.0
10	118.66666666666667	78.0
20	115.66666666666667	31.0
30	92.33333333333333	11.0
40	70.0	132.0
50	71.0	89.0
60	70.0	130.0
70	70.0	31.0
80	198.0	28.0
90	870.3333333333334	55.0
100	1656.3333333333333	76.0
110	2157.6666666666665	60.0
120	1803.6666666666667	31.0
130	1948.0	35.0
140	2233.8333333333335	20.0
150	2290.0	49.0
160	2387.8333333333335	92.0
170	2217.3333333333335	18.0
180	2287.1666666666665	23.0
190	2510.1666666666665	11.0
200	2355.0	0.0
210	2143.3333333333335	0.0
220	2235.8333333333335	0.0
230	2312.3333333333335	0.0
240	2506.1666666666665	0.0
250	2409.3333333333335	0.0
260	2343.6666666666665	0.0
270	2321.1666666666665	0.0
280	2416.8333333333335	0.0
290	2350.6666666666665	0.0
300	2649.0	0.0
310	2584.1666666666665	0.0
320	2495.3333333333335	0.0
330	2351.1666666666665	0.0
340	2577.1666666666665	0.0
350	2753.6666666666665	0.0
360	1487.6666666666667	0.0
370	2048.3333333333335	0.0
380	2493.8333333333335	0.0
390	2460.6666666666665	0.0
400	2413.0	0.0
410	1809.0	0.0
420	1976.8333333333333	0.0
430	1786.8333333333333	0.0
440	1878.3333333333333	0.0
450	1982.3333333333333	0.0
460	2174.0	0.0
470	1983.0	0.0
480	2295.5	0.0
490	1792.6666666666667	0.0
500	1961.0	0.0
510	2054.1666666666665	0.0
520	1843.6666666666667	0.0
530	1546.6666666666667	0.0
540	1802.3333333333333	0.0
550	2164.6666666666665	0.0
560	2168.1666666666665	0.0
570	2179.1666666666665	0.0
580	1817.6666666666667	0.0
590	1974.0	0.0
600	1800.0	0.0
610	2617.3333333333335	0.0
620	2319.3333333333335	0.0
630	2386.1666666666665	0.0
640	2194.6666666666665	0.0
650	2631.6666666666665	0.0
660	2459.8333333333335	0.0
670	1706.0	0.0
680	2020.3333333333333	0.0
690	1974.0	0.0
700	1981.6666666666667	0.0
710	2059.8333333333335	0.0
720	1681.3333333333333	0.0
730	2039.6666666666667	0.0
740	1927.3333333333333	0.0
750	1895.1666666666667	0.0
760	2338.5	0.0
770	2330.3333333333335	0.0
780	1946.0	0.0
790	2381.3333333333335	0.0
800	2196.6666666666665	0.0
810	2346.0	0.0
820	2455.0	0.0
830	2525.0	0.0
840	2148.6666666666665	0.0
850	2326.0	0.0
860	2508.8333333333335	0.0
870	2536.5	0.0
880	2504.3333333333335	0.0
890	2366.1666666666665	0.0
900	2423.8333333333335	0.0
910	2223.3333333333335	0.0
920	2424.1666666666665	0.0
930	2376.8333333333335	0.0
940	2415.0	0.0
950	2666.0	0.0
960	2576.1666666666665	0.0
970	2402.6666666666665	0.0
980	2154.3333333333335	0.0
990	2287.3333333333335	0.0
1000	2427.6666666666665	0.0
