0	233.0	0.0
10	70.0	78.0
20	70.0	51.0
30	70.0	29.0
40	70.0	51.0
50	70.0	19.0
60	71.0	11.0
70	73.0	20.0
80	108.33333333333333	2.0
90	1589.3333333333333	21.0
100	1566.0	42.0
110	1078.0	60.0
120	2074.3333333333335	42.0
130	1753.0	35.0
140	1933.3333333333333	74.0
150	2312.3333333333335	35.0
160	2401.6666666666665	36.0
170	2141.6666666666665	80.0
180	2160.0	92.0
190	2556.3333333333335	57.0
200	2203.3333333333335	59.0
210	2428.8333333333335	61.0
220	2341.0	45.0
230	2317.3333333333335	0.0
240	2235.0	0.0
250	2361.3333333333335	0.0
260	2196.0	0.0
270	2169.0	0.0
280	2335.0	0.0
290	2181.3333333333335	0.0
300	2393.1666666666665	0.0
310	2247.6666666666665	0.0
320	2198.5	0.0
330	2368.0	0.0
340	2437.8333333333335	0.0
350	1815.0	0.0
360	1521.0	0.0
370	2083.5	0.0
380	2253.6666666666665	0.0
390	1753.3333333333333	0.0
400	1799.3333333333333	0.0
410	1869.6666666666667	0.0
420	1809.3333333333333	0.0
430	1959.5	0.0
440	1736.3333333333333	0.0
450	2035.1666666666667	0.0
460	2098.1666666666665	0.0
470	2134.6666666666665	0.0
480	1738.6666666666667	0.0
490	2269.6666666666665	0.0
500	1641.3333333333333	0.0
510	1587.3333333333333	0.0
520	1174.3333333333333	0.0
530	1257.3333333333333	0.0
540	1888.1666666666667	0.0
550	2211.5	0.0
560	1887.8333333333333	0.0
570	1841.3333333333333	0.0
580	2104.0	0.0
590	2324.6666666666665	0.0
600	1896.3333333333333	0.0
610	1982.3333333333333	0.0
620	1919.5	0.0
630	2544.0	0.0
640	2433.3333333333335	0.0
650	2327.3333333333335	0.0
660	2264.6666666666665	0.0
670	2439.5	0.0
680	2518.5	0.0
690	2361.8333333333335	0.0
700	2346.0	0.0
710	2431.5	0.0
720	2370.0	0.0
730	2295.3333333333335	0.0
740	2737.6666666666665	0.0
750	2131.0	0.0
760	2304.3333333333335	0.0
770	2460.8333333333335	0.0
780	2156.8333333333335	0.0
790	2523.6666666666665	0.0
800	2334.0	0.0
810	2071.0	0.0
820	2333.3333333333335	0.0
830	2149.3333333333335	0.0
840	2257.8333333333335	0.0
850	2008.8333333333333	0.0
860	2109.1666666666665	0.0
870	2449.8333333333335	0.0
880	1742.3333333333333	0.0
890	1686.6666666666667	0.0
900	2137.8333333333335	0.0
910	2446.3333333333335	0.0
920	2620.1666666666665	0.0
930	2610.8333333333335	0.0
940	2373.3333333333335	0.0
950	2537.0	0.0
960	2738.5	0.0
970	2454.3333333333335	0.0
980	2406.1666666666665	0.0
990	2303.3333333333335	0.0
1000	2504.5	0.0
