0	257.0	0.0
10	70.0	1000.0
20	70.66666666666667	0.0
30	71.0	0.0
40	98.0	0.0
50	70.33333333333333	0.0
60	1269.0	0.0
70	298.0	0.0
80	1136.0	0.0
90	1853.0	0.0
100	1968.0	0.0
110	2022.6666666666667	0.0
120	2121.3333333333335	0.0
130	2418.0	0.0
140	1922.6666666666667	0.0
150	2258.6666666666665	0.0
160	2322.6666666666665	0.0
170	2365.5	0.0
180	2388.6666666666665	0.0
190	2176.8333333333335	0.0
200	2135.5	0.0
210	2440.0	0.0
220	2227.6666666666665	0.0
230	2209.3333333333335	0.0
240	2414.0	0.0
250	2433.3333333333335	0.0
260	1803.0	0.0
270	2505.5	0.0
280	2150.6666666666665	0.0
290	2424.1666666666665	0.0
300	2511.5	0.0
310	2651.0	0.0
320	2509.6666666666665	0.0
330	1799.6666666666667	0.0
340	2048.5	0.0
350	2056.5	0.0
360	1621.6666666666667	0.0
370	1796.0	0.0
380	2302.6666666666665	0.0
390	1873.8333333333333	0.0
400	1601.1666666666667	0.0
410	1158.3333333333333	0.0
420	1162.0	0.0
430	1427.0	0.0
440	1948.1666666666667	0.0
450	2026.3333333333333	0.0
460	1813.3333333333333	0.0
470	1329.0	0.0
480	1528.3333333333333	0.0
490	1950.6666666666667	0.0
500	2336.5	0.0
510	2244.3333333333335	0.0
520	2484.5	0.0
530	1462.6666666666667	0.0
540	1664.6666666666667	0.0
550	1714.3333333333333	0.0
560	2207.0	0.0
570	1422.5	0.0
580	2132.6666666666665	0.0
590	1852.3333333333333	0.0
600	2561.3333333333335	0.0
610	2205.0	0.0
620	2293.0	0.0
630	2372.3333333333335	0.0
640	2557.1666666666665	0.0
650	2391.0	0.0
660	2285.3333333333335	0.0
670	2545.1666666666665	0.0
680	2387.1666666666665	0.0
690	2430.6666666666665	0.0
700	2446.8333333333335	0.0
710	2253.3333333333335	0.0
720	2606.6666666666665	0.0
730	1704.3333333333333	0.0
740	2564.5	0.0
750	2084.0	0.0
760	1855.0	0.0
770	2310.0	0.0
780	2526.8333333333335	0.0
790	2152.0	0.0
800	2411.3333333333335	0.0
810	2299.3333333333335	0.0
820	2663.0	0.0
830	2617.0	0.0
840	2375.3333333333335	0.0
850	2571.6666666666665	0.0
860	2495.8333333333335	0.0
870	2675.3333333333335	0.0
880	2406.3333333333335	0.0
890	2446.0	0.0
900	2668.0	0.0
910	2511.5	0.0
920	2329.3333333333335	0.0
930	2340.0	0.0
940	2579.6666666666665	0.0
950	1532.3333333333333	0.0
960	1780.1666666666667	0.0
970	1618.3333333333333	0.0
980	1724.6666666666667	0.0
990	2486.3333333333335	0.0
1000	2362.0	0.0
