0	239.0	0.0
10	70.0	1000.0
20	70.0	0.0
30	70.0	0.0
40	71.0	0.0
50	299.3333333333333	0.0
60	851.6666666666666	0.0
70	1206.6666666666667	0.0
80	1070.0	0.0
90	1355.3333333333333	0.0
100	1588.3333333333333	0.0
110	1958.6666666666667	0.0
120	1948.0	0.0
130	2171.6666666666665	0.0
140	2225.5	0.0
150	1986.3333333333333	0.0
160	2255.0	0.0
170	2248.6666666666665	0.0
180	2339.3333333333335	0.0
190	2204.6666666666665	0.0
200	2217.0	0.0
210	2455.6666666666665	0.0
220	2201.0	0.0
230	2288.6666666666665	0.0
240	1441.1666666666667	0.0
250	2391.0	0.0
260	2005.3333333333333	0.0
270	1405.8333333333333	0.0
280	2123.3333333333335	0.0
290	1930.3333333333333	0.0
300	1835.6666666666667	0.0
310	1897.0	0.0
320	1411.3333333333333	0.0
330	1838.6666666666667	0.0
340	1874.0	0.0
350	2279.6666666666665	0.0
360	2120.1666666666665	0.0
370	1907.5	0.0
380	1889.3333333333333	0.0
390	2121.0	0.0
400	2187.0	0.0
410	2333.6666666666665	0.0
420	2074.8333333333335	0.0
430	2256.6666666666665	0.0
440	2322.6666666666665	0.0
450	2456.6666666666665	0.0
460	2492.3333333333335	0.0
470	2468.6666666666665	0.0
480	2449.0	0.0
490	2720.1666666666665	0.0
500	2287.3333333333335	0.0
510	1735.0	0.0
520	2068.1666666666665	0.0
530	2237.0	0.0
540	1930.6666666666667	0.0
550	1673.8333333333333	0.0
560	1908.1666666666667	0.0
570	1653.3333333333333	0.0
580	1727.1666666666667	0.0
590	1764.0	0.0
600	1965.0	0.0
610	1755.3333333333333	0.0
620	2236.0	0.0
630	1279.6666666666667	0.0
640	1416.6666666666667	0.0
650	2295.3333333333335	0.0
660	2257.5	0.0
670	2389.0	0.0
680	2411.0	0.0
690	2416.0	0.0
700	2271.3333333333335	0.0
710	2340.6666666666665	0.0
720	2474.5	0.0
730	2165.5	0.0
740	2365.6666666666665	0.0
750	2313.0	0.0
760	2406.0	0.0
770	2382.0	0.0
780	2268.6666666666665	0.0
790	2560.6666666666665	0.0
800	2267.3333333333335	0.0
810	2193.6666666666665	0.0
820	2492.0	0.0
830	2330.6666666666665	0.0
840	2546.3333333333335	0.0
850	2525.1666666666665	0.0
860	1926.6666666666667	0.0
870	2349.6666666666665	0.0
880	2423.0	0.0
890	2336.0	0.0
900	2380.3333333333335	0.0
910	1848.6666666666667	0.0
920	1907.0	0.0
930	1582.3333333333333	0.0
940	1838.0	0.0
950	2285.3333333333335	0.0
960	1995.1666666666667	0.0
970	1736.3333333333333	0.0
980	2184.6666666666665	0.0
990	2324.3333333333335	0.0
1000	2432.6666666666665	0.0
