0	224.33333333333334	0.0
10	79.66666666666667	1000.0
20	72.33333333333333	0.0
30	313.3333333333333	0.0
40	508.8333333333333	0.0
50	1729.0	0.0
60	1672.0	0.0
70	1880.0	0.0
80	1744.8333333333333	0.0
90	2083.1666666666665	0.0
100	2073.0	0.0
110	2314.0	0.0
120	1928.0	0.0
130	2372.0	0.0
140	2204.6666666666665	0.0
150	2148.3333333333335	0.0
160	2475.8333333333335	0.0
170	2151.8333333333335	0.0
180	2433.3333333333335	0.0
190	2371.3333333333335	0.0
200	2245.3333333333335	0.0
210	2101.0	0.0
220	2409.6666666666665	0.0
230	2269.6666666666665	0.0
240	2252.6666666666665	0.0
250	2487.6666666666665	0.0
260	2484.3333333333335	0.0
270	2519.1666666666665	0.0
280	2386.3333333333335	0.0
290	2679.5	0.0
300	2664.0	0.0
310	2596.6666666666665	0.0
320	2556.8333333333335	0.0
330	2484.1666666666665	0.0
340	1199.3333333333333	0.0
350	1364.3333333333333	0.0
360	696.8333333333334	0.0
370	963.1666666666666	0.0
380	1832.5	0.0
390	1297.6666666666667	0.0
400	1982.6666666666667	0.0
410	2305.0	0.0
420	2586.3333333333335	0.0
430	2474.0	0.0
440	2540.3333333333335	0.0
450	1856.3333333333333	0.0
460	1867.0	0.0
470	2321.5	0.0
480	2614.0	0.0
490	2416.8333333333335	0.0
500	2083.0	0.0
510	2311.0	0.0
520	1990.6666666666667	0.0
530	1868.3333333333333	0.0
540	1791.6666666666667	0.0
550	1703.0	0.0
560	2018.3333333333333	0.0
570	1831.5	0.0
580	2540.0	0.0
590	2411.3333333333335	0.0
600	1832.3333333333333	0.0
610	2426.0	0.0
620	1743.6666666666667	0.0
630	1886.0	0.0
640	1946.6666666666667	0.0
650	1850.0	0.0
660	1775.5	0.0
670	2204.6666666666665	0.0
680	2236.3333333333335	0.0
690	1730.0	0.0
700	1961.6666666666667	0.0
710	2049.3333333333335	0.0
720	2131.0	0.0
730	2087.8333333333335	0.0
740	2054.0	0.0
750	2057.0	0.0
760	2021.5	0.0
770	2027.0	0.0
780	2170.1666666666665	0.0
790	1854.8333333333333	0.0
800	1864.0	0.0
810	1711.6666666666667	0.0
820	1799.6666666666667	0.0
830	2395.3333333333335	0.0
840	2622.3333333333335	0.0
850	2314.1666666666665	0.0
860	2379.5	0.0
870	2354.6666666666665	0.0
880	1999.8333333333333	0.0
890	2015.8333333333333	0.0
900	2053.0	0.0
910	1613.5	0.0
920	1876.6666666666667	0.0
930	1738.3333333333333	0.0
940	1879.8333333333333	0.0
950	2651.3333333333335	0.0
960	2435.6666666666665	0.0
970	2305.6666666666665	0.0
980	2570.6666666666665	0.0
990	2351.3333333333335	0.0
1000	2568.8333333333335	0.0
