0	256.0	0.0
10	70.0	0.0
20	70.0	0.0
30	70.0	0.0
40	70.0	0.0
50	70.0	0.0
60	70.0	0.0
70	70.0	0.0
80	70.0	0.0
90	70.0	0.0
100	70.0	0.0
110	70.0	0.0
120	70.0	0.0
130	70.0	0.0
140	70.0	0.0
150	70.0	0.0
160	70.0	0.0
170	70.0	0.0
180	70.0	0.0
190	71.0	0.0
200	70.0	0.0
210	71.66666666666667	0.0
220	70.66666666666667	0.0
230	71.66666666666667	0.0
240	137.66666666666666	0.0
250	120.66666666666667	0.0
260	181.0	0.0
270	383.6666666666667	0.0
280	196.66666666666666	0.0
290	144.66666666666666	0.0
300	155.0	0.0
310	138.0	21.0
320	130.0	0.0
330	138.0	7.0
340	138.0	2.0
350	131.0	72.0
360	192.0	13.0
370	163.66666666666666	48.0
380	366.0	60.0
390	369.0	55.0
400	480.3333333333333	18.0
410	527.6666666666666	31.0
420	615.0	126.0
430	702.6666666666666	91.0
440	1031.0	24.0
450	942.0	104.0
460	1154.6666666666667	92.0
470	1169.0	88.0
480	1502.3333333333333	42.0
490	1323.0	106.0
500	1369.3333333333333	0.0
510	2037.5	0.0
520	2264.3333333333335	0.0
530	1819.0	0.0
540	2153.6666666666665	0.0
550	2356.6666666666665	0.0
560	2051.0	0.0
570	1988.6666666666667	0.0
580	2119.0	0.0
590	2422.5	0.0
600	2098.0	0.0
610	2204.5	0.0
620	2114.1666666666665	0.0
630	2146.0	0.0
640	2147.6666666666665	0.0
650	2385.0	0.0
660	2170.6666666666665	0.0
670	2222.0	0.0
680	2223.6666666666665	0.0
690	2158.6666666666665	0.0
700	2540.8333333333335	0.0
710	2416.3333333333335	0.0
720	2390.0	0.0
730	2547.0	0.0
740	2597.5	0.0
750	2437.5	0.0
760	2596.0	0.0
770	2641.8333333333335	0.0
780	2459.5	0.0
790	2451.0	0.0
800	2471.3333333333335	0.0
