0	284.0	0.0
10	70.0	0.0
20	70.0	0.0
30	70.0	0.0
40	70.0	0.0
50	70.0	0.0
60	70.0	0.0
70	70.0	0.0
80	70.0	0.0
90	70.0	0.0
100	70.0	0.0
110	70.0	0.0
120	70.0	0.0
130	70.0	0.0
140	70.0	0.0
150	70.0	0.0
160	70.0	0.0
170	70.0	0.0
180	70.0	0.0
190	70.33333333333333	0.0
200	71.66666666666667	0.0
210	73.33333333333333	0.0
220	70.0	0.0
230	72.33333333333333	0.0
240	114.33333333333333	0.0
250	124.66666666666667	0.0
260	220.0	0.0
270	116.66666666666667	0.0
280	127.66666666666667	0.0
290	194.0	0.0
300	154.66666666666666	0.0
310	146.66666666666666	8.0
320	145.66666666666666	0.0
330	154.0	0.0
340	217.0	0.0
350	130.0	36.0
360	131.0	20.0
370	154.0	8.0
380	163.33333333333334	3.0
390	184.0	98.0
400	159.66666666666666	56.0
410	211.66666666666666	61.0
420	473.6666666666667	61.0
430	544.6666666666666	118.0
440	727.6666666666666	68.0
450	974.0	185.0
460	1317.3333333333333	3.0
470	1440.0	64.0
480	1197.3333333333333	118.0
490	1360.0	39.0
500	1803.0	54.0
510	1515.3333333333333	0.0
520	1785.0	0.0
530	1950.6666666666667	0.0
540	1630.0	0.0
550	1938.3333333333333	0.0
560	2166.3333333333335	0.0
570	2376.6666666666665	0.0
580	2195.1666666666665	0.0
590	2270.3333333333335	0.0
600	2169.0	0.0
610	2290.6666666666665	0.0
620	2111.6666666666665	0.0
630	2330.3333333333335	0.0
640	2010.6666666666667	0.0
650	2227.5	0.0
660	2159.8333333333335	0.0
670	2213.6666666666665	0.0
680	2283.6666666666665	0.0
690	2301.6666666666665	0.0
700	2346.0	0.0
710	2389.8333333333335	0.0
720	2455.3333333333335	0.0
730	2698.0	0.0
740	2552.1666666666665	0.0
750	2613.5	0.0
760	2523.3333333333335	0.0
770	2691.0	0.0
780	2372.3333333333335	0.0
790	2583.1666666666665	0.0
800	2642.1666666666665	0.0
