0	228.66666666666666	0.0
10	70.0	0.0
20	70.0	0.0
30	70.0	0.0
40	70.0	0.0
50	70.0	0.0
60	70.0	0.0
70	70.0	0.0
80	70.0	0.0
90	70.0	0.0
100	70.0	0.0
110	70.0	0.0
120	70.0	0.0
130	70.0	0.0
140	70.0	0.0
150	70.0	0.0
160	70.0	0.0
170	70.0	0.0
180	70.0	0.0
190	72.0	0.0
200	70.66666666666667	0.0
210	73.66666666666667	0.0
220	70.66666666666667	0.0
230	74.66666666666667	0.0
240	115.33333333333333	0.0
250	158.66666666666666	0.0
260	249.66666666666666	0.0
270	223.66666666666666	0.0
280	176.66666666666666	0.0
290	181.0	0.0
300	161.33333333333334	0.0
310	140.0	4.0
320	148.0	10.0
330	130.0	49.0
340	130.0	0.0
350	186.66666666666666	17.0
360	185.0	1.0
370	163.0	0.0
380	329.0	39.0
390	278.0	4.0
400	686.6666666666666	36.0
410	814.5	28.0
420	609.6666666666666	88.0
430	1183.0	97.0
440	929.0	66.0
450	1296.3333333333333	101.0
460	1500.6666666666667	110.0
470	1353.0	42.0
480	1565.6666666666667	120.0
490	1422.3333333333333	126.0
500	1661.6666666666667	62.0
510	2113.3333333333335	0.0
520	1830.3333333333333	0.0
530	2391.6666666666665	0.0
540	2274.0	0.0
550	2390.3333333333335	0.0
560	2069.3333333333335	0.0
570	1559.6666666666667	0.0
580	2362.3333333333335	0.0
590	2292.3333333333335	0.0
600	2218.3333333333335	0.0
610	2314.3333333333335	0.0
620	2171.0	0.0
630	2371.8333333333335	0.0
640	2298.6666666666665	0.0
650	2400.6666666666665	0.0
660	2201.0	0.0
670	2254.6666666666665	0.0
680	2055.8333333333335	0.0
690	2328.1666666666665	0.0
700	2220.3333333333335	0.0
710	2333.6666666666665	0.0
720	2544.6666666666665	0.0
730	2585.8333333333335	0.0
740	2662.3333333333335	0.0
750	2559.6666666666665	0.0
760	2535.1666666666665	0.0
770	2581.3333333333335	0.0
780	2732.3333333333335	0.0
790	2559.3333333333335	0.0
800	2677.8333333333335	0.0
