0	280.0	0.0
10	70.0	0.0
20	70.0	0.0
30	70.0	0.0
40	70.0	0.0
50	70.0	0.0
60	70.0	0.0
70	70.0	0.0
80	70.66666666666667	0.0
90	82.66666666666667	0.0
100	75.33333333333333	0.0
110	162.33333333333334	0.0
120	340.0	0.0
130	209.33333333333334	0.0
140	400.3333333333333	0.0
150	137.33333333333334	0.0
160	165.0	0.0
170	139.0	0.0
180	336.0	0.0
190	178.33333333333334	0.0
200	198.33333333333334	0.0
210	428.3333333333333	0.0
220	211.33333333333334	0.0
230	311.0	0.0
240	330.0	0.0
250	332.6666666666667	0.0
260	351.6666666666667	0.0
270	348.0	0.0
280	366.6666666666667	0.0
290	310.6666666666667	0.0
300	445.3333333333333	0.0
310	634.3333333333334	6.0
320	727.6666666666666	0.0
330	556.6666666666666	1.0
340	697.3333333333334	0.0
350	783.3333333333334	9.0
360	672.3333333333334	3.0
370	974.3333333333334	0.0
380	1347.6666666666667	0.0
390	2054.0	9.0
400	1344.6666666666667	0.0
410	1939.3333333333333	3.0
420	1481.3333333333333	2.0
430	999.8333333333334	21.0
440	1255.5	10.0
450	1865.3333333333333	0.0
460	1562.3333333333333	6.0
470	1827.6666666666667	20.0
480	1329.0	21.0
490	1121.0	2.0
500	1457.0	2.0
510	2225.1666666666665	0.0
520	1756.3333333333333	0.0
530	1990.5	0.0
540	1832.5	0.0
550	1693.6666666666667	0.0
560	2040.6666666666667	20.0
570	1926.5	19.0
580	1824.5	1.0
590	2001.0	1.0
600	1914.3333333333333	6.0
610	2171.8333333333335	15.0
620	1680.6666666666667	5.0
630	2196.5	14.0
640	2028.6666666666667	0.0
650	1847.0	1.0
660	2139.3333333333335	13.0
670	1753.3333333333333	10.0
680	1854.5	1.0
690	2253.3333333333335	0.0
700	1537.3333333333333	0.0
710	1742.5	1.0
720	1640.0	7.0
730	2318.3333333333335	1.0
740	2244.0	0.0
750	2412.0	0.0
760	2457.6666666666665	1.0
770	2031.3333333333333	32.0
780	2324.0	16.0
790	2229.3333333333335	5.0
800	2349.3333333333335	24.0
810	2028.0	2.0
820	2310.5	5.0
830	2431.0	1.0
840	2412.3333333333335	1.0
850	2424.5	5.0
860	2487.6666666666665	3.0
870	2359.6666666666665	14.0
880	2344.8333333333335	6.0
890	2397.1666666666665	1.0
900	2501.0	10.0
910	2471.3333333333335	5.0
920	1660.0	2.0
930	1977.3333333333333	0.0
940	1750.6666666666667	19.0
950	1749.3333333333333	0.0
960	1769.6666666666667	5.0
970	1854.1666666666667	4.0
980	1806.1666666666667	32.0
990	1777.6666666666667	14.0
1000	2063.5	0.0
