0	270.3333333333333	0.0
10	70.0	0.0
20	70.0	0.0
30	70.0	0.0
40	70.0	0.0
50	70.0	0.0
60	70.0	0.0
70	70.0	0.0
80	71.66666666666667	0.0
90	72.0	0.0
100	89.0	0.0
110	160.33333333333334	0.0
120	242.0	0.0
130	88.66666666666667	0.0
140	284.0	12.0
150	136.33333333333334	0.0
160	387.6666666666667	2.0
170	296.0	0.0
180	382.6666666666667	0.0
190	196.33333333333334	0.0
200	427.6666666666667	0.0
210	404.6666666666667	0.0
220	674.6666666666666	0.0
230	299.3333333333333	0.0
240	106.0	0.0
250	603.0	0.0
260	463.0	0.0
270	542.6666666666666	0.0
280	517.0	1.0
290	885.6666666666666	27.0
300	698.0	0.0
310	993.6666666666666	4.0
320	2100.8333333333335	2.0
330	1689.3333333333333	0.0
340	1187.6666666666667	0.0
350	1690.6666666666667	0.0
360	1584.1666666666667	1.0
370	2488.0	7.0
380	1731.6666666666667	1.0
390	1791.6666666666667	0.0
400	2527.1666666666665	0.0
410	2200.0	1.0
420	1953.3333333333333	0.0
430	2337.0	0.0
440	1740.3333333333333	0.0
450	1575.3333333333333	0.0
460	2563.6666666666665	1.0
470	2376.3333333333335	0.0
480	1587.6666666666667	1.0
490	1652.0	4.0
500	1440.6666666666667	0.0
510	2155.3333333333335	1.0
520	1648.1666666666667	0.0
530	1624.0	0.0
540	1364.1666666666667	0.0
550	2607.0	8.0
560	2491.8333333333335	2.0
570	2347.1666666666665	10.0
580	1661.6666666666667	0.0
590	1811.3333333333333	8.0
600	2198.3333333333335	0.0
610	2238.0	7.0
620	1526.6666666666667	0.0
630	2387.6666666666665	13.0
640	2279.0	0.0
650	1456.0	0.0
660	2208.5	0.0
670	2480.5	0.0
680	2449.5	16.0
690	2548.6666666666665	0.0
700	2432.0	0.0
710	2225.5	0.0
720	2496.1666666666665	23.0
730	2429.6666666666665	0.0
740	2545.5	0.0
750	2282.6666666666665	0.0
760	2585.0	0.0
770	2534.5	13.0
780	1837.3333333333333	0.0
790	1953.3333333333333	5.0
800	2109.5	6.0
810	2138.6666666666665	0.0
820	2177.5	12.0
830	1975.0	0.0
840	1781.3333333333333	0.0
850	1817.3333333333333	1.0
860	1924.6666666666667	8.0
870	2140.6666666666665	1.0
880	2349.6666666666665	2.0
890	2411.1666666666665	0.0
900	2075.5	0.0
910	2092.8333333333335	0.0
920	2063.3333333333335	0.0
930	2032.0	0.0
940	1654.0	6.0
950	2110.5	10.0
960	2286.3333333333335	0.0
970	2562.6666666666665	0.0
980	2296.6666666666665	2.0
990	2303.3333333333335	2.0
1000	2331.8333333333335	5.0
