0	321.0	0.0
10	70.0	0.0
20	70.0	0.0
30	70.0	0.0
40	70.0	0.0
50	70.0	0.0
60	70.0	0.0
70	70.0	0.0
80	70.0	0.0
90	71.33333333333333	0.0
100	92.66666666666667	0.0
110	153.0	0.0
120	130.0	0.0
130	212.33333333333334	0.0
140	184.33333333333334	0.0
150	130.33333333333334	0.0
160	74.33333333333333	0.0
170	189.33333333333334	0.0
180	425.0	0.0
190	222.66666666666666	0.0
200	376.6666666666667	0.0
210	348.6666666666667	0.0
220	307.3333333333333	0.0
230	218.66666666666666	0.0
240	287.6666666666667	0.0
250	342.3333333333333	0.0
260	419.6666666666667	0.0
270	389.6666666666667	0.0
280	421.3333333333333	0.0
290	479.6666666666667	0.0
300	573.6666666666666	0.0
310	838.6666666666666	0.0
320	784.8333333333334	0.0
330	717.3333333333334	1.0
340	1028.6666666666667	4.0
350	1306.6666666666667	0.0
360	1569.8333333333333	0.0
370	2340.6666666666665	4.0
380	2036.1666666666667	8.0
390	1853.3333333333333	11.0
400	1857.0	1.0
410	2398.0	1.0
420	2468.1666666666665	3.0
430	1713.3333333333333	6.0
440	2814.3333333333335	2.0
450	2315.0	1.0
460	2619.6666666666665	0.0
470	2560.8333333333335	1.0
480	2562.0	1.0
490	2430.3333333333335	0.0
500	2369.3333333333335	0.0
510	1762.0	0.0
520	2643.6666666666665	0.0
530	2340.3333333333335	1.0
540	2569.0	1.0
550	2523.8333333333335	4.0
560	1765.0	0.0
570	1987.3333333333333	2.0
580	1969.1666666666667	0.0
590	1941.3333333333333	0.0
600	2115.6666666666665	16.0
610	1884.6666666666667	0.0
620	2024.6666666666667	0.0
630	2284.6666666666665	0.0
640	2551.3333333333335	2.0
650	2648.6666666666665	1.0
660	2360.6666666666665	7.0
670	2586.5	9.0
680	2332.0	1.0
690	2695.5	2.0
700	2408.0	1.0
710	2531.3333333333335	5.0
720	2490.6666666666665	2.0
730	2544.6666666666665	0.0
740	1743.3333333333333	0.0
750	2298.6666666666665	0.0
760	2521.3333333333335	17.0
770	2017.0	0.0
780	1950.0	0.0
790	2229.0	0.0
800	1733.5	1.0
810	1938.1666666666667	2.0
820	2298.6666666666665	0.0
830	2475.6666666666665	6.0
840	2479.8333333333335	1.0
850	2414.3333333333335	0.0
860	2654.6666666666665	4.0
870	2588.3333333333335	1.0
880	2803.0	2.0
890	2443.3333333333335	0.0
900	2141.3333333333335	0.0
910	2054.8333333333335	0.0
920	2349.6666666666665	0.0
930	2414.0	0.0
940	1766.6666666666667	1.0
950	2524.3333333333335	0.0
960	2417.0	18.0
970	1845.1666666666667	2.0
980	2152.0	2.0
990	2080.6666666666665	7.0
1000	1802.1666666666667	0.0
