0	267.6666666666667	0.0
10	70.0	1000.0
20	70.0	0.0
30	70.0	0.0
40	70.0	0.0
50	70.0	0.0
60	70.0	0.0
70	70.0	0.0
80	70.0	0.0
90	98.33333333333333	0.0
100	123.33333333333333	0.0
110	176.0	0.0
120	126.66666666666667	0.0
130	81.0	0.0
140	77.66666666666667	0.0
150	275.0	0.0
160	185.0	0.0
170	505.6666666666667	0.0
180	405.0	0.0
190	231.66666666666666	0.0
200	275.3333333333333	0.0
210	360.0	0.0
220	224.66666666666666	0.0
230	180.33333333333334	0.0
240	278.6666666666667	0.0
250	328.0	0.0
260	436.3333333333333	0.0
270	387.3333333333333	0.0
280	390.6666666666667	0.0
290	372.6666666666667	0.0
300	650.6666666666666	0.0
310	644.0	0.0
320	504.3333333333333	0.0
330	589.3333333333334	0.0
340	786.0	0.0
350	638.6666666666666	0.0
360	1103.6666666666667	0.0
370	1356.5	0.0
380	1230.8333333333333	0.0
390	1157.5	0.0
400	1794.6666666666667	0.0
410	1966.8333333333333	0.0
420	1660.8333333333333	0.0
430	1944.8333333333333	0.0
440	1932.3333333333333	0.0
450	1854.8333333333333	0.0
460	2247.0	0.0
470	1828.3333333333333	0.0
480	2453.3333333333335	0.0
490	2353.0	0.0
500	2313.6666666666665	0.0
510	2402.1666666666665	0.0
520	2398.6666666666665	0.0
530	2312.0	0.0
540	2541.3333333333335	0.0
550	2378.8333333333335	0.0
560	2494.1666666666665	0.0
570	2470.3333333333335	0.0
580	1878.6666666666667	0.0
590	1829.5	0.0
600	1706.6666666666667	0.0
610	2295.0	0.0
620	2438.5	0.0
630	1758.6666666666667	0.0
640	1954.6666666666667	0.0
650	2311.0	0.0
660	2294.5	0.0
670	2034.3333333333333	0.0
680	2089.0	0.0
690	1609.6666666666667	0.0
700	1863.3333333333333	0.0
710	1701.6666666666667	0.0
720	1883.0	0.0
730	2076.8333333333335	0.0
740	2249.6666666666665	0.0
750	2108.3333333333335	0.0
760	1679.3333333333333	0.0
770	2055.3333333333335	0.0
780	1599.0	0.0
790	2235.3333333333335	0.0
800	2167.0	0.0
810	2007.5	0.0
820	1869.0	0.0
830	1763.3333333333333	0.0
840	2019.6666666666667	0.0
850	1825.3333333333333	0.0
860	1630.3333333333333	0.0
870	2479.5	0.0
880	2424.6666666666665	0.0
890	2189.3333333333335	0.0
900	2416.6666666666665	0.0
910	2715.3333333333335	0.0
920	2505.8333333333335	0.0
930	2435.3333333333335	0.0
940	2425.0	0.0
950	2496.6666666666665	0.0
960	2167.3333333333335	0.0
970	2342.3333333333335	0.0
980	2285.8333333333335	0.0
990	2229.3333333333335	0.0
1000	2373.6666666666665	0.0
