0	294.0	0.0
10	141.66666666666666	178.0
20	141.0	158.0
30	256.6666666666667	132.0
40	1004.0	166.0
50	1137.0	305.0
60	1728.6666666666667	61.0
70	2087.3333333333335	0.0
80	2025.3333333333333	0.0
90	2493.6666666666665	0.0
100	1976.5	0.0
110	2479.0	0.0
120	2568.8333333333335	0.0
130	2641.0	0.0
140	2486.0	0.0
150	2132.0	0.0
160	2201.3333333333335	0.0
170	2170.6666666666665	0.0
180	2062.8333333333335	0.0
190	2356.3333333333335	0.0
200	2409.3333333333335	0.0
210	2089.8333333333335	0.0
220	2291.6666666666665	0.0
230	2379.6666666666665	0.0
240	2281.6666666666665	0.0
250	2475.0	0.0
260	2271.6666666666665	0.0
270	1814.6666666666667	0.0
280	2289.3333333333335	0.0
290	2579.3333333333335	0.0
300	1741.1666666666667	0.0
310	2385.5	0.0
320	2048.5	0.0
330	2342.8333333333335	0.0
340	2123.6666666666665	0.0
350	1785.3333333333333	0.0
360	2034.5	0.0
370	2304.6666666666665	0.0
380	1657.1666666666667	0.0
390	914.6666666666666	0.0
400	1101.0	0.0
410	1485.3333333333333	0.0
420	2119.6666666666665	0.0
430	2053.3333333333335	0.0
440	2061.6666666666665	0.0
450	2421.0	0.0
460	1855.6666666666667	0.0
470	1956.8333333333333	0.0
480	2177.3333333333335	0.0
490	2374.5	0.0
500	1776.3333333333333	0.0
510	1851.0	0.0
520	1962.3333333333333	0.0
530	1787.0	0.0
540	1597.6666666666667	0.0
550	2106.8333333333335	0.0
560	2443.3333333333335	0.0
570	2447.3333333333335	0.0
580	2616.3333333333335	0.0
590	2566.3333333333335	0.0
600	2487.0	0.0
610	2207.3333333333335	0.0
620	2277.8333333333335	0.0
630	2302.3333333333335	0.0
640	2468.1666666666665	0.0
650	2539.8333333333335	0.0
660	2224.3333333333335	0.0
670	2454.0	0.0
680	2483.1666666666665	0.0
690	2417.5	0.0
700	2313.8333333333335	0.0
710	2326.6666666666665	0.0
720	2603.1666666666665	0.0
730	2727.5	0.0
740	2549.3333333333335	0.0
750	2536.8333333333335	0.0
760	1927.6666666666667	0.0
770	1699.1666666666667	0.0
780	1834.5	0.0
790	1743.8333333333333	0.0
800	2109.8333333333335	0.0
810	1803.3333333333333	0.0
820	2037.1666666666667	0.0
830	2107.3333333333335	0.0
840	2019.1666666666667	0.0
850	1911.0	0.0
860	2216.5	0.0
870	2155.8333333333335	0.0
880	2506.8333333333335	0.0
890	2075.5	0.0
900	2536.0	0.0
910	2087.3333333333335	0.0
920	1833.3333333333333	0.0
930	2498.6666666666665	0.0
940	2528.3333333333335	0.0
950	2660.6666666666665	0.0
960	2312.6666666666665	0.0
970	2442.0	0.0
980	2380.0	0.0
990	2136.3333333333335	0.0
1000	2229.3333333333335	0.0
