0	256.3333333333333	0.0
10	144.0	275.0
20	140.66666666666666	200.0
30	101.0	291.0
40	107.0	217.0
50	1538.6666666666667	17.0
60	1742.6666666666667	0.0
70	1620.0	0.0
80	1962.3333333333333	0.0
90	2007.1666666666667	0.0
100	2408.1666666666665	0.0
110	2424.6666666666665	0.0
120	2359.0	0.0
130	2429.3333333333335	0.0
140	2210.6666666666665	0.0
150	2362.3333333333335	0.0
160	2398.5	0.0
170	2227.8333333333335	0.0
180	2146.6666666666665	0.0
190	2394.8333333333335	0.0
200	2288.6666666666665	0.0
210	2344.8333333333335	0.0
220	2269.8333333333335	0.0
230	2187.0	0.0
240	2486.1666666666665	0.0
250	2415.5	0.0
260	1984.0	0.0
270	1767.6666666666667	0.0
280	2021.5	0.0
290	1659.1666666666667	0.0
300	2188.0	0.0
310	1965.0	0.0
320	2356.3333333333335	0.0
330	2045.3333333333333	0.0
340	2007.5	0.0
350	2232.5	0.0
360	2240.0	0.0
370	2006.5	0.0
380	1854.0	0.0
390	2419.1666666666665	0.0
400	2503.3333333333335	0.0
410	1954.1666666666667	0.0
420	2323.0	0.0
430	1883.8333333333333	0.0
440	2211.6666666666665	0.0
450	1900.3333333333333	0.0
460	2347.5	0.0
470	2337.6666666666665	0.0
480	2142.0	0.0
490	2048.6666666666665	0.0
500	2511.5	0.0
510	2485.6666666666665	0.0
520	2270.3333333333335	0.0
530	2206.0	0.0
540	2549.0	0.0
550	2585.3333333333335	0.0
560	2430.3333333333335	0.0
570	2360.6666666666665	0.0
580	2414.0	0.0
590	2357.0	0.0
600	2193.3333333333335	0.0
610	2467.6666666666665	0.0
620	2471.6666666666665	0.0
630	2176.0	0.0
640	2469.3333333333335	0.0
650	2462.3333333333335	0.0
660	2419.3333333333335	0.0
670	2367.3333333333335	0.0
680	2466.3333333333335	0.0
690	2440.3333333333335	0.0
700	2341.5	0.0
710	2255.0	0.0
720	2397.3333333333335	0.0
730	2143.1666666666665	0.0
740	2377.0	0.0
750	2329.8333333333335	0.0
760	2377.3333333333335	0.0
770	1876.0	0.0
780	1911.1666666666667	0.0
790	1986.3333333333333	0.0
800	2350.6666666666665	0.0
810	2520.3333333333335	0.0
820	2134.5	0.0
830	1805.5	0.0
840	1990.3333333333333	0.0
850	1852.8333333333333	0.0
860	2433.0	0.0
870	1901.1666666666667	0.0
880	1751.0	0.0
890	1982.0	0.0
900	1788.0	0.0
910	2545.8333333333335	0.0
920	2570.3333333333335	0.0
930	1805.5	0.0
940	1768.8333333333333	0.0
950	2305.3333333333335	0.0
960	2549.0	0.0
970	1810.1666666666667	0.0
980	1678.0	0.0
990	1708.3333333333333	0.0
1000	2517.6666666666665	0.0
