0	255.33333333333334	0.0
10	142.66666666666666	309.0
20	400.6666666666667	264.0
30	140.66666666666666	170.0
40	352.0	257.0
50	1951.3333333333333	0.0
60	2226.6666666666665	0.0
70	1668.3333333333333	0.0
80	2171.3333333333335	0.0
90	2479.3333333333335	0.0
100	2387.0	0.0
110	2143.1666666666665	0.0
120	2180.3333333333335	0.0
130	2214.3333333333335	0.0
140	2191.1666666666665	0.0
150	2552.8333333333335	0.0
160	1629.1666666666667	0.0
170	2401.8333333333335	0.0
180	2445.6666666666665	0.0
190	2534.5	0.0
200	2396.0	0.0
210	2432.5	0.0
220	2517.0	0.0
230	2392.3333333333335	0.0
240	2438.0	0.0
250	2318.0	0.0
260	2545.3333333333335	0.0
270	2450.8333333333335	0.0
280	2409.3333333333335	0.0
290	1706.8333333333333	0.0
300	2286.3333333333335	0.0
310	1817.3333333333333	0.0
320	1599.0	0.0
330	1834.0	0.0
340	2537.0	0.0
350	2224.6666666666665	0.0
360	1967.3333333333333	0.0
370	1676.6666666666667	0.0
380	2440.0	0.0
390	1757.0	0.0
400	2055.8333333333335	0.0
410	1741.6666666666667	0.0
420	2374.6666666666665	0.0
430	1529.6666666666667	0.0
440	2538.5	0.0
450	2574.0	0.0
460	2667.3333333333335	0.0
470	2484.3333333333335	0.0
480	2328.6666666666665	0.0
490	1672.5	0.0
500	1743.3333333333333	0.0
510	2349.1666666666665	0.0
520	1707.0	0.0
530	1919.8333333333333	0.0
540	2120.3333333333335	0.0
550	2575.0	0.0
560	2237.0	0.0
570	2189.6666666666665	0.0
580	1969.1666666666667	0.0
590	1971.0	0.0
600	2050.3333333333335	0.0
610	2605.1666666666665	0.0
620	2558.8333333333335	0.0
630	2638.5	0.0
640	2553.6666666666665	0.0
650	2333.0	0.0
660	2393.6666666666665	0.0
670	2487.0	0.0
680	2389.0	0.0
690	2337.6666666666665	0.0
700	2207.0	0.0
710	2465.0	0.0
720	1696.3333333333333	0.0
730	1761.3333333333333	0.0
740	2340.5	0.0
750	1845.3333333333333	0.0
760	1918.0	0.0
770	2336.1666666666665	0.0
780	1948.3333333333333	0.0
790	2431.6666666666665	0.0
800	2388.0	0.0
810	2480.0	0.0
820	2489.6666666666665	0.0
830	2150.3333333333335	0.0
840	2443.3333333333335	0.0
850	2501.1666666666665	0.0
860	2263.1666666666665	0.0
870	2369.8333333333335	0.0
880	2520.3333333333335	0.0
890	2289.0	0.0
900	1961.1666666666667	0.0
910	1916.3333333333333	0.0
920	1865.1666666666667	0.0
930	2173.0	0.0
940	2242.3333333333335	0.0
950	2672.5	0.0
960	2243.0	0.0
970	1672.8333333333333	0.0
980	2431.1666666666665	0.0
990	1982.1666666666667	0.0
1000	2445.0	0.0
