0	230.0	0.0
10	127.66666666666667	918.0
20	117.33333333333333	82.0
30	103.33333333333333	0.0
40	97.33333333333333	0.0
50	91.0	0.0
60	93.66666666666667	0.0
70	99.66666666666667	0.0
80	123.66666666666667	0.0
90	127.33333333333333	0.0
100	97.33333333333333	0.0
110	105.33333333333333	0.0
120	107.0	0.0
130	125.33333333333333	0.0
140	176.0	0.0
150	220.33333333333334	0.0
160	304.3333333333333	0.0
170	669.0	0.0
180	192.66666666666666	0.0
190	145.66666666666666	0.0
200	133.33333333333334	0.0
210	362.0	0.0
220	375.6666666666667	0.0
230	727.0	0.0
240	394.6666666666667	0.0
250	619.6666666666666	0.0
260	657.6666666666666	0.0
270	929.0	0.0
280	1216.0	0.0
290	1051.3333333333333	0.0
300	1437.3333333333333	0.0
310	1676.5	0.0
320	1686.3333333333333	0.0
330	2128.3333333333335	0.0
340	1628.3333333333333	0.0
350	2312.6666666666665	0.0
360	2186.8333333333335	0.0
370	2375.3333333333335	0.0
380	2240.6666666666665	0.0
390	2415.8333333333335	0.0
400	1903.5	0.0
410	2411.0	0.0
420	2264.0	0.0
430	2271.6666666666665	0.0
440	2412.5	0.0
450	2482.6666666666665	0.0
460	2291.0	0.0
470	2249.8333333333335	0.0
480	2226.6666666666665	0.0
490	2345.1666666666665	0.0
500	2438.3333333333335	0.0
510	2315.3333333333335	0.0
520	2294.6666666666665	0.0
530	2648.1666666666665	0.0
540	2543.8333333333335	0.0
550	2434.0	0.0
560	2739.6666666666665	0.0
570	2630.0	0.0
580	2661.6666666666665	0.0
590	2354.6666666666665	0.0
600	2597.5	0.0
610	2509.1666666666665	0.0
620	2377.1666666666665	0.0
630	2334.0	0.0
640	2580.3333333333335	0.0
650	2433.6666666666665	0.0
660	2599.8333333333335	0.0
670	2658.3333333333335	0.0
680	2416.0	0.0
690	2646.0	0.0
700	2334.6666666666665	0.0
710	2348.1666666666665	0.0
720	2628.0	0.0
730	2482.3333333333335	0.0
740	2589.3333333333335	0.0
750	2457.3333333333335	0.0
760	2531.3333333333335	0.0
770	2185.8333333333335	0.0
780	2528.1666666666665	0.0
790	2731.3333333333335	0.0
800	1662.0	0.0
810	2519.5	0.0
820	2017.0	0.0
830	2014.1666666666667	0.0
840	1939.1666666666667	0.0
850	1958.3333333333333	0.0
860	2143.5	0.0
870	2184.6666666666665	0.0
880	2272.1666666666665	0.0
890	1818.6666666666667	0.0
900	1964.6666666666667	0.0
910	1789.6666666666667	0.0
920	2059.3333333333335	0.0
930	2523.0	0.0
940	2462.6666666666665	0.0
950	1875.5	0.0
960	1952.0	0.0
970	2324.6666666666665	0.0
980	2645.5	0.0
990	2489.0	0.0
1000	2702.0	0.0
