0	261.3333333333333	0.0
10	95.0	182.0
20	97.0	692.0
30	95.66666666666667	126.0
40	95.33333333333333	0.0
50	72.33333333333333	0.0
60	70.33333333333333	0.0
70	70.0	0.0
80	70.0	0.0
90	70.33333333333333	0.0
100	71.33333333333333	0.0
110	75.66666666666667	0.0
120	128.33333333333334	0.0
130	98.33333333333333	0.0
140	188.33333333333334	0.0
150	1047.6666666666667	0.0
160	342.3333333333333	0.0
170	1521.0	0.0
180	1645.3333333333333	0.0
190	1222.3333333333333	0.0
200	876.3333333333334	0.0
210	970.6666666666666	0.0
220	1189.3333333333333	0.0
230	1263.0	0.0
240	1359.6666666666667	0.0
250	1377.6666666666667	0.0
260	2140.3333333333335	0.0
270	2058.3333333333335	0.0
280	2184.0	0.0
290	1996.6666666666667	0.0
300	1818.3333333333333	0.0
310	2174.6666666666665	0.0
320	2281.5	0.0
330	2172.3333333333335	0.0
340	2122.6666666666665	0.0
350	2011.3333333333333	0.0
360	2213.6666666666665	0.0
370	2400.6666666666665	0.0
380	2534.1666666666665	0.0
390	2101.0	0.0
400	2344.0	0.0
410	2367.0	0.0
420	2679.5	0.0
430	2345.8333333333335	0.0
440	2321.8333333333335	0.0
450	2585.3333333333335	0.0
460	2535.8333333333335	0.0
470	2826.5	0.0
480	2361.5	0.0
490	2629.6666666666665	0.0
500	2725.6666666666665	0.0
510	2348.5	0.0
520	2345.0	0.0
530	2651.0	0.0
540	2398.8333333333335	0.0
550	2527.6666666666665	0.0
560	2604.3333333333335	0.0
570	2643.3333333333335	0.0
580	2536.8333333333335	0.0
590	2525.0	0.0
600	2634.0	0.0
610	2518.3333333333335	0.0
620	2724.8333333333335	0.0
630	2683.3333333333335	0.0
640	2683.3333333333335	0.0
650	2642.3333333333335	0.0
660	2263.8333333333335	0.0
670	2254.1666666666665	0.0
680	2451.6666666666665	0.0
690	2236.0	0.0
700	2617.5	0.0
710	2700.0	0.0
720	2433.0	0.0
730	2340.1666666666665	0.0
740	2754.1666666666665	0.0
750	2472.8333333333335	0.0
760	1982.0	0.0
770	2449.8333333333335	0.0
780	2515.8333333333335	0.0
790	2123.5	0.0
800	2040.0	0.0
810	2137.3333333333335	0.0
820	2080.0	0.0
830	1994.3333333333333	0.0
840	1937.6666666666667	0.0
850	2001.6666666666667	0.0
860	2066.3333333333335	0.0
870	2616.6666666666665	0.0
880	2234.8333333333335	0.0
890	2395.0	0.0
900	1980.6666666666667	0.0
910	2252.6666666666665	0.0
920	2796.0	0.0
930	2278.3333333333335	0.0
940	2277.1666666666665	0.0
950	2044.3333333333333	0.0
960	2058.0	0.0
970	2162.5	0.0
980	1866.3333333333333	0.0
990	2549.5	0.0
1000	2443.0	0.0
