0	257.0	0.0
10	96.66666666666667	712.0
20	100.0	288.0
30	95.33333333333333	0.0
40	98.0	0.0
50	81.0	0.0
60	71.33333333333333	0.0
70	70.0	0.0
80	70.0	0.0
90	70.0	0.0
100	70.0	0.0
110	71.0	0.0
120	73.0	0.0
130	73.66666666666667	0.0
140	300.6666666666667	0.0
150	201.0	0.0
160	110.0	0.0
170	250.33333333333334	0.0
180	917.6666666666666	0.0
190	336.3333333333333	0.0
200	357.6666666666667	0.0
210	1312.0	0.0
220	654.6666666666666	0.0
230	1542.6666666666667	0.0
240	1569.6666666666667	0.0
250	1560.3333333333333	0.0
260	1464.6666666666667	0.0
270	1552.3333333333333	0.0
280	345.3333333333333	0.0
290	1199.6666666666667	0.0
300	1447.3333333333333	0.0
310	2229.0	0.0
320	1970.3333333333333	0.0
330	2172.1666666666665	0.0
340	1771.0	0.0
350	2223.3333333333335	0.0
360	1700.3333333333333	0.0
370	2128.0	0.0
380	2287.6666666666665	0.0
390	2153.0	0.0
400	2321.0	0.0
410	2371.1666666666665	0.0
420	2207.5	0.0
430	2113.3333333333335	0.0
440	2447.5	0.0
450	2155.1666666666665	0.0
460	2304.3333333333335	0.0
470	2308.3333333333335	0.0
480	2426.3333333333335	0.0
490	2278.3333333333335	0.0
500	2252.0	0.0
510	2383.1666666666665	0.0
520	2621.5	0.0
530	2370.8333333333335	0.0
540	2544.8333333333335	0.0
550	2656.3333333333335	0.0
560	2817.6666666666665	0.0
570	2483.6666666666665	0.0
580	2709.3333333333335	0.0
590	2567.8333333333335	0.0
600	2814.8333333333335	0.0
610	2608.6666666666665	0.0
620	2796.8333333333335	0.0
630	2698.0	0.0
640	2527.0	0.0
650	2356.6666666666665	0.0
660	2587.6666666666665	0.0
670	2595.8333333333335	0.0
680	2477.1666666666665	0.0
690	2518.0	0.0
700	2456.0	0.0
710	2498.0	0.0
720	2682.3333333333335	0.0
730	2003.3333333333333	0.0
740	2810.1666666666665	0.0
750	2561.3333333333335	0.0
760	2849.8333333333335	0.0
770	2565.0	0.0
780	2986.6666666666665	0.0
790	2654.3333333333335	0.0
800	2761.8333333333335	0.0
810	2806.5	0.0
820	2668.0	0.0
830	2909.1666666666665	0.0
840	3013.1666666666665	0.0
850	2852.5	0.0
860	2616.0	0.0
870	2602.8333333333335	0.0
880	2608.5	0.0
890	2826.3333333333335	0.0
900	2923.0	0.0
910	2642.0	0.0
920	2122.8333333333335	0.0
930	2609.6666666666665	0.0
940	2515.0	0.0
950	2435.3333333333335	0.0
960	2364.8333333333335	0.0
970	2272.3333333333335	0.0
980	2498.5	0.0
990	2200.3333333333335	0.0
1000	2200.8333333333335	0.0
