0	239.66666666666666	0.0
10	70.0	0.0
20	70.0	1.0
30	70.0	0.0
40	70.0	0.0
50	70.0	0.0
60	70.0	0.0
70	71.0	0.0
80	70.0	0.0
90	79.33333333333333	0.0
100	76.66666666666667	32.0
110	72.66666666666667	45.0
120	156.0	0.0
130	352.0	0.0
140	232.66666666666666	13.0
150	173.33333333333334	37.0
160	283.6666666666667	0.0
170	224.66666666666666	38.0
180	397.0	0.0
190	293.3333333333333	104.0
200	336.0	42.0
210	277.0	53.0
220	136.0	31.0
230	599.6666666666666	39.0
240	754.3333333333334	105.0
250	1204.3333333333333	101.0
260	1124.3333333333333	106.0
270	2028.0	170.0
280	2064.3333333333335	83.0
290	1682.0	0.0
300	2137.8333333333335	0.0
310	1909.0	0.0
320	2626.1666666666665	0.0
330	2293.6666666666665	0.0
340	2325.0	0.0
350	2440.6666666666665	0.0
360	2492.3333333333335	0.0
370	2323.0	0.0
380	2454.3333333333335	0.0
390	2338.8333333333335	0.0
400	2202.0	0.0
410	2542.0	0.0
420	1768.3333333333333	0.0
430	2413.5	0.0
440	1713.0	0.0
450	1850.0	0.0
460	1995.5	0.0
470	2302.1666666666665	0.0
480	1966.6666666666667	0.0
490	1889.6666666666667	0.0
500	2009.6666666666667	0.0
510	2511.6666666666665	0.0
520	1739.1666666666667	0.0
530	1812.3333333333333	0.0
540	1828.6666666666667	0.0
550	2146.3333333333335	0.0
560	2025.5	0.0
570	2010.0	0.0
580	2031.3333333333333	0.0
590	1810.1666666666667	0.0
600	1855.0	0.0
610	2402.3333333333335	0.0
620	2344.5	0.0
630	1797.6666666666667	0.0
640	1896.5	0.0
650	1633.3333333333333	0.0
660	1635.3333333333333	0.0
670	1891.0	0.0
680	1719.3333333333333	0.0
690	2105.8333333333335	0.0
700	1853.0	0.0
710	2583.6666666666665	0.0
720	2516.0	0.0
730	2336.6666666666665	0.0
740	2380.3333333333335	0.0
750	2474.5	0.0
760	2544.6666666666665	0.0
770	2173.3333333333335	0.0
780	1989.0	0.0
790	2013.0	0.0
800	2085.3333333333335	0.0
810	2130.6666666666665	0.0
820	2039.0	0.0
830	1930.6666666666667	0.0
840	1908.6666666666667	0.0
850	1981.1666666666667	0.0
860	1826.6666666666667	0.0
870	1914.6666666666667	0.0
880	1816.1666666666667	0.0
890	1997.3333333333333	0.0
900	2558.3333333333335	0.0
910	2412.6666666666665	0.0
920	2438.6666666666665	0.0
930	2561.0	0.0
940	2403.1666666666665	0.0
950	1846.0	0.0
960	1789.8333333333333	0.0
970	1760.6666666666667	0.0
980	2021.5	0.0
990	1965.1666666666667	0.0
1000	2496.6666666666665	0.0
