0	289.0	0.0
10	70.0	200.0
20	70.0	0.0
30	70.0	0.0
40	70.0	0.0
50	70.0	0.0
60	70.0	0.0
70	70.0	0.0
80	70.0	0.0
90	70.0	0.0
100	70.0	0.0
110	70.0	0.0
120	70.0	0.0
130	70.0	0.0
140	70.0	0.0
150	70.0	0.0
160	70.0	0.0
170	70.0	0.0
180	70.66666666666667	0.0
190	72.33333333333333	0.0
200	71.66666666666667	0.0
210	72.0	0.0
220	74.33333333333333	0.0
230	73.33333333333333	0.0
240	70.0	0.0
250	72.33333333333333	0.0
260	172.66666666666666	0.0
270	167.33333333333334	0.0
280	175.66666666666666	0.0
290	367.6666666666667	0.0
300	165.33333333333334	0.0
310	175.0	0.0
320	180.66666666666666	0.0
330	162.0	0.0
340	153.0	0.0
350	254.66666666666666	0.0
360	225.33333333333334	0.0
370	313.3333333333333	0.0
380	197.33333333333334	0.0
390	270.6666666666667	0.0
400	155.0	0.0
410	155.0	0.0
420	212.33333333333334	0.0
430	236.66666666666666	0.0
440	269.6666666666667	0.0
450	348.6666666666667	0.0
460	655.6666666666666	0.0
470	641.3333333333334	0.0
480	630.3333333333334	0.0
490	1222.6666666666667	0.0
500	1237.6666666666667	0.0
510	1013.0	0.0
520	1424.6666666666667	0.0
530	1750.0	0.0
540	1808.6666666666667	0.0
550	2099.0	0.0
560	1846.6666666666667	0.0
570	2136.0	0.0
580	2055.6666666666665	0.0
590	2123.0	0.0
600	1484.0	0.0
610	1794.6666666666667	0.0
620	2454.0	0.0
630	2092.0	0.0
640	2052.0	0.0
650	2574.0	0.0
660	2355.0	0.0
670	2496.0	0.0
680	2622.3333333333335	0.0
690	2431.8333333333335	0.0
700	2291.3333333333335	0.0
710	2538.0	0.0
720	2312.0	0.0
730	2503.6666666666665	0.0
740	2852.3333333333335	0.0
750	2313.3333333333335	0.0
760	2426.3333333333335	0.0
770	2739.6666666666665	0.0
780	2209.0	0.0
790	2582.3333333333335	0.0
800	2407.1666666666665	0.0
810	2625.6666666666665	0.0
820	2656.8333333333335	0.0
830	2811.1666666666665	0.0
840	2403.1666666666665	0.0
850	2353.5	0.0
860	2453.6666666666665	0.0
870	2632.5	0.0
880	2621.3333333333335	0.0
890	2621.0	0.0
900	2408.8333333333335	0.0
910	2661.0	0.0
920	2458.3333333333335	0.0
930	2682.5	0.0
940	2477.1666666666665	0.0
950	2699.3333333333335	0.0
960	2526.6666666666665	0.0
970	2722.1666666666665	0.0
980	2559.3333333333335	0.0
990	2604.0	0.0
1000	2601.8333333333335	0.0
