0	298.6666666666667	0.0
10	70.0	232.0
20	70.0	0.0
30	70.0	0.0
40	70.0	0.0
50	70.0	0.0
60	70.0	0.0
70	70.0	0.0
80	70.0	0.0
90	70.0	0.0
100	70.0	0.0
110	70.0	0.0
120	70.0	0.0
130	70.0	0.0
140	70.0	0.0
150	70.0	0.0
160	70.0	0.0
170	70.0	0.0
180	70.0	0.0
190	71.0	0.0
200	77.0	0.0
210	78.0	0.0
220	71.33333333333333	0.0
230	70.66666666666667	0.0
240	73.66666666666667	0.0
250	189.0	0.0
260	125.33333333333333	0.0
270	299.6666666666667	0.0
280	120.66666666666667	0.0
290	156.0	0.0
300	170.0	0.0
310	154.66666666666666	0.0
320	138.0	0.0
330	162.0	0.0
340	161.66666666666666	0.0
350	461.0	0.0
360	569.6666666666666	0.0
370	630.5	0.0
380	529.6666666666666	0.0
390	551.0	0.0
400	775.6666666666666	0.0
410	747.3333333333334	0.0
420	740.6666666666666	0.0
430	1065.6666666666667	0.0
440	1672.3333333333333	0.0
450	1577.3333333333333	0.0
460	1518.6666666666667	0.0
470	1586.0	0.0
480	1544.3333333333333	0.0
490	2113.0	0.0
500	2265.0	0.0
510	2178.6666666666665	0.0
520	2159.3333333333335	0.0
530	2090.3333333333335	0.0
540	1999.6666666666667	0.0
550	2274.8333333333335	0.0
560	1936.6666666666667	0.0
570	2347.6666666666665	0.0
580	2209.8333333333335	0.0
590	2298.3333333333335	0.0
600	2283.1666666666665	0.0
610	2301.0	0.0
620	2202.3333333333335	0.0
630	2321.3333333333335	0.0
640	2104.0	0.0
650	2423.1666666666665	0.0
660	2394.5	0.0
670	2449.6666666666665	0.0
680	2561.6666666666665	0.0
690	2564.6666666666665	0.0
700	2473.6666666666665	0.0
710	2380.3333333333335	0.0
720	2690.0	0.0
730	2390.5	0.0
740	2345.0	0.0
750	2575.3333333333335	0.0
760	2664.3333333333335	0.0
770	2754.6666666666665	0.0
780	2597.1666666666665	0.0
790	2563.3333333333335	0.0
800	2318.3333333333335	0.0
810	2510.3333333333335	0.0
820	2272.1666666666665	0.0
830	2536.1666666666665	0.0
840	2262.3333333333335	0.0
850	2480.3333333333335	0.0
860	2575.0	0.0
870	2060.3333333333335	0.0
880	1991.6666666666667	0.0
890	1979.6666666666667	0.0
900	1906.6666666666667	0.0
910	2671.0	0.0
920	2041.8333333333333	0.0
930	2354.0	0.0
940	2728.8333333333335	0.0
950	2247.1666666666665	0.0
960	2344.3333333333335	0.0
970	2361.3333333333335	0.0
980	2499.8333333333335	0.0
990	2284.6666666666665	0.0
1000	2198.6666666666665	0.0
