0	311.3333333333333	0.0
10	70.0	0.0
20	70.0	0.0
30	70.0	0.0
40	70.0	0.0
50	70.0	0.0
60	70.0	0.0
70	70.0	0.0
80	70.0	0.0
90	70.0	0.0
100	70.0	0.0
110	70.0	0.0
120	70.0	0.0
130	70.0	0.0
140	70.0	0.0
150	70.0	0.0
160	70.0	0.0
170	70.0	0.0
180	72.33333333333333	0.0
190	71.0	0.0
200	70.0	0.0
210	71.33333333333333	0.0
220	70.66666666666667	0.0
230	85.66666666666667	0.0
240	146.66666666666666	0.0
250	292.3333333333333	0.0
260	146.66666666666666	0.0
270	210.0	0.0
280	207.0	0.0
290	185.33333333333334	0.0
300	180.0	0.0
310	155.33333333333334	0.0
320	162.66666666666666	1.0
330	162.33333333333334	0.0
340	155.0	0.0
350	138.0	1.0
360	131.0	1.0
370	155.33333333333334	0.0
380	148.66666666666666	1.0
390	181.0	0.0
400	195.0	0.0
410	291.0	0.0
420	231.33333333333334	0.0
430	211.0	1.0
440	212.33333333333334	0.0
450	203.0	0.0
460	269.6666666666667	0.0
470	367.6666666666667	0.0
480	370.6666666666667	0.0
490	218.33333333333334	0.0
500	263.0	0.0
510	326.0	0.0
520	283.0	0.0
530	504.0	0.0
540	488.6666666666667	0.0
550	361.3333333333333	1.0
560	338.0	0.0
570	522.6666666666666	0.0
580	484.6666666666667	0.0
590	610.6666666666666	0.0
600	734.3333333333334	0.0
610	752.0	0.0
620	831.0	3.0
630	1163.6666666666667	1.0
640	779.0	0.0
650	1299.6666666666667	5.0
660	1021.0	0.0
670	1023.6666666666666	4.0
680	1335.3333333333333	2.0
690	2193.0	8.0
700	2361.0	5.0
710	1101.1666666666667	15.0
720	1373.5	4.0
730	1432.6666666666667	5.0
740	1416.0	2.0
750	2464.6666666666665	5.0
760	2710.8333333333335	8.0
770	2111.5	2.0
780	2481.8333333333335	1.0
790	2290.0	1.0
800	2507.0	2.0
