0	267.3333333333333	0.0
10	70.0	1000.0
20	70.0	0.0
30	70.0	0.0
40	70.0	0.0
50	70.0	0.0
60	70.0	0.0
70	70.0	0.0
80	70.0	0.0
90	70.0	0.0
100	70.0	0.0
110	70.0	0.0
120	70.0	0.0
130	70.0	0.0
140	70.0	0.0
150	70.0	0.0
160	70.0	0.0
170	70.33333333333333	0.0
180	70.66666666666667	0.0
190	71.0	0.0
200	71.33333333333333	0.0
210	73.33333333333333	0.0
220	70.0	0.0
230	75.33333333333333	0.0
240	82.0	0.0
250	119.33333333333333	0.0
260	297.6666666666667	0.0
270	375.3333333333333	0.0
280	193.33333333333334	0.0
290	155.0	0.0
300	164.0	0.0
310	165.0	0.0
320	138.0	0.0
330	138.0	0.0
340	180.33333333333334	0.0
350	269.3333333333333	0.0
360	271.6666666666667	0.0
370	304.6666666666667	0.0
380	391.6666666666667	0.0
390	522.6666666666666	0.0
400	796.0	0.0
410	715.6666666666666	0.0
420	1236.3333333333333	0.0
430	934.3333333333334	0.0
440	889.3333333333334	0.0
450	1357.0	0.0
460	1237.6666666666667	0.0
470	1352.3333333333333	0.0
480	1299.0	0.0
490	1443.0	0.0
500	2243.3333333333335	0.0
510	2011.1666666666667	0.0
520	1404.6666666666667	0.0
530	2275.6666666666665	0.0
540	2172.6666666666665	0.0
550	2172.6666666666665	0.0
560	2255.1666666666665	0.0
570	2243.3333333333335	0.0
580	2488.3333333333335	0.0
590	2165.3333333333335	0.0
600	2509.3333333333335	0.0
