0	254.0	0.0
10	70.0	1000.0
20	70.0	0.0
30	70.0	0.0
40	70.0	0.0
50	70.0	0.0
60	70.0	0.0
70	70.0	0.0
80	70.0	0.0
90	70.0	0.0
100	70.0	0.0
110	70.0	0.0
120	70.0	0.0
130	159.0	0.0
140	113.66666666666667	0.0
150	357.0	0.0
160	302.6666666666667	0.0
170	456.3333333333333	0.0
180	368.0	0.0
190	1096.0	0.0
200	1347.1666666666667	0.0
210	1332.3333333333333	0.0
220	1542.0	0.0
230	1676.3333333333333	0.0
240	1528.6666666666667	0.0
250	1295.0	0.0
260	1464.0	0.0
270	1651.6666666666667	0.0
280	2054.6666666666665	0.0
290	1963.0	0.0
300	1935.0	0.0
310	1988.6666666666667	0.0
320	1970.6666666666667	0.0
330	1929.3333333333333	0.0
340	1929.6666666666667	0.0
350	2294.3333333333335	0.0
360	2267.6666666666665	0.0
370	2069.3333333333335	0.0
380	2317.0	0.0
390	2309.3333333333335	0.0
400	2441.3333333333335	0.0
410	2370.0	0.0
420	2522.0	0.0
430	2087.0	0.0
440	2447.5	0.0
450	2312.3333333333335	0.0
460	2244.0	0.0
470	2493.3333333333335	0.0
480	2649.0	0.0
490	2587.1666666666665	0.0
500	2485.6666666666665	0.0
510	2662.6666666666665	0.0
520	2553.5	0.0
530	2503.5	0.0
540	2604.6666666666665	0.0
550	2695.6666666666665	0.0
560	2573.6666666666665	0.0
570	2720.5	0.0
580	2413.8333333333335	0.0
590	2802.5	0.0
600	2743.5	0.0
