0	262.6666666666667	0.0
10	70.0	1000.0
20	70.0	0.0
30	70.0	0.0
40	70.0	0.0
50	70.0	0.0
60	70.0	0.0
70	70.0	0.0
80	70.0	0.0
90	71.0	0.0
100	71.0	0.0
110	70.33333333333333	0.0
120	120.66666666666667	0.0
130	150.66666666666666	0.0
140	189.33333333333334	0.0
150	372.0	0.0
160	370.3333333333333	0.0
170	1445.0	0.0
180	1863.3333333333333	0.0
190	1552.3333333333333	0.0
200	1231.0	0.0
210	1548.3333333333333	0.0
220	1712.6666666666667	0.0
230	1542.0	0.0
240	1997.0	0.0
250	1883.3333333333333	0.0
260	2033.8333333333333	0.0
270	1939.0	0.0
280	1534.6666666666667	0.0
290	2029.1666666666667	0.0
300	2056.6666666666665	0.0
310	2173.3333333333335	0.0
320	2295.3333333333335	0.0
330	2391.6666666666665	0.0
340	2375.1666666666665	0.0
350	2304.1666666666665	0.0
360	2526.0	0.0
370	2449.0	0.0
380	2368.0	0.0
390	2390.3333333333335	0.0
400	2359.6666666666665	0.0
410	2108.5	0.0
420	2430.3333333333335	0.0
430	2579.1666666666665	0.0
440	2535.6666666666665	0.0
450	2534.1666666666665	0.0
460	2542.6666666666665	0.0
470	2611.6666666666665	0.0
480	2698.6666666666665	0.0
490	2536.6666666666665	0.0
500	2485.5	0.0
510	2412.6666666666665	0.0
520	2450.3333333333335	0.0
530	2332.3333333333335	0.0
540	2569.0	0.0
550	2674.0	0.0
560	2389.0	0.0
570	2624.6666666666665	0.0
580	2523.8333333333335	0.0
590	2559.8333333333335	0.0
600	2470.0	0.0
