0	299.3333333333333	0.0
10	70.0	1000.0
20	70.0	0.0
30	70.0	0.0
40	70.0	0.0
50	70.0	0.0
60	70.0	0.0
70	70.0	0.0
80	70.0	0.0
90	70.0	0.0
100	70.0	0.0
110	70.66666666666667	0.0
120	71.0	0.0
130	153.33333333333334	0.0
140	223.33333333333334	0.0
150	213.33333333333334	0.0
160	162.33333333333334	0.0
170	294.6666666666667	0.0
180	1086.6666666666667	0.0
190	1312.3333333333333	0.0
200	1837.6666666666667	0.0
210	981.0	0.0
220	1469.3333333333333	0.0
230	1617.3333333333333	0.0
240	1762.0	0.0
250	1838.6666666666667	0.0
260	2174.6666666666665	0.0
270	2242.5	0.0
280	2451.0	0.0
290	2263.8333333333335	0.0
300	2358.1666666666665	0.0
310	2317.5	0.0
320	2387.0	0.0
330	2253.3333333333335	0.0
340	2137.6666666666665	0.0
350	2092.0	0.0
360	2297.6666666666665	0.0
370	2402.0	0.0
380	2122.0	0.0
390	2165.8333333333335	0.0
400	2192.0	0.0
410	2306.6666666666665	0.0
420	2456.3333333333335	0.0
430	2411.3333333333335	0.0
440	2615.0	0.0
450	2583.5	0.0
460	2471.3333333333335	0.0
470	2621.8333333333335	0.0
480	2489.0	0.0
490	2520.6666666666665	0.0
500	2628.3333333333335	0.0
510	2713.0	0.0
520	2425.6666666666665	0.0
530	2643.0	0.0
540	2594.0	0.0
550	2622.5	0.0
560	2535.6666666666665	0.0
570	2772.0	0.0
580	2538.0	0.0
590	2294.6666666666665	0.0
600	2510.5	0.0
