0	233.66666666666666	0.0
10	70.0	867.0
20	70.0	133.0
30	70.0	0.0
40	70.0	0.0
50	70.0	0.0
60	70.0	0.0
70	70.0	0.0
80	70.0	0.0
90	70.0	0.0
100	71.0	0.0
110	140.66666666666666	0.0
120	308.6666666666667	0.0
130	149.66666666666666	0.0
140	726.0	0.0
150	1406.3333333333333	0.0
160	1429.3333333333333	0.0
170	1094.6666666666667	0.0
180	328.6666666666667	0.0
190	1086.6666666666667	0.0
200	1302.0	0.0
210	1559.3333333333333	0.0
220	1743.3333333333333	0.0
230	1803.0	0.0
240	1712.6666666666667	0.0
250	1931.6666666666667	0.0
260	2292.8333333333335	0.0
270	2350.6666666666665	0.0
280	2301.8333333333335	0.0
290	1936.0	0.0
300	2312.3333333333335	0.0
310	2209.5	0.0
320	2175.6666666666665	0.0
330	2330.6666666666665	0.0
340	2081.0	0.0
350	2322.3333333333335	0.0
360	2490.1666666666665	0.0
370	2496.1666666666665	0.0
380	2306.0	0.0
390	2284.0	0.0
400	2270.1666666666665	0.0
410	2167.0	0.0
420	2400.0	0.0
430	2496.6666666666665	0.0
440	2188.6666666666665	0.0
450	2366.6666666666665	0.0
460	2394.0	0.0
470	2258.6666666666665	0.0
480	2441.0	0.0
490	2489.0	0.0
500	2569.8333333333335	0.0
510	2894.6666666666665	0.0
520	2705.0	0.0
530	2497.0	0.0
540	2600.5	0.0
550	2766.6666666666665	0.0
560	2607.8333333333335	0.0
570	2544.3333333333335	0.0
580	2443.3333333333335	0.0
590	2719.1666666666665	0.0
600	2540.3333333333335	0.0
