0	286.6666666666667	0.0
10	70.0	228.0
20	70.0	0.0
30	70.0	0.0
40	70.0	0.0
50	70.0	0.0
60	70.0	0.0
70	70.0	0.0
80	70.0	0.0
90	70.0	0.0
100	70.0	0.0
110	70.0	0.0
120	70.0	0.0
130	70.0	0.0
140	70.0	0.0
150	70.0	0.0
160	70.0	0.0
170	70.0	0.0
180	70.0	0.0
190	80.66666666666667	0.0
200	70.0	0.0
210	73.66666666666667	0.0
220	74.0	0.0
230	70.0	0.0
240	104.0	0.0
250	145.66666666666666	0.0
260	192.33333333333334	0.0
270	144.66666666666666	0.0
280	147.0	0.0
290	181.66666666666666	0.0
300	139.33333333333334	0.0
310	140.66666666666666	0.0
320	138.0	0.0
330	146.66666666666666	0.0
340	139.66666666666666	0.0
350	182.66666666666666	0.0
360	189.66666666666666	0.0
370	138.0	0.0
380	246.66666666666666	0.0
390	218.33333333333334	0.0
400	130.0	0.0
410	157.0	0.0
420	259.6666666666667	0.0
430	283.6666666666667	0.0
440	268.6666666666667	0.0
450	201.33333333333334	0.0
460	279.0	0.0
470	253.66666666666666	0.0
480	334.0	0.0
490	220.33333333333334	0.0
500	417.0	0.0
510	567.3333333333334	0.0
520	891.3333333333334	0.0
530	652.3333333333334	0.0
540	1149.3333333333333	0.0
550	1310.6666666666667	0.0
560	1832.0	0.0
570	1580.6666666666667	0.0
580	1557.1666666666667	0.0
590	1574.6666666666667	0.0
600	1656.0	0.0
610	1694.3333333333333	0.0
620	1989.1666666666667	0.0
630	2140.6666666666665	0.0
640	2604.3333333333335	0.0
650	2203.0	0.0
660	2162.0	0.0
670	2432.6666666666665	0.0
680	2177.0	0.0
690	2447.5	0.0
700	2544.0	0.0
710	2476.3333333333335	0.0
720	2120.0	0.0
730	2164.3333333333335	0.0
740	2434.6666666666665	0.0
750	2016.0	0.0
760	2403.5	0.0
770	2693.6666666666665	0.0
780	2656.8333333333335	0.0
790	2759.1666666666665	0.0
800	2381.8333333333335	0.0
810	2575.0	0.0
820	2591.5	0.0
830	2650.5	0.0
840	2632.3333333333335	0.0
850	2456.0	0.0
860	2685.8333333333335	0.0
870	2382.5	0.0
880	2741.6666666666665	0.0
890	2699.1666666666665	0.0
900	2560.8333333333335	0.0
910	2470.3333333333335	0.0
920	2738.8333333333335	0.0
930	2821.6666666666665	0.0
940	2367.0	0.0
950	2768.6666666666665	0.0
960	2419.6666666666665	0.0
970	2853.6666666666665	0.0
980	2692.3333333333335	0.0
990	2516.8333333333335	0.0
1000	2679.6666666666665	0.0
