0	264.3333333333333	0.0
10	146.33333333333334	224.0
20	184.0	0.0
30	101.66666666666667	0.0
40	104.0	0.0
50	100.0	0.0
60	100.0	0.0
70	100.0	0.0
80	95.33333333333333	0.0
90	88.0	0.0
100	81.66666666666667	0.0
110	80.0	0.0
120	70.0	0.0
130	70.66666666666667	0.0
140	70.0	0.0
150	70.0	0.0
160	70.0	0.0
170	70.0	0.0
180	70.0	0.0
190	70.0	0.0
200	70.0	0.0
210	70.0	0.0
220	70.66666666666667	0.0
230	70.33333333333333	0.0
240	73.66666666666667	0.0
250	78.66666666666667	0.0
260	79.33333333333333	0.0
270	91.33333333333333	0.0
280	90.33333333333333	0.0
290	107.0	0.0
300	153.0	0.0
310	95.66666666666667	0.0
320	168.33333333333334	0.0
330	119.66666666666667	0.0
340	211.0	0.0
350	145.0	0.0
360	180.0	0.0
370	195.33333333333334	0.0
380	382.6666666666667	0.0
390	393.0	0.0
400	263.0	0.0
410	235.66666666666666	0.0
420	248.33333333333334	0.0
430	229.66666666666666	0.0
440	262.3333333333333	0.0
450	223.33333333333334	0.0
460	243.0	0.0
470	217.33333333333334	0.0
480	220.0	0.0
490	264.6666666666667	0.0
500	221.33333333333334	0.0
510	276.0	0.0
520	224.66666666666666	0.0
530	411.3333333333333	0.0
540	299.6666666666667	0.0
550	342.6666666666667	0.0
560	333.6666666666667	0.0
570	232.66666666666666	0.0
580	282.6666666666667	0.0
590	314.0	0.0
600	241.66666666666666	0.0
610	476.0	0.0
620	290.0	0.0
630	389.3333333333333	0.0
640	527.6666666666666	0.0
650	436.3333333333333	0.0
660	501.0	0.0
670	434.6666666666667	0.0
680	487.3333333333333	0.0
690	502.3333333333333	0.0
700	547.6666666666666	0.0
710	523.6666666666666	0.0
720	615.3333333333334	0.0
730	535.6666666666666	0.0
740	776.1666666666666	0.0
750	749.3333333333334	0.0
760	838.3333333333334	0.0
770	872.5	0.0
780	917.3333333333334	0.0
790	1144.0	0.0
800	1159.6666666666667	0.0
810	1277.6666666666667	0.0
820	1290.1666666666667	0.0
830	1634.0	0.0
840	1939.5	0.0
850	1779.0	0.0
860	687.3333333333334	0.0
870	1682.6666666666667	0.0
880	1320.3333333333333	0.0
890	1621.6666666666667	0.0
900	2290.5	0.0
910	2310.1666666666665	0.0
920	2086.0	0.0
930	2200.8333333333335	0.0
940	2544.6666666666665	0.0
950	2354.8333333333335	0.0
960	2439.0	0.0
970	2302.8333333333335	0.0
980	1575.6666666666667	0.0
990	1661.1666666666667	0.0
1000	1855.6666666666667	0.0
