0	267.3333333333333	0.0
10	70.0	0.0
20	70.0	0.0
30	70.0	0.0
40	70.0	0.0
50	70.0	0.0
60	70.0	0.0
70	70.0	0.0
80	70.0	0.0
90	70.0	0.0
100	70.0	0.0
110	70.0	0.0
120	70.0	0.0
130	70.0	0.0
140	70.0	0.0
150	70.0	0.0
160	70.0	0.0
170	70.0	0.0
180	71.0	0.0
190	71.33333333333333	0.0
200	80.33333333333333	0.0
210	71.0	0.0
220	74.0	0.0
230	79.66666666666667	0.0
240	121.0	0.0
250	288.0	0.0
260	158.66666666666666	0.0
270	178.0	0.0
280	165.33333333333334	0.0
290	170.33333333333334	0.0
300	147.0	0.0
310	139.0	0.0
320	146.66666666666666	0.0
330	130.0	0.0
340	132.0	0.0
350	130.0	0.0
360	130.0	0.0
370	513.6666666666666	0.0
380	671.0	0.0
390	854.6666666666666	0.0
400	954.3333333333334	0.0
410	745.0	0.0
420	966.0	0.0
430	1322.6666666666667	0.0
440	1618.0	0.0
450	1506.3333333333333	0.0
460	1237.3333333333333	0.0
470	1519.6666666666667	0.0
480	1818.0	0.0
490	1743.3333333333333	0.0
500	1869.6666666666667	0.0
510	1959.1666666666667	0.0
520	1675.6666666666667	0.0
530	1828.6666666666667	0.0
540	1859.3333333333333	0.0
550	1827.6666666666667	0.0
560	2226.6666666666665	0.0
570	1779.3333333333333	0.0
580	2258.6666666666665	0.0
590	2119.3333333333335	0.0
600	2498.3333333333335	0.0
610	1631.5	0.0
620	2090.0	0.0
630	2193.3333333333335	0.0
640	2379.0	0.0
650	2206.5	0.0
660	2230.3333333333335	0.0
670	2308.1666666666665	0.0
680	2347.1666666666665	0.0
690	2416.3333333333335	0.0
700	2433.3333333333335	0.0
710	2501.6666666666665	0.0
720	2325.3333333333335	0.0
730	2641.3333333333335	0.0
740	2497.3333333333335	0.0
750	2454.5	0.0
760	2480.3333333333335	0.0
770	2675.1666666666665	0.0
780	2367.3333333333335	0.0
790	2376.0	0.0
800	2460.6666666666665	0.0
