0	248.66666666666666	0.0
10	70.0	0.0
20	70.0	0.0
30	70.0	0.0
40	70.0	0.0
50	70.0	0.0
60	70.0	0.0
70	70.0	0.0
80	70.0	0.0
90	70.0	0.0
100	70.0	0.0
110	70.0	0.0
120	70.0	0.0
130	70.0	0.0
140	70.0	0.0
150	70.0	0.0
160	70.0	0.0
170	70.0	0.0
180	70.33333333333333	0.0
190	71.66666666666667	0.0
200	78.33333333333333	0.0
210	72.0	0.0
220	71.33333333333333	0.0
230	72.0	0.0
240	173.66666666666666	0.0
250	141.0	0.0
260	174.66666666666666	0.0
270	169.33333333333334	0.0
280	177.66666666666666	0.0
290	126.66666666666667	0.0
300	138.0	0.0
310	130.0	0.0
320	139.33333333333334	0.0
330	146.66666666666666	0.0
340	154.33333333333334	4.0
350	159.33333333333334	0.0
360	179.0	0.0
370	154.66666666666666	0.0
380	138.0	0.0
390	154.0	0.0
400	209.66666666666666	4.0
410	207.0	0.0
420	247.33333333333334	0.0
430	303.3333333333333	0.0
440	219.33333333333334	6.0
450	253.0	12.0
460	273.6666666666667	9.0
470	266.0	12.0
480	251.33333333333334	0.0
490	220.66666666666666	0.0
500	210.66666666666666	0.0
510	245.0	4.0
520	305.0	0.0
530	203.0	12.0
540	261.3333333333333	6.0
550	303.3333333333333	0.0
560	317.3333333333333	6.0
570	327.3333333333333	0.0
580	416.3333333333333	4.0
590	377.6666666666667	0.0
600	553.6666666666666	0.0
610	455.3333333333333	6.0
620	316.0	4.0
630	398.6666666666667	0.0
640	505.3333333333333	2.0
650	519.0	19.0
660	597.6666666666666	0.0
670	471.0	4.0
680	432.3333333333333	0.0
690	665.6666666666666	0.0
700	685.0	0.0
710	451.3333333333333	0.0
720	1002.6666666666666	0.0
730	740.6666666666666	11.0
740	1208.3333333333333	9.0
750	1026.3333333333333	15.0
760	1629.6666666666667	0.0
770	961.0	0.0
780	1085.3333333333333	8.0
790	1347.0	9.0
800	1347.6666666666667	10.0
810	1095.1666666666667	44.0
820	1342.6666666666667	0.0
830	945.3333333333334	0.0
840	866.0	6.0
850	1380.5	6.0
860	1171.0	14.0
870	2320.0	0.0
880	2249.1666666666665	2.0
890	1097.0	0.0
900	1403.0	0.0
910	1291.6666666666667	0.0
920	2382.0	3.0
930	1731.0	1.0
940	1858.6666666666667	12.0
950	2099.1666666666665	21.0
960	2691.8333333333335	7.0
970	2777.3333333333335	1.0
980	2639.3333333333335	7.0
990	2474.5	0.0
1000	2702.6666666666665	0.0
