0	268.0	0.0
10	70.0	0.0
20	70.0	0.0
30	70.0	0.0
40	70.0	0.0
50	70.0	0.0
60	70.0	0.0
70	70.0	0.0
80	70.0	0.0
90	70.0	0.0
100	70.0	0.0
110	70.0	0.0
120	70.0	0.0
130	70.0	0.0
140	70.0	0.0
150	70.0	0.0
160	70.0	0.0
170	70.0	0.0
180	70.0	0.0
190	70.66666666666667	0.0
200	72.33333333333333	0.0
210	72.0	0.0
220	70.0	0.0
230	86.33333333333333	0.0
240	73.66666666666667	0.0
250	167.66666666666666	0.0
260	193.66666666666666	0.0
270	345.0	0.0
280	310.0	0.0
290	153.0	6.0
300	147.33333333333334	0.0
310	188.66666666666666	0.0
320	188.66666666666666	0.0
330	235.33333333333334	0.0
340	147.0	4.0
350	253.0	0.0
360	198.33333333333334	0.0
370	268.0	0.0
380	170.0	10.0
390	178.33333333333334	0.0
400	162.66666666666666	0.0
410	258.6666666666667	0.0
420	234.66666666666666	4.0
430	256.6666666666667	0.0
440	268.6666666666667	6.0
450	354.3333333333333	17.0
460	433.0	0.0
470	393.6666666666667	0.0
480	500.0	0.0
490	668.3333333333334	0.0
500	739.0	3.0
510	1014.0	1.0
520	1110.0	3.0
530	1235.0	0.0
540	1476.0	2.0
550	1404.0	15.0
560	1745.0	0.0
570	1755.0	0.0
580	1865.0	23.0
590	2103.6666666666665	6.0
600	2131.0	27.0
610	2049.0	0.0
620	2150.3333333333335	11.0
630	2080.6666666666665	0.0
640	2011.3333333333333	6.0
650	2157.6666666666665	3.0
660	2380.3333333333335	0.0
670	2393.6666666666665	0.0
680	2200.1666666666665	0.0
690	2300.1666666666665	0.0
700	2486.1666666666665	13.0
710	2445.6666666666665	1.0
720	2544.8333333333335	2.0
730	2483.0	18.0
740	2595.1666666666665	1.0
750	2637.1666666666665	0.0
760	2322.0	3.0
770	2420.3333333333335	11.0
780	2640.5	4.0
790	2481.8333333333335	5.0
800	2721.3333333333335	10.0
810	2536.8333333333335	38.0
820	2437.3333333333335	7.0
830	2505.0	0.0
840	2442.0	6.0
850	2506.6666666666665	24.0
860	2561.0	3.0
870	2701.6666666666665	23.0
880	2530.6666666666665	0.0
890	2523.1666666666665	0.0
900	2741.6666666666665	2.0
910	2749.6666666666665	18.0
920	2567.8333333333335	0.0
930	2386.5	0.0
940	2576.8333333333335	17.0
950	2652.0	2.0
960	2452.8333333333335	7.0
970	2284.5	1.0
980	2577.6666666666665	0.0
990	2526.0	0.0
1000	2694.6666666666665	23.0
