0	264.0	0.0
10	70.0	0.0
20	70.0	0.0
30	70.0	0.0
40	70.0	0.0
50	70.0	0.0
60	70.0	0.0
70	70.0	0.0
80	71.33333333333333	0.0
90	72.66666666666667	0.0
100	79.33333333333333	0.0
110	76.66666666666667	0.0
120	72.66666666666667	0.0
130	79.33333333333333	0.0
140	125.33333333333333	0.0
150	124.33333333333333	0.0
160	416.0	0.0
170	165.0	0.0
180	302.3333333333333	0.0
190	385.0	0.0
200	178.33333333333334	0.0
210	295.3333333333333	0.0
220	156.33333333333334	0.0
230	493.6666666666667	0.0
240	234.0	0.0
250	316.6666666666667	0.0
260	528.6666666666666	0.0
270	363.3333333333333	0.0
280	434.0	0.0
290	622.3333333333334	0.0
300	527.6666666666666	0.0
310	883.0	0.0
320	840.0	0.0
330	487.6666666666667	0.0
340	827.3333333333334	0.0
350	1061.3333333333333	0.0
360	1584.6666666666667	0.0
370	1997.8333333333333	0.0
380	1552.0	0.0
390	1248.6666666666667	0.0
400	1115.6666666666667	0.0
410	1654.3333333333333	0.0
420	1620.1666666666667	0.0
430	1098.3333333333333	0.0
440	1189.0	0.0
450	1671.0	0.0
460	1856.6666666666667	0.0
470	2062.8333333333335	0.0
480	1457.6666666666667	0.0
490	1741.3333333333333	0.0
500	1940.6666666666667	0.0
510	1781.5	0.0
520	1655.5	0.0
530	1128.0	0.0
540	1456.1666666666667	0.0
550	1880.1666666666667	0.0
560	1780.0	0.0
570	1909.8333333333333	0.0
580	1542.8333333333333	0.0
590	2082.8333333333335	0.0
600	1784.0	0.0
