0	233.0	0.0
10	70.66666666666667	1000.0
20	70.0	0.0
30	70.0	0.0
40	70.0	0.0
50	70.0	0.0
60	70.0	0.0
70	70.0	0.0
80	70.0	0.0
90	70.0	0.0
100	70.0	0.0
110	70.0	0.0
120	70.0	0.0
130	70.0	0.0
140	71.33333333333333	0.0
150	71.66666666666667	0.0
160	77.0	0.0
170	154.0	0.0
180	263.6666666666667	0.0
190	457.0	0.0
200	306.3333333333333	0.0
210	150.66666666666666	0.0
220	616.3333333333334	0.0
230	294.6666666666667	0.0
240	172.66666666666666	0.0
250	302.3333333333333	0.0
260	206.0	0.0
270	163.0	0.0
280	575.6666666666666	0.0
290	605.6666666666666	0.0
300	388.3333333333333	0.0
310	769.3333333333334	0.0
320	712.0	0.0
330	845.3333333333334	0.0
340	1163.3333333333333	0.0
350	1283.3333333333333	0.0
360	1064.6666666666667	0.0
370	1497.6666666666667	0.0
380	2024.0	0.0
390	1828.6666666666667	0.0
400	1419.6666666666667	0.0
410	1851.8333333333333	0.0
420	1935.0	0.0
430	2059.6666666666665	0.0
440	2041.6666666666667	0.0
450	2478.6666666666665	0.0
460	2152.6666666666665	0.0
470	2235.0	0.0
480	2093.8333333333335	0.0
490	2343.0	0.0
500	2160.3333333333335	0.0
510	2338.6666666666665	0.0
520	2038.3333333333333	0.0
530	2376.1666666666665	0.0
540	2296.6666666666665	0.0
550	2436.3333333333335	0.0
560	2395.5	0.0
570	2499.3333333333335	0.0
580	2369.0	0.0
590	2321.6666666666665	0.0
600	2628.8333333333335	0.0
610	2662.3333333333335	0.0
620	2505.8333333333335	0.0
630	2602.6666666666665	0.0
640	2527.3333333333335	0.0
650	2627.1666666666665	0.0
660	2294.0	0.0
670	2588.1666666666665	0.0
680	2397.3333333333335	0.0
690	2416.3333333333335	0.0
700	2675.6666666666665	0.0
710	2557.3333333333335	0.0
720	2701.6666666666665	0.0
730	2519.0	0.0
740	2516.6666666666665	0.0
750	2361.8333333333335	0.0
760	2362.6666666666665	0.0
770	2326.5	0.0
780	2657.1666666666665	0.0
790	2585.0	0.0
800	2388.6666666666665	0.0
