0	282.3333333333333	0.0
10	70.33333333333333	1000.0
20	70.0	0.0
30	70.0	0.0
40	70.0	0.0
50	70.0	0.0
60	70.0	0.0
70	70.0	0.0
80	70.0	0.0
90	70.0	0.0
100	70.0	0.0
110	70.0	0.0
120	70.0	0.0
130	70.33333333333333	0.0
140	77.33333333333333	0.0
150	71.66666666666667	0.0
160	95.66666666666667	0.0
170	70.0	0.0
180	124.66666666666667	0.0
190	177.0	0.0
200	159.66666666666666	0.0
210	212.33333333333334	0.0
220	145.33333333333334	0.0
230	173.33333333333334	0.0
240	130.0	0.0
250	138.0	0.0
260	129.33333333333334	0.0
270	201.0	0.0
280	163.0	0.0
290	346.3333333333333	0.0
300	584.3333333333334	0.0
310	864.6666666666666	0.0
320	572.0	0.0
330	1083.6666666666667	0.0
340	1075.0	0.0
350	1231.3333333333333	0.0
360	1025.3333333333333	0.0
370	1075.0	0.0
380	1488.0	0.0
390	1585.3333333333333	0.0
400	1717.0	0.0
410	2182.6666666666665	0.0
420	2028.0	0.0
430	1769.0	0.0
440	2364.6666666666665	0.0
450	2190.6666666666665	0.0
460	2060.6666666666665	0.0
470	1871.1666666666667	0.0
480	1759.6666666666667	0.0
490	2477.5	0.0
500	2383.1666666666665	0.0
510	2449.5	0.0
520	2137.3333333333335	0.0
530	2495.3333333333335	0.0
540	2627.6666666666665	0.0
550	2213.3333333333335	0.0
560	2397.3333333333335	0.0
570	2502.5	0.0
580	2650.1666666666665	0.0
590	2679.8333333333335	0.0
600	2698.8333333333335	0.0
610	2519.3333333333335	0.0
620	2354.0	0.0
630	2709.0	0.0
640	2613.0	0.0
650	2496.0	0.0
660	2687.1666666666665	0.0
670	2653.8333333333335	0.0
680	2671.6666666666665	0.0
690	2427.3333333333335	0.0
700	2517.8333333333335	0.0
710	2753.6666666666665	0.0
720	2536.3333333333335	0.0
730	2672.3333333333335	0.0
740	2762.0	0.0
750	2674.6666666666665	0.0
760	2412.6666666666665	0.0
770	2674.1666666666665	0.0
780	2549.5	0.0
790	2606.8333333333335	0.0
800	2379.0	0.0
