0	268.6666666666667	0.0
10	70.0	1000.0
20	70.0	0.0
30	70.0	0.0
40	70.0	0.0
50	70.0	0.0
60	70.0	0.0
70	70.0	0.0
80	70.0	0.0
90	70.0	0.0
100	70.0	0.0
110	70.0	0.0
120	70.0	0.0
130	70.0	0.0
140	70.0	0.0
150	70.0	0.0
160	70.0	0.0
170	70.0	0.0
180	71.33333333333333	0.0
190	70.0	0.0
200	71.33333333333333	0.0
210	74.33333333333333	0.0
220	74.0	0.0
230	79.0	0.0
240	83.0	0.0
250	70.33333333333333	0.0
260	119.66666666666667	0.0
270	101.66666666666667	0.0
280	101.66666666666667	0.0
290	140.66666666666666	0.0
300	129.66666666666666	0.0
310	253.33333333333334	0.0
320	279.0	0.0
330	265.0	0.0
340	238.0	0.0
350	273.3333333333333	0.0
360	165.0	0.0
370	279.3333333333333	0.0
380	247.66666666666666	0.0
390	162.0	0.0
400	170.66666666666666	0.0
410	211.0	0.0
420	303.6666666666667	0.0
430	275.3333333333333	0.0
440	452.3333333333333	0.0
450	740.6666666666666	0.0
460	685.6666666666666	0.0
470	940.0	0.0
480	1273.1666666666667	0.0
490	1040.0	0.0
500	983.0	0.0
510	1356.3333333333333	0.0
520	1521.3333333333333	0.0
530	2410.1666666666665	0.0
540	1874.0	0.0
550	2224.6666666666665	0.0
560	2167.6666666666665	0.0
570	2143.0	0.0
580	2207.6666666666665	0.0
590	2300.6666666666665	0.0
600	2247.6666666666665	0.0
610	2209.0	0.0
620	2088.5	0.0
630	1955.0	0.0
640	2138.6666666666665	0.0
650	2198.6666666666665	0.0
660	2150.6666666666665	0.0
670	2210.3333333333335	0.0
680	2424.8333333333335	0.0
690	2516.1666666666665	0.0
700	2546.3333333333335	0.0
710	2533.3333333333335	0.0
720	2678.0	0.0
730	2468.6666666666665	0.0
740	2616.3333333333335	0.0
750	2713.0	0.0
760	2555.6666666666665	0.0
770	2585.3333333333335	0.0
780	2687.8333333333335	0.0
790	2676.6666666666665	0.0
800	2804.3333333333335	0.0
