0	218.66666666666666	0.0
10	70.0	1000.0
20	70.0	0.0
30	70.0	0.0
40	70.0	0.0
50	70.0	0.0
60	70.0	0.0
70	70.0	0.0
80	70.0	0.0
90	70.0	0.0
100	70.0	0.0
110	70.0	0.0
120	70.0	0.0
130	70.0	0.0
140	70.0	0.0
150	70.0	0.0
160	70.0	0.0
170	70.0	0.0
180	70.33333333333333	0.0
190	70.0	0.0
200	70.66666666666667	0.0
210	79.33333333333333	0.0
220	71.66666666666667	0.0
230	87.0	0.0
240	71.33333333333333	0.0
250	98.66666666666667	0.0
260	142.0	0.0
270	322.3333333333333	0.0
280	271.6666666666667	0.0
290	297.0	0.0
300	187.66666666666666	0.0
310	184.33333333333334	0.0
320	263.3333333333333	0.0
330	147.33333333333334	0.0
340	163.0	0.0
350	145.66666666666666	0.0
360	163.66666666666666	0.0
370	140.0	0.0
380	149.0	0.0
390	195.66666666666666	0.0
400	146.0	0.0
410	565.6666666666666	0.0
420	701.0	0.0
430	639.3333333333334	0.0
440	1165.8333333333333	0.0
450	1159.6666666666667	0.0
460	1460.6666666666667	0.0
470	1809.3333333333333	0.0
480	1447.6666666666667	0.0
490	893.6666666666666	0.0
500	1566.6666666666667	0.0
510	2338.3333333333335	0.0
520	1750.0	0.0
530	2392.6666666666665	0.0
540	2194.3333333333335	0.0
550	1821.3333333333333	0.0
560	2169.3333333333335	0.0
570	2073.0	0.0
580	2292.3333333333335	0.0
590	2155.3333333333335	0.0
600	1997.6666666666667	0.0
610	2232.8333333333335	0.0
620	2252.0	0.0
630	2438.6666666666665	0.0
640	2548.0	0.0
650	2427.6666666666665	0.0
660	2379.6666666666665	0.0
670	2571.3333333333335	0.0
680	2176.1666666666665	0.0
690	2391.0	0.0
700	2620.0	0.0
710	2613.3333333333335	0.0
720	2607.6666666666665	0.0
730	2397.5	0.0
740	2524.8333333333335	0.0
750	2704.8333333333335	0.0
760	2757.0	0.0
770	2558.3333333333335	0.0
780	2857.8333333333335	0.0
790	2733.5	0.0
800	2500.3333333333335	0.0
