0	268.6666666666667	0.0
10	70.0	1000.0
20	70.0	0.0
30	70.0	0.0
40	70.0	0.0
50	70.0	0.0
60	70.0	0.0
70	70.0	0.0
80	70.0	0.0
90	70.0	0.0
100	70.0	0.0
110	70.0	0.0
120	70.0	0.0
130	70.0	0.0
140	70.0	0.0
150	70.0	0.0
160	70.0	0.0
170	70.66666666666667	0.0
180	70.0	0.0
190	70.66666666666667	0.0
200	90.0	0.0
210	101.33333333333333	0.0
220	71.66666666666667	0.0
230	123.0	0.0
240	125.33333333333333	0.0
250	146.66666666666666	0.0
260	277.6666666666667	0.0
270	457.6666666666667	0.0
280	195.0	0.0
290	262.0	0.0
300	127.33333333333333	0.0
310	164.66666666666666	0.0
320	153.66666666666666	0.0
330	162.66666666666666	0.0
340	154.66666666666666	0.0
350	246.0	0.0
360	280.6666666666667	0.0
370	155.66666666666666	0.0
380	146.0	0.0
390	233.33333333333334	0.0
400	169.66666666666666	0.0
410	212.33333333333334	0.0
420	258.3333333333333	0.0
430	210.66666666666666	0.0
440	314.0	0.0
450	393.6666666666667	0.0
460	337.3333333333333	0.0
470	265.0	0.0
480	296.3333333333333	0.0
490	737.1666666666666	0.0
500	1034.6666666666667	0.0
510	824.0	0.0
520	868.0	0.0
530	701.6666666666666	0.0
540	1164.0	0.0
550	1235.0	0.0
560	1921.1666666666667	0.0
570	2307.1666666666665	0.0
580	1784.1666666666667	0.0
590	1181.3333333333333	0.0
600	1767.0	0.0
610	2192.1666666666665	0.0
620	2348.3333333333335	0.0
630	2411.5	0.0
640	1820.0	0.0
650	2188.6666666666665	0.0
660	2195.3333333333335	0.0
670	2326.1666666666665	0.0
680	2517.1666666666665	0.0
690	2403.3333333333335	0.0
700	2357.1666666666665	0.0
710	2501.0	0.0
720	2437.5	0.0
730	2518.6666666666665	0.0
740	2427.0	0.0
750	2422.1666666666665	0.0
760	2528.5	0.0
770	2462.0	0.0
780	2584.6666666666665	0.0
790	2349.5	0.0
800	2612.0	0.0
