0	299.3333333333333	0.0
10	70.0	1000.0
20	70.0	0.0
30	70.0	0.0
40	70.0	0.0
50	70.0	0.0
60	70.0	0.0
70	70.0	0.0
80	70.0	0.0
90	70.0	0.0
100	70.0	0.0
110	70.0	0.0
120	70.0	0.0
130	70.0	0.0
140	70.0	0.0
150	70.0	0.0
160	70.0	0.0
170	71.33333333333333	0.0
180	73.33333333333333	0.0
190	70.66666666666667	0.0
200	72.66666666666667	0.0
210	74.66666666666667	0.0
220	99.33333333333333	0.0
230	233.0	0.0
240	348.0	0.0
250	162.33333333333334	0.0
260	130.33333333333334	0.0
270	156.0	0.0
280	130.0	0.0
290	130.0	0.0
300	144.33333333333334	0.0
310	199.33333333333334	0.0
320	193.0	0.0
330	178.33333333333334	0.0
340	190.66666666666666	0.0
350	347.6666666666667	0.0
360	789.0	0.0
370	703.0	0.0
380	790.6666666666666	0.0
390	729.0	0.0
400	546.0	0.0
410	727.6666666666666	0.0
420	1022.6666666666666	0.0
430	1162.3333333333333	0.0
440	1392.0	0.0
450	1463.3333333333333	0.0
460	1776.3333333333333	0.0
470	2137.5	0.0
480	1650.0	0.0
490	2103.3333333333335	0.0
500	1962.6666666666667	0.0
510	2151.3333333333335	0.0
520	2161.3333333333335	0.0
530	2126.1666666666665	0.0
540	2100.3333333333335	0.0
550	2178.0	0.0
560	2110.6666666666665	0.0
570	2333.3333333333335	0.0
580	2211.3333333333335	0.0
590	2210.6666666666665	0.0
600	2215.0	0.0
610	2497.3333333333335	0.0
620	2320.3333333333335	0.0
630	2564.8333333333335	0.0
640	2360.0	0.0
650	2478.0	0.0
660	2655.1666666666665	0.0
670	2807.6666666666665	0.0
680	2349.6666666666665	0.0
690	2435.0	0.0
700	2665.8333333333335	0.0
710	2586.3333333333335	0.0
720	2659.6666666666665	0.0
730	2599.0	0.0
740	2339.0	0.0
750	2509.8333333333335	0.0
760	2556.8333333333335	0.0
770	2430.5	0.0
780	2531.5	0.0
790	2745.0	0.0
800	2467.3333333333335	0.0
