0	261.3333333333333	0.0
10	70.0	1000.0
20	70.0	0.0
30	70.0	0.0
40	70.0	0.0
50	70.0	0.0
60	70.0	0.0
70	70.0	0.0
80	70.0	0.0
90	70.0	0.0
100	70.0	0.0
110	70.0	0.0
120	70.0	0.0
130	70.0	0.0
140	70.0	0.0
150	70.0	0.0
160	70.0	0.0
170	70.0	0.0
180	70.0	0.0
190	70.0	0.0
200	70.33333333333333	0.0
210	73.66666666666667	0.0
220	80.66666666666667	0.0
230	144.0	0.0
240	194.33333333333334	0.0
250	310.0	0.0
260	170.66666666666666	0.0
270	285.0	0.0
280	193.0	0.0
290	146.0	0.0
300	138.0	0.0
310	130.0	0.0
320	130.0	0.0
330	130.0	0.0
340	163.0	0.0
350	162.0	0.0
360	396.0	0.0
370	668.6666666666666	0.0
380	740.3333333333334	0.0
390	702.0	0.0
400	789.3333333333334	0.0
410	1229.3333333333333	0.0
420	1164.0	0.0
430	1484.8333333333333	0.0
440	1654.0	0.0
450	1710.0	0.0
460	2087.3333333333335	0.0
470	2218.3333333333335	0.0
480	2094.0	0.0
490	2388.6666666666665	0.0
500	2270.6666666666665	0.0
510	1730.6666666666667	0.0
520	1594.0	0.0
530	2264.6666666666665	0.0
540	2084.3333333333335	0.0
550	2145.0	0.0
560	2150.0	0.0
570	2199.0	0.0
580	1672.0	0.0
590	2092.8333333333335	0.0
600	2502.3333333333335	0.0
610	2500.0	0.0
620	2556.0	0.0
630	2247.6666666666665	0.0
640	2401.8333333333335	0.0
650	2606.0	0.0
660	2465.0	0.0
670	2597.8333333333335	0.0
680	2554.8333333333335	0.0
690	2636.0	0.0
700	2289.6666666666665	0.0
710	2538.1666666666665	0.0
720	2643.6666666666665	0.0
730	2702.3333333333335	0.0
740	2673.3333333333335	0.0
750	2683.0	0.0
760	2782.6666666666665	0.0
770	2772.5	0.0
780	2725.5	0.0
790	2645.6666666666665	0.0
800	2880.6666666666665	0.0
