0	236.66666666666666	0.0
10	101.0	1000.0
20	100.66666666666667	0.0
30	100.0	0.0
40	100.0	0.0
50	100.0	0.0
60	100.0	0.0
70	100.66666666666667	0.0
80	100.66666666666667	0.0
90	82.33333333333333	0.0
100	81.0	0.0
110	70.0	0.0
120	70.66666666666667	0.0
130	70.0	0.0
140	70.0	0.0
150	70.0	0.0
160	70.0	0.0
170	70.0	0.0
180	70.0	0.0
190	70.0	0.0
200	70.33333333333333	0.0
210	71.66666666666667	0.0
220	72.33333333333333	0.0
230	70.33333333333333	0.0
240	94.33333333333333	0.0
250	105.0	0.0
260	115.0	0.0
270	109.0	0.0
280	79.33333333333333	0.0
290	114.33333333333333	0.0
300	166.0	0.0
310	244.33333333333334	0.0
320	145.0	0.0
330	258.3333333333333	0.0
340	292.3333333333333	0.0
350	231.0	0.0
360	228.33333333333334	0.0
370	258.6666666666667	0.0
380	140.33333333333334	0.0
390	139.66666666666666	0.0
400	220.66666666666666	0.0
410	290.6666666666667	0.0
420	261.0	0.0
430	212.33333333333334	0.0
440	291.6666666666667	0.0
450	212.0	0.0
460	439.6666666666667	0.0
470	303.6666666666667	0.0
480	237.33333333333334	0.0
490	340.6666666666667	0.0
500	445.6666666666667	0.0
