0	226.33333333333334	0.0
10	70.0	1000.0
20	70.0	0.0
30	70.0	0.0
40	70.0	0.0
50	70.0	0.0
60	70.0	0.0
70	70.0	0.0
80	70.33333333333333	0.0
90	73.33333333333333	0.0
100	73.33333333333333	0.0
110	162.0	0.0
120	222.33333333333334	0.0
130	175.0	0.0
140	122.33333333333333	0.0
150	194.0	0.0
160	202.66666666666666	0.0
170	160.0	0.0
180	160.33333333333334	0.0
190	201.0	0.0
200	358.0	0.0
210	188.0	0.0
220	459.3333333333333	0.0
230	310.3333333333333	0.0
240	245.66666666666666	0.0
250	179.66666666666666	0.0
260	321.0	0.0
270	407.6666666666667	0.0
280	385.3333333333333	0.0
290	425.3333333333333	0.0
300	595.6666666666666	0.0
310	506.3333333333333	0.0
320	456.0	0.0
330	379.0	0.0
340	667.6666666666666	0.0
350	776.6666666666666	0.0
360	882.3333333333334	0.0
370	1212.0	0.0
380	977.3333333333334	0.0
390	831.0	0.0
400	790.0	0.0
410	1310.3333333333333	0.0
420	1527.3333333333333	0.0
430	1522.6666666666667	0.0
440	1839.5	0.0
450	1244.8333333333333	0.0
460	1562.3333333333333	0.0
470	1130.3333333333333	0.0
480	1658.6666666666667	0.0
490	1208.0	0.0
500	1671.8333333333333	0.0
510	1965.1666666666667	0.0
520	1552.8333333333333	0.0
530	1710.3333333333333	0.0
540	1479.8333333333333	0.0
550	1452.3333333333333	0.0
560	1981.0	0.0
570	1731.5	0.0
580	1482.6666666666667	0.0
590	1439.1666666666667	0.0
600	1728.5	0.0
610	1854.1666666666667	0.0
620	1729.0	0.0
630	1746.6666666666667	0.0
640	1682.6666666666667	0.0
650	1535.6666666666667	0.0
660	2200.8333333333335	0.0
670	1605.8333333333333	0.0
680	1557.3333333333333	0.0
690	2087.1666666666665	0.0
700	1660.0	0.0
710	1800.6666666666667	0.0
720	1814.3333333333333	0.0
730	2235.5	0.0
740	1909.6666666666667	0.0
750	1822.6666666666667	0.0
760	2588.3333333333335	0.0
770	2540.5	0.0
780	2226.3333333333335	0.0
790	2104.0	0.0
800	2395.6666666666665	0.0
810	2347.3333333333335	0.0
820	2302.6666666666665	0.0
830	2681.5	0.0
840	2392.0	0.0
850	2383.6666666666665	0.0
860	2509.6666666666665	0.0
870	2355.3333333333335	0.0
880	2500.8333333333335	0.0
890	2253.5	0.0
900	2084.3333333333335	0.0
910	1621.5	0.0
920	1987.0	0.0
930	2077.3333333333335	0.0
940	1883.5	0.0
950	1512.3333333333333	0.0
960	1960.8333333333333	0.0
970	2360.6666666666665	0.0
980	2383.3333333333335	0.0
990	2343.6666666666665	0.0
1000	2402.5	0.0
