0	311.3333333333333	0.0
10	100.33333333333333	1000.0
20	70.0	0.0
30	146.33333333333334	0.0
40	70.0	0.0
50	1015.5	0.0
60	1065.6666666666667	0.0
70	1672.1666666666667	0.0
80	2124.0	0.0
90	1826.0	0.0
100	2331.6666666666665	0.0
110	2044.3333333333333	0.0
120	2380.6666666666665	0.0
130	2259.3333333333335	0.0
140	2259.0	0.0
150	2275.0	0.0
160	2182.8333333333335	0.0
170	2238.5	0.0
180	2325.0	0.0
190	2370.0	0.0
200	2369.8333333333335	0.0
210	2389.0	0.0
220	2408.5	0.0
230	2425.1666666666665	0.0
240	2362.1666666666665	0.0
250	2302.3333333333335	0.0
260	2199.3333333333335	0.0
270	2459.6666666666665	0.0
280	1874.5	0.0
290	965.6666666666666	0.0
300	2120.3333333333335	0.0
310	1879.1666666666667	0.0
320	1790.3333333333333	0.0
330	1392.6666666666667	0.0
340	1286.3333333333333	0.0
350	1706.0	0.0
360	1612.3333333333333	0.0
370	1637.1666666666667	0.0
380	1969.3333333333333	0.0
390	1783.5	0.0
400	1814.1666666666667	0.0
410	1284.3333333333333	0.0
420	1793.3333333333333	0.0
430	1532.8333333333333	0.0
440	1807.0	0.0
450	1658.6666666666667	0.0
460	1984.0	0.0
470	2274.3333333333335	0.0
480	2612.3333333333335	0.0
490	2372.6666666666665	0.0
500	2387.0	0.0
510	1544.3333333333333	0.0
520	1940.3333333333333	0.0
530	1911.0	0.0
540	1943.0	0.0
550	1646.6666666666667	0.0
560	1909.3333333333333	0.0
570	2372.3333333333335	0.0
580	2789.0	0.0
590	2442.3333333333335	0.0
600	2205.8333333333335	0.0
610	2185.6666666666665	0.0
620	2437.6666666666665	0.0
630	2286.3333333333335	0.0
640	2118.3333333333335	0.0
650	2497.3333333333335	0.0
660	2165.3333333333335	0.0
670	2397.6666666666665	0.0
680	2655.5	0.0
690	1578.0	0.0
700	2017.6666666666667	0.0
710	2074.6666666666665	0.0
720	1443.8333333333333	0.0
730	2044.0	0.0
740	2412.0	0.0
750	1845.1666666666667	0.0
760	1953.3333333333333	0.0
770	1854.1666666666667	0.0
780	1657.6666666666667	0.0
790	2312.0	0.0
800	1806.6666666666667	0.0
810	1943.3333333333333	0.0
820	2614.1666666666665	0.0
830	2238.3333333333335	0.0
840	2471.3333333333335	0.0
850	2209.6666666666665	0.0
860	2362.0	0.0
870	2017.1666666666667	0.0
880	2411.0	0.0
890	2231.6666666666665	0.0
900	2024.1666666666667	0.0
910	2837.1666666666665	0.0
920	2161.0	0.0
930	1835.1666666666667	0.0
940	2494.6666666666665	0.0
950	2533.0	0.0
960	2486.1666666666665	0.0
970	2512.3333333333335	0.0
980	2467.0	0.0
990	2217.6666666666665	0.0
1000	2635.0	0.0
