0	269.3333333333333	0.0
10	70.0	0.0
20	70.0	0.0
30	70.0	0.0
40	70.0	0.0
50	70.0	0.0
60	70.0	0.0
70	70.0	0.0
80	70.0	0.0
90	70.0	0.0
100	70.0	0.0
110	70.0	0.0
120	70.0	0.0
130	70.0	0.0
140	70.0	0.0
150	70.0	0.0
160	70.0	0.0
170	70.0	0.0
180	71.0	0.0
190	70.33333333333333	0.0
200	70.0	0.0
210	73.33333333333333	0.0
220	73.33333333333333	0.0
230	81.33333333333333	0.0
240	73.0	0.0
250	74.66666666666667	0.0
260	87.33333333333333	0.0
270	150.0	0.0
280	244.66666666666666	0.0
290	249.33333333333334	0.0
300	217.33333333333334	0.0
310	152.33333333333334	0.0
320	155.0	0.0
330	160.33333333333334	0.0
340	154.66666666666666	0.0
350	164.33333333333334	0.0
360	171.66666666666666	0.0
370	185.66666666666666	0.0
380	269.0	0.0
390	212.33333333333334	0.0
400	252.66666666666666	0.0
410	288.3333333333333	0.0
420	239.0	0.0
430	164.0	0.0
440	177.66666666666666	0.0
450	250.0	0.0
460	300.6666666666667	0.0
470	342.6666666666667	0.0
480	335.0	0.0
490	396.6666666666667	0.0
500	332.0	0.0
510	378.3333333333333	0.0
520	428.3333333333333	0.0
530	643.6666666666666	0.0
540	699.0	0.0
550	850.3333333333334	0.0
560	1346.5	0.0
570	1298.0	0.0
580	1572.3333333333333	0.0
590	1626.1666666666667	0.0
600	1868.6666666666667	0.0
610	1843.3333333333333	0.0
620	1995.6666666666667	0.0
630	2226.8333333333335	0.0
640	2176.3333333333335	0.0
650	2304.3333333333335	0.0
660	2247.6666666666665	0.0
670	2029.5	0.0
680	2551.0	0.0
690	1694.0	0.0
700	2260.8333333333335	0.0
710	2188.3333333333335	0.0
720	2342.5	0.0
730	2163.3333333333335	0.0
740	2253.1666666666665	0.0
750	2066.5	0.0
760	2539.6666666666665	0.0
770	2471.3333333333335	0.0
780	2389.5	0.0
790	2260.3333333333335	0.0
800	2626.5	0.0
