0	245.0	0.0
10	70.0	238.0
20	70.0	0.0
30	70.0	0.0
40	70.0	0.0
50	70.0	0.0
60	70.0	0.0
70	70.0	0.0
80	70.0	0.0
90	70.0	0.0
100	70.0	0.0
110	70.0	0.0
120	70.0	0.0
130	70.0	0.0
140	70.0	0.0
150	70.0	0.0
160	70.0	0.0
170	73.66666666666667	0.0
180	71.0	0.0
190	71.66666666666667	0.0
200	71.0	0.0
210	73.0	0.0
220	88.66666666666667	0.0
230	70.66666666666667	0.0
240	176.66666666666666	0.0
250	244.66666666666666	0.0
260	343.6666666666667	0.0
270	431.6666666666667	0.0
280	162.66666666666666	0.0
290	162.0	0.0
300	138.66666666666666	0.0
310	196.0	0.0
320	131.0	0.0
330	258.0	0.0
340	210.66666666666666	0.0
350	170.66666666666666	0.0
360	163.0	0.0
370	183.0	0.0
380	187.0	0.0
390	207.33333333333334	0.0
400	686.6666666666666	0.0
410	356.6666666666667	0.0
420	594.0	0.0
430	796.6666666666666	0.0
440	789.3333333333334	0.0
450	1101.3333333333333	0.0
460	1112.3333333333333	0.0
470	1219.5	0.0
480	1674.3333333333333	0.0
490	1823.1666666666667	0.0
500	2254.1666666666665	0.0
510	2080.6666666666665	0.0
520	2317.6666666666665	0.0
530	1882.6666666666667	0.0
540	1975.6666666666667	0.0
550	1916.3333333333333	0.0
560	2091.6666666666665	0.0
570	1835.0	0.0
580	2101.6666666666665	0.0
590	2022.0	0.0
600	2133.6666666666665	0.0
610	2202.5	0.0
620	2324.6666666666665	0.0
630	2206.0	0.0
640	2361.6666666666665	0.0
650	2426.8333333333335	0.0
660	2067.3333333333335	0.0
670	2507.0	0.0
680	2121.6666666666665	0.0
690	2491.0	0.0
700	2504.5	0.0
710	2576.8333333333335	0.0
720	2071.6666666666665	0.0
730	2379.0	0.0
740	2345.8333333333335	0.0
750	2533.8333333333335	0.0
760	2356.0	0.0
770	2448.6666666666665	0.0
780	2349.6666666666665	0.0
790	2539.0	0.0
800	2799.5	0.0
810	2645.6666666666665	0.0
820	2420.5	0.0
830	2415.1666666666665	0.0
840	2421.8333333333335	0.0
850	2578.3333333333335	0.0
860	2467.6666666666665	0.0
870	2514.6666666666665	0.0
880	2200.0	0.0
890	2520.5	0.0
900	2410.1666666666665	0.0
910	2542.6666666666665	0.0
920	2140.6666666666665	0.0
930	2217.6666666666665	0.0
940	2542.6666666666665	0.0
950	2625.6666666666665	0.0
960	2532.6666666666665	0.0
970	2427.6666666666665	0.0
980	2379.6666666666665	0.0
990	2716.6666666666665	0.0
1000	2506.0	0.0
