0	301.0	0.0
10	70.0	233.0
20	70.0	0.0
30	70.0	0.0
40	70.0	0.0
50	70.0	0.0
60	70.0	0.0
70	70.0	0.0
80	70.0	0.0
90	70.0	0.0
100	70.0	0.0
110	70.0	0.0
120	70.0	0.0
130	70.0	0.0
140	70.0	0.0
150	70.0	0.0
160	70.0	0.0
170	70.33333333333333	0.0
180	70.0	0.0
190	71.0	0.0
200	72.66666666666667	0.0
210	72.0	0.0
220	83.0	0.0
230	77.0	0.0
240	174.33333333333334	0.0
250	257.3333333333333	0.0
260	314.6666666666667	0.0
270	148.33333333333334	0.0
280	294.0	0.0
290	164.66666666666666	0.0
300	187.66666666666666	0.0
310	146.0	0.0
320	154.0	0.0
330	194.33333333333334	0.0
340	203.0	0.0
350	139.33333333333334	0.0
360	173.66666666666666	0.0
370	205.66666666666666	0.0
380	280.0	0.0
390	283.3333333333333	0.0
400	301.3333333333333	0.0
410	418.3333333333333	0.0
420	820.6666666666666	0.0
430	991.3333333333334	0.0
440	1107.5	0.0
450	1497.6666666666667	0.0
460	1606.6666666666667	0.0
470	1398.6666666666667	0.0
480	1790.6666666666667	0.0
490	1793.5	0.0
500	2394.8333333333335	0.0
510	1867.6666666666667	0.0
520	1839.3333333333333	0.0
530	2006.6666666666667	0.0
540	1914.3333333333333	0.0
550	2141.5	0.0
560	2498.6666666666665	0.0
570	2218.0	0.0
580	2265.3333333333335	0.0
590	2451.8333333333335	0.0
600	2366.6666666666665	0.0
610	2249.0	0.0
620	2405.0	0.0
630	2528.6666666666665	0.0
640	2118.3333333333335	0.0
650	2517.6666666666665	0.0
660	2603.0	0.0
670	2419.1666666666665	0.0
680	2490.3333333333335	0.0
690	2545.3333333333335	0.0
700	2362.8333333333335	0.0
710	2496.6666666666665	0.0
720	2858.8333333333335	0.0
730	2668.0	0.0
740	2588.0	0.0
750	2546.5	0.0
760	2558.6666666666665	0.0
770	2543.3333333333335	0.0
780	2375.1666666666665	0.0
790	2637.3333333333335	0.0
800	2827.6666666666665	0.0
810	2560.5	0.0
820	2747.5	0.0
830	2611.6666666666665	0.0
840	2312.3333333333335	0.0
850	2583.6666666666665	0.0
860	2684.3333333333335	0.0
870	2481.1666666666665	0.0
880	2869.5	0.0
890	2827.3333333333335	0.0
900	2808.1666666666665	0.0
910	3008.6666666666665	0.0
920	2746.8333333333335	0.0
930	2651.0	0.0
940	2314.0	0.0
950	2736.1666666666665	0.0
960	2523.8333333333335	0.0
970	2804.3333333333335	0.0
980	2814.1666666666665	0.0
990	2618.6666666666665	0.0
1000	2630.6666666666665	0.0
