0	254.0	0.0
10	1078.0	160.0
20	1618.6666666666667	200.0
30	1248.0	139.0
40	1548.0	110.0
50	1725.0	116.0
60	2053.6666666666665	181.0
70	2291.0	114.0
80	2012.8333333333333	0.0
90	2382.0	0.0
100	2375.0	0.0
110	1985.0	0.0
120	2116.6666666666665	0.0
130	2280.0	0.0
140	2257.0	0.0
150	1908.6666666666667	0.0
160	2245.0	0.0
170	2090.5	0.0
180	2101.3333333333335	0.0
190	2576.1666666666665	0.0
200	1905.6666666666667	0.0
210	2197.5	0.0
220	2245.3333333333335	0.0
230	2149.1666666666665	0.0
240	2185.3333333333335	0.0
250	2365.3333333333335	0.0
260	2489.3333333333335	0.0
270	2426.3333333333335	0.0
280	2355.6666666666665	0.0
290	2389.8333333333335	0.0
300	1436.3333333333333	0.0
310	1995.0	0.0
320	2408.6666666666665	0.0
330	1692.0	0.0
340	1803.3333333333333	0.0
350	2331.0	0.0
360	1756.0	0.0
370	1680.3333333333333	0.0
380	1851.1666666666667	0.0
390	1448.3333333333333	0.0
400	1934.3333333333333	0.0
410	1382.0	0.0
420	1016.0	0.0
430	1323.6666666666667	0.0
440	1714.3333333333333	0.0
450	954.6666666666666	0.0
460	1734.5	0.0
470	1388.6666666666667	0.0
480	2097.3333333333335	0.0
490	1852.0	0.0
500	1658.0	0.0
510	1705.6666666666667	0.0
520	1584.0	0.0
530	2341.8333333333335	0.0
540	2323.5	0.0
550	2412.6666666666665	0.0
560	2258.3333333333335	0.0
570	2377.6666666666665	0.0
580	1966.8333333333333	0.0
590	1851.6666666666667	0.0
600	1715.3333333333333	0.0
