0	244.33333333333334	0.0
10	142.66666666666666	446.0
20	143.66666666666666	415.0
30	1478.0	142.0
40	1737.0	0.0
50	1963.0	0.0
60	2004.3333333333333	0.0
70	2090.0	0.0
80	2130.1666666666665	0.0
90	2376.0	0.0
100	2009.3333333333333	0.0
110	2029.0	0.0
120	2260.3333333333335	0.0
130	2151.3333333333335	0.0
140	2260.0	0.0
150	2300.8333333333335	0.0
160	2333.5	0.0
170	2379.0	0.0
180	2263.3333333333335	0.0
190	2311.6666666666665	0.0
200	2545.5	0.0
210	2511.8333333333335	0.0
220	2277.6666666666665	0.0
230	2333.0	0.0
240	2469.5	0.0
250	2446.8333333333335	0.0
260	2487.0	0.0
270	2433.1666666666665	0.0
280	2222.6666666666665	0.0
290	2584.6666666666665	0.0
300	2137.0	0.0
310	2290.0	0.0
320	2288.5	0.0
330	2442.1666666666665	0.0
340	1327.6666666666667	0.0
350	1795.5	0.0
360	1331.1666666666667	0.0
370	1121.0	0.0
380	1933.5	0.0
390	1374.1666666666667	0.0
400	1733.5	0.0
410	1562.0	0.0
420	1990.0	0.0
430	2548.3333333333335	0.0
440	2165.6666666666665	0.0
450	2560.8333333333335	0.0
460	1982.8333333333333	0.0
470	2239.5	0.0
480	1996.3333333333333	0.0
490	2173.0	0.0
500	2531.6666666666665	0.0
510	2397.3333333333335	0.0
520	2239.5	0.0
530	2345.5	0.0
540	1972.3333333333333	0.0
550	2747.0	0.0
560	2166.0	0.0
570	2460.0	0.0
580	2049.1666666666665	0.0
590	1945.1666666666667	0.0
600	2136.3333333333335	0.0
