0	284.0	0.0
10	141.33333333333334	518.0
20	138.66666666666666	173.0
30	197.0	310.0
40	1600.3333333333333	0.0
50	1623.3333333333333	0.0
60	1902.8333333333333	0.0
70	1921.0	0.0
80	2272.3333333333335	0.0
90	2210.0	0.0
100	2367.3333333333335	0.0
110	2313.0	0.0
120	2390.0	0.0
130	2346.0	0.0
140	2106.6666666666665	0.0
150	2150.6666666666665	0.0
160	2312.1666666666665	0.0
170	2498.5	0.0
180	2327.6666666666665	0.0
190	2602.8333333333335	0.0
200	2244.3333333333335	0.0
210	1003.0	0.0
220	1327.1666666666667	0.0
230	1480.3333333333333	0.0
240	1407.1666666666667	0.0
250	1750.8333333333333	0.0
260	1919.5	0.0
270	1980.1666666666667	0.0
280	1769.1666666666667	0.0
290	1899.1666666666667	0.0
300	1829.8333333333333	0.0
310	1545.0	0.0
320	1410.6666666666667	0.0
330	1709.6666666666667	0.0
340	1274.6666666666667	0.0
350	1661.6666666666667	0.0
360	2116.0	0.0
370	1808.3333333333333	0.0
380	1585.5	0.0
390	1715.8333333333333	0.0
400	1210.3333333333333	0.0
410	1708.1666666666667	0.0
420	1947.6666666666667	0.0
430	1868.3333333333333	0.0
440	2475.8333333333335	0.0
450	2070.8333333333335	0.0
460	2166.0	0.0
470	1866.0	0.0
480	2072.6666666666665	0.0
490	2130.8333333333335	0.0
500	2306.8333333333335	0.0
510	1788.6666666666667	0.0
520	2314.3333333333335	0.0
530	2510.0	0.0
540	2449.0	0.0
550	2254.6666666666665	0.0
560	2225.0	0.0
570	2530.3333333333335	0.0
580	1935.6666666666667	0.0
590	2406.3333333333335	0.0
600	2498.3333333333335	0.0
