0	214.33333333333334	0.0
10	100.0	635.0
20	240.33333333333334	365.0
30	1359.6666666666667	0.0
40	1583.6666666666667	0.0
50	1984.3333333333333	0.0
60	1768.5	0.0
70	2156.6666666666665	0.0
80	2218.0	0.0
90	2275.6666666666665	0.0
100	2352.0	0.0
110	2487.0	0.0
120	2136.3333333333335	0.0
130	2179.6666666666665	0.0
140	2660.3333333333335	0.0
150	2346.5	0.0
160	2520.0	0.0
170	2175.3333333333335	0.0
180	1727.0	0.0
190	1790.3333333333333	0.0
200	2341.6666666666665	0.0
210	1805.6666666666667	0.0
220	2415.0	0.0
230	1755.6666666666667	0.0
240	2235.3333333333335	0.0
250	2327.5	0.0
260	2435.6666666666665	0.0
270	2440.0	0.0
280	2461.6666666666665	0.0
290	2012.3333333333333	0.0
300	2330.3333333333335	0.0
310	2446.0	0.0
320	2458.6666666666665	0.0
330	2251.5	0.0
340	1882.1666666666667	0.0
350	2281.6666666666665	0.0
360	2492.8333333333335	0.0
370	2340.6666666666665	0.0
380	1705.1666666666667	0.0
390	1647.8333333333333	0.0
400	1760.6666666666667	0.0
410	1690.6666666666667	0.0
420	2102.0	0.0
430	2266.3333333333335	0.0
440	1884.1666666666667	0.0
450	1758.0	0.0
460	1873.3333333333333	0.0
470	1878.6666666666667	0.0
480	2072.0	0.0
490	1933.1666666666667	0.0
500	2072.6666666666665	0.0
510	1919.0	0.0
520	1534.0	0.0
530	2234.0	0.0
540	2190.3333333333335	0.0
550	2390.0	0.0
560	2359.8333333333335	0.0
570	2480.1666666666665	0.0
580	2513.0	0.0
590	2555.1666666666665	0.0
600	1979.1666666666667	0.0
