0	281.3333333333333	0.0
10	130.0	376.0
20	650.0	416.0
30	1429.0	231.0
40	1530.3333333333333	0.0
50	1733.6666666666667	0.0
60	1880.6666666666667	0.0
70	2374.3333333333335	0.0
80	2270.6666666666665	0.0
90	2403.3333333333335	0.0
100	2449.5	0.0
110	1922.8333333333333	0.0
120	2409.6666666666665	0.0
130	2314.5	0.0
140	2352.5	0.0
150	2236.3333333333335	0.0
160	2155.8333333333335	0.0
170	2103.6666666666665	0.0
180	2016.6666666666667	0.0
190	2383.3333333333335	0.0
200	2353.3333333333335	0.0
210	2237.1666666666665	0.0
220	2221.0	0.0
230	2512.0	0.0
240	2191.6666666666665	0.0
250	1287.0	0.0
260	1233.0	0.0
270	1600.0	0.0
280	1962.3333333333333	0.0
290	1994.3333333333333	0.0
300	2252.6666666666665	0.0
310	2511.8333333333335	0.0
320	1747.0	0.0
330	1746.1666666666667	0.0
340	2074.1666666666665	0.0
350	1971.1666666666667	0.0
360	1914.0	0.0
370	1203.6666666666667	0.0
380	2138.0	0.0
390	1908.6666666666667	0.0
400	1672.6666666666667	0.0
410	1757.1666666666667	0.0
420	2312.3333333333335	0.0
430	2371.6666666666665	0.0
440	2374.0	0.0
450	2307.3333333333335	0.0
460	2278.0	0.0
470	2416.0	0.0
480	2555.6666666666665	0.0
490	2247.1666666666665	0.0
500	2349.6666666666665	0.0
510	2435.0	0.0
520	2467.5	0.0
530	2470.6666666666665	0.0
540	2318.5	0.0
550	2364.1666666666665	0.0
560	2396.3333333333335	0.0
570	2427.5	0.0
580	2401.1666666666665	0.0
590	2243.3333333333335	0.0
600	1738.3333333333333	0.0
