0	251.66666666666666	0.0
10	692.3333333333334	378.0
20	441.3333333333333	640.0
30	1312.3333333333333	0.0
40	1686.0	0.0
50	1768.6666666666667	0.0
60	1896.0	0.0
70	2236.6666666666665	0.0
80	2378.0	0.0
90	2297.3333333333335	0.0
100	2499.5	0.0
110	2181.3333333333335	0.0
120	2428.3333333333335	0.0
130	2222.0	0.0
140	2450.3333333333335	0.0
150	2337.3333333333335	0.0
160	2328.5	0.0
170	2426.0	0.0
180	2573.0	0.0
190	2449.6666666666665	0.0
200	2641.3333333333335	0.0
210	2185.1666666666665	0.0
220	2215.1666666666665	0.0
230	2083.5	0.0
240	2341.0	0.0
250	2272.3333333333335	0.0
260	2216.6666666666665	0.0
270	2651.8333333333335	0.0
280	2216.6666666666665	0.0
290	2695.3333333333335	0.0
300	2845.0	0.0
310	2013.0	0.0
320	1695.3333333333333	0.0
330	1972.3333333333333	0.0
340	2442.5	0.0
350	1540.0	0.0
360	2423.3333333333335	0.0
370	2623.5	0.0
380	1782.6666666666667	0.0
390	2259.6666666666665	0.0
400	2151.3333333333335	0.0
410	2301.3333333333335	0.0
420	1893.8333333333333	0.0
430	2384.6666666666665	0.0
440	1966.3333333333333	0.0
450	2580.3333333333335	0.0
460	2282.8333333333335	0.0
470	2656.6666666666665	0.0
480	2318.1666666666665	0.0
490	2358.0	0.0
500	2411.6666666666665	0.0
510	1969.3333333333333	0.0
520	1593.6666666666667	0.0
530	1884.5	0.0
540	2190.6666666666665	0.0
550	2108.3333333333335	0.0
560	2344.6666666666665	0.0
570	1478.0	0.0
580	1794.0	0.0
590	2325.3333333333335	0.0
600	2288.0	0.0
