0	242.66666666666666	0.0
10	70.0	0.0
20	70.0	0.0
30	70.0	0.0
40	70.0	0.0
50	70.0	0.0
60	70.0	0.0
70	70.0	0.0
80	71.66666666666667	0.0
90	73.0	0.0
100	79.0	0.0
110	133.0	0.0
120	73.33333333333333	0.0
130	242.0	0.0
140	396.3333333333333	0.0
150	210.33333333333334	0.0
160	180.0	0.0
170	342.6666666666667	0.0
180	341.3333333333333	0.0
190	280.6666666666667	0.0
200	362.3333333333333	0.0
210	269.6666666666667	0.0
220	255.66666666666666	0.0
230	347.0	0.0
240	326.6666666666667	0.0
250	374.0	0.0
260	425.3333333333333	0.0
270	360.0	0.0
280	372.0	0.0
290	380.6666666666667	0.0
300	538.0	0.0
310	488.0	0.0
320	393.3333333333333	0.0
330	749.3333333333334	0.0
340	621.0	0.0
350	796.3333333333334	0.0
360	1072.0	0.0
370	857.6666666666666	0.0
380	1645.3333333333333	0.0
390	976.6666666666666	0.0
400	1182.0	0.0
410	1150.0	0.0
420	1066.5	0.0
430	1788.3333333333333	0.0
440	1714.6666666666667	0.0
450	1929.6666666666667	0.0
460	1921.6666666666667	0.0
470	1476.1666666666667	0.0
480	1731.0	0.0
490	1417.5	0.0
500	2135.3333333333335	0.0
510	1522.0	0.0
520	2279.6666666666665	0.0
530	1720.5	0.0
540	2215.0	0.0
550	1675.6666666666667	0.0
560	1774.0	0.0
570	1656.6666666666667	0.0
580	2154.3333333333335	0.0
590	2108.6666666666665	0.0
600	2429.5	0.0
610	1814.3333333333333	0.0
620	2339.3333333333335	0.0
630	2313.6666666666665	0.0
640	1771.3333333333333	0.0
650	2092.0	0.0
660	2562.3333333333335	0.0
670	2198.6666666666665	0.0
680	2476.1666666666665	0.0
690	2431.0	0.0
700	2481.6666666666665	0.0
710	1909.0	0.0
720	2004.8333333333333	0.0
730	2407.0	0.0
740	2344.5	0.0
750	2317.5	0.0
760	2025.6666666666667	0.0
770	2417.3333333333335	0.0
780	2025.8333333333333	0.0
790	2314.6666666666665	0.0
800	2142.1666666666665	0.0
810	2341.6666666666665	0.0
820	2317.3333333333335	0.0
830	2297.6666666666665	0.0
840	2275.1666666666665	0.0
850	2228.0	0.0
860	2059.6666666666665	0.0
870	2046.0	0.0
880	1909.0	0.0
890	2095.0	0.0
900	2470.5	0.0
910	2088.0	0.0
920	2037.3333333333333	0.0
930	1963.6666666666667	0.0
940	2366.1666666666665	0.0
950	2562.6666666666665	0.0
960	2428.3333333333335	0.0
970	2483.0	0.0
980	2652.8333333333335	0.0
990	2257.0	0.0
1000	2443.6666666666665	0.0
