0	278.6666666666667	0.0
10	70.0	0.0
20	70.0	0.0
30	70.0	0.0
40	70.0	0.0
50	70.0	0.0
60	70.0	0.0
70	70.0	0.0
80	70.0	0.0
90	72.0	0.0
100	84.66666666666667	0.0
110	399.3333333333333	0.0
120	229.66666666666666	0.0
130	169.0	0.0
140	195.66666666666666	0.0
150	149.0	0.0
160	244.33333333333334	0.0
170	159.0	0.0
180	154.0	0.0
190	488.0	0.0
200	379.0	0.0
210	283.0	0.0
220	335.0	0.0
230	262.0	0.0
240	415.0	0.0
250	600.6666666666666	0.0
260	515.6666666666666	0.0
270	445.0	0.0
280	866.8333333333334	0.0
290	814.0	0.0
300	821.6666666666666	0.0
310	480.3333333333333	0.0
320	1091.1666666666667	0.0
330	871.6666666666666	0.0
340	1033.0	0.0
350	1419.6666666666667	0.0
360	1882.3333333333333	0.0
370	2283.6666666666665	0.0
380	1728.3333333333333	0.0
390	2646.1666666666665	0.0
400	2288.0	0.0
410	2304.3333333333335	0.0
420	2501.1666666666665	0.0
430	2741.8333333333335	0.0
440	2600.5	0.0
450	2642.0	0.0
460	2558.8333333333335	0.0
470	2352.0	0.0
480	2315.5	0.0
490	2429.8333333333335	0.0
500	2492.8333333333335	0.0
510	2337.0	0.0
520	2599.8333333333335	0.0
530	2405.6666666666665	0.0
540	2542.6666666666665	0.0
550	2375.0	0.0
560	2328.6666666666665	0.0
570	1810.5	0.0
580	2100.6666666666665	0.0
590	2334.6666666666665	0.0
600	1677.6666666666667	0.0
610	1846.5	0.0
620	2489.8333333333335	0.0
630	2127.8333333333335	0.0
640	1845.8333333333333	0.0
650	1919.6666666666667	0.0
660	2121.3333333333335	0.0
670	1776.6666666666667	0.0
680	1975.6666666666667	0.0
690	2066.0	0.0
700	1756.0	0.0
710	2279.8333333333335	0.0
720	2167.5	0.0
730	2166.3333333333335	0.0
740	1829.3333333333333	0.0
750	2303.6666666666665	0.0
760	2254.0	0.0
770	2702.3333333333335	0.0
780	2272.0	0.0
790	2497.0	0.0
800	2339.0	0.0
810	2233.3333333333335	0.0
820	2521.0	0.0
830	2417.0	0.0
840	2137.6666666666665	0.0
850	2246.0	0.0
860	2043.3333333333333	0.0
870	1818.1666666666667	0.0
880	1756.3333333333333	0.0
890	2118.6666666666665	0.0
900	2362.3333333333335	0.0
910	2031.0	0.0
920	2263.0	0.0
930	2567.5	0.0
940	1993.5	0.0
950	2502.0	0.0
960	2577.6666666666665	0.0
970	2530.0	0.0
980	2098.8333333333335	0.0
990	1797.0	0.0
1000	2516.5	0.0
