0	255.33333333333334	0.0
10	70.0	0.0
20	70.0	0.0
30	70.0	0.0
40	70.0	0.0
50	70.0	0.0
60	70.0	0.0
70	70.0	0.0
80	71.0	0.0
90	76.33333333333333	0.0
100	71.33333333333333	0.0
110	193.33333333333334	0.0
120	81.66666666666667	0.0
130	323.0	0.0
140	567.6666666666666	0.0
150	309.0	0.0
160	202.66666666666666	0.0
170	251.0	0.0
180	307.6666666666667	0.0
190	215.66666666666666	0.0
200	336.0	0.0
210	322.6666666666667	0.0
220	126.66666666666667	0.0
230	278.0	0.0
240	485.0	0.0
250	488.3333333333333	0.0
260	322.3333333333333	0.0
270	422.0	0.0
280	338.3333333333333	0.0
290	495.6666666666667	0.0
300	379.3333333333333	0.0
310	628.0	0.0
320	589.3333333333334	0.0
330	531.3333333333334	0.0
340	772.3333333333334	0.0
350	913.6666666666666	0.0
360	1392.6666666666667	0.0
370	1843.3333333333333	0.0
380	906.3333333333334	0.0
390	1532.0	0.0
400	1503.3333333333333	0.0
410	2745.0	0.0
420	2454.3333333333335	0.0
430	1849.0	0.0
440	2061.8333333333335	0.0
450	2398.8333333333335	0.0
460	2511.3333333333335	0.0
470	2439.0	0.0
480	2499.0	0.0
490	2433.0	0.0
500	1700.5	0.0
510	2504.5	0.0
520	2460.8333333333335	0.0
530	1801.3333333333333	0.0
540	2561.0	0.0
550	2232.0	0.0
560	2113.1666666666665	0.0
570	2614.1666666666665	0.0
580	1916.5	0.0
590	1546.0	0.0
600	2140.1666666666665	0.0
610	1890.0	0.0
620	2560.3333333333335	0.0
630	2302.0	0.0
640	1521.3333333333333	0.0
650	2468.0	0.0
660	2208.6666666666665	0.0
670	2546.6666666666665	0.0
680	2318.3333333333335	0.0
690	1668.0	0.0
700	1864.6666666666667	0.0
710	2180.6666666666665	0.0
720	1995.8333333333333	0.0
730	2211.3333333333335	0.0
740	2234.3333333333335	0.0
750	2504.3333333333335	0.0
760	2462.8333333333335	0.0
770	2429.6666666666665	0.0
780	2316.6666666666665	0.0
790	2467.0	0.0
800	2558.6666666666665	0.0
810	2510.3333333333335	0.0
820	2427.1666666666665	0.0
830	2078.5	0.0
840	2341.5	0.0
850	1907.3333333333333	0.0
860	2273.6666666666665	0.0
870	2601.6666666666665	0.0
880	2382.6666666666665	0.0
890	2646.0	0.0
900	1664.0	0.0
910	1997.3333333333333	0.0
920	2176.6666666666665	0.0
930	2405.3333333333335	0.0
940	2259.8333333333335	0.0
950	2036.3333333333333	0.0
960	1965.0	0.0
970	2000.5	0.0
980	1989.6666666666667	0.0
990	2372.6666666666665	0.0
1000	2209.3333333333335	0.0
