0	274.6666666666667	0.0
10	70.0	0.0
20	70.0	0.0
30	70.0	0.0
40	70.0	0.0
50	70.0	0.0
60	70.0	0.0
70	70.0	0.0
80	70.33333333333333	0.0
90	72.33333333333333	0.0
100	77.33333333333333	0.0
110	72.66666666666667	0.0
120	140.0	0.0
130	115.33333333333333	0.0
140	176.66666666666666	0.0
150	135.66666666666666	0.0
160	203.66666666666666	0.0
170	166.33333333333334	0.0
180	289.0	0.0
190	322.6666666666667	0.0
200	442.3333333333333	0.0
210	282.6666666666667	0.0
220	324.6666666666667	0.0
230	266.6666666666667	0.0
240	468.0	0.0
250	579.3333333333334	0.0
260	692.3333333333334	0.0
270	671.6666666666666	0.0
280	641.0	0.0
290	1148.0	0.0
300	2114.6666666666665	0.0
310	1963.0	0.0
320	2198.1666666666665	0.0
330	2229.3333333333335	0.0
340	2277.0	0.0
350	2461.5	0.0
360	1996.5	0.0
370	2368.5	0.0
380	2315.6666666666665	0.0
390	2384.0	0.0
400	2544.6666666666665	0.0
410	2220.6666666666665	0.0
420	2406.1666666666665	0.0
430	2423.0	0.0
440	2296.3333333333335	0.0
450	2364.6666666666665	0.0
460	2401.5	0.0
470	2494.3333333333335	0.0
480	1851.5	0.0
490	1839.6666666666667	0.0
500	1880.0	0.0
510	1692.6666666666667	0.0
520	2022.1666666666667	0.0
530	2160.1666666666665	0.0
540	1867.8333333333333	0.0
550	2049.5	0.0
560	1981.1666666666667	0.0
570	2045.3333333333333	0.0
580	2064.8333333333335	0.0
590	2208.6666666666665	0.0
600	2150.1666666666665	0.0
