0	242.0	0.0
10	70.0	0.0
20	70.0	0.0
30	70.0	0.0
40	70.0	0.0
50	70.0	0.0
60	70.0	0.0
70	70.0	0.0
80	71.33333333333333	0.0
90	73.33333333333333	0.0
100	118.33333333333333	0.0
110	149.66666666666666	0.0
120	78.0	0.0
130	83.0	0.0
140	207.33333333333334	0.0
150	97.0	0.0
160	74.66666666666667	0.0
170	118.0	0.0
180	287.6666666666667	0.0
190	662.3333333333334	0.0
200	377.0	0.0
210	280.3333333333333	0.0
220	329.3333333333333	0.0
230	441.0	0.0
240	247.0	0.0
250	687.0	0.0
260	541.3333333333334	0.0
270	1005.3333333333334	0.0
280	1171.0	0.0
290	1072.8333333333333	0.0
300	2012.0	0.0
310	1826.5	0.0
320	2632.3333333333335	0.0
330	2498.3333333333335	0.0
340	2475.5	0.0
350	2309.0	0.0
360	1652.1666666666667	0.0
370	2302.6666666666665	0.0
380	1876.6666666666667	0.0
390	2219.3333333333335	0.0
400	2366.0	0.0
410	2472.0	0.0
420	2581.1666666666665	0.0
430	2521.6666666666665	0.0
440	2691.0	0.0
450	2604.0	0.0
460	2574.1666666666665	0.0
470	2567.8333333333335	0.0
480	2478.3333333333335	0.0
490	1992.5	0.0
500	1619.3333333333333	0.0
510	1258.5	0.0
520	1643.3333333333333	0.0
530	1894.0	0.0
540	1759.6666666666667	0.0
550	1930.8333333333333	0.0
560	1850.0	0.0
570	2051.6666666666665	0.0
580	2224.6666666666665	0.0
590	1910.6666666666667	0.0
600	1995.0	0.0
