0	233.0	0.0
10	91.66666666666667	1000.0
20	70.0	0.0
30	70.0	0.0
40	149.66666666666666	0.0
50	1328.0	0.0
60	1382.6666666666667	0.0
70	1477.6666666666667	0.0
80	1529.6666666666667	0.0
90	1769.0	0.0
100	2256.3333333333335	0.0
110	2139.8333333333335	0.0
120	2145.6666666666665	0.0
130	2365.3333333333335	0.0
140	2394.6666666666665	0.0
150	2388.3333333333335	0.0
160	2362.3333333333335	0.0
170	2440.6666666666665	0.0
180	2341.6666666666665	0.0
190	2235.6666666666665	0.0
200	2365.6666666666665	0.0
210	2184.0	0.0
220	2385.0	0.0
230	2608.3333333333335	0.0
240	2032.6666666666667	0.0
250	2419.3333333333335	0.0
260	2246.3333333333335	0.0
270	2336.5	0.0
280	1680.5	0.0
290	1753.3333333333333	0.0
300	1951.3333333333333	0.0
310	1656.5	0.0
320	1983.5	0.0
330	1924.6666666666667	0.0
340	1849.3333333333333	0.0
350	2064.6666666666665	0.0
360	1919.5	0.0
370	1830.3333333333333	0.0
380	1665.3333333333333	0.0
390	1437.0	0.0
400	1278.3333333333333	0.0
410	1549.0	0.0
420	2379.5	0.0
430	2347.0	0.0
440	2072.1666666666665	0.0
450	1808.3333333333333	0.0
460	1117.5	0.0
470	2290.0	0.0
480	1907.6666666666667	0.0
490	1833.0	0.0
500	1905.8333333333333	0.0
510	2169.3333333333335	0.0
520	2277.1666666666665	0.0
530	2346.0	0.0
540	2233.1666666666665	0.0
550	2662.6666666666665	0.0
560	2714.0	0.0
570	2252.0	0.0
580	2309.6666666666665	0.0
590	2375.3333333333335	0.0
600	2131.6666666666665	0.0
610	2436.6666666666665	0.0
620	2515.1666666666665	0.0
630	2509.8333333333335	0.0
640	2403.3333333333335	0.0
650	2466.1666666666665	0.0
660	2594.3333333333335	0.0
670	2390.0	0.0
680	2612.0	0.0
690	2489.0	0.0
700	1786.3333333333333	0.0
710	1682.0	0.0
720	2294.0	0.0
730	2465.6666666666665	0.0
740	2338.3333333333335	0.0
750	2232.8333333333335	0.0
760	2337.6666666666665	0.0
770	2440.0	0.0
780	1867.1666666666667	0.0
790	2254.8333333333335	0.0
800	2109.6666666666665	0.0
810	2193.0	0.0
820	2036.6666666666667	0.0
830	1762.8333333333333	0.0
840	2286.1666666666665	0.0
850	1956.3333333333333	0.0
860	1595.8333333333333	0.0
870	2501.5	0.0
880	2576.3333333333335	0.0
890	2324.0	0.0
900	2448.6666666666665	0.0
910	2453.0	0.0
920	2585.6666666666665	0.0
930	2596.0	0.0
940	2224.6666666666665	0.0
950	2311.8333333333335	0.0
960	2667.8333333333335	0.0
970	2427.6666666666665	0.0
980	2340.6666666666665	0.0
990	2400.3333333333335	0.0
1000	2198.6666666666665	0.0
