0	293.3333333333333	0.0
10	379.6666666666667	1000.0
20	130.0	0.0
30	688.6666666666666	0.0
40	803.6666666666666	0.0
50	799.6666666666666	0.0
60	391.3333333333333	0.0
70	1702.5	0.0
80	1292.3333333333333	0.0
90	2061.0	0.0
100	2250.0	0.0
110	2097.3333333333335	0.0
120	1661.6666666666667	0.0
130	2154.0	0.0
140	2158.3333333333335	0.0
150	1659.0	0.0
160	2475.0	0.0
170	2341.0	0.0
180	2304.6666666666665	0.0
190	2454.6666666666665	0.0
200	2359.6666666666665	0.0
210	2301.0	0.0
220	2633.6666666666665	0.0
230	2145.6666666666665	0.0
240	2669.0	0.0
250	2644.3333333333335	0.0
260	2075.8333333333335	0.0
270	2128.6666666666665	0.0
280	2349.1666666666665	0.0
290	2367.6666666666665	0.0
300	2489.1666666666665	0.0
310	2259.0	0.0
320	2468.3333333333335	0.0
330	2281.6666666666665	0.0
340	2212.0	0.0
350	2423.3333333333335	0.0
360	1795.1666666666667	0.0
370	2424.5	0.0
380	2311.5	0.0
390	2348.3333333333335	0.0
400	1766.5	0.0
410	2141.6666666666665	0.0
420	2031.8333333333333	0.0
430	1767.3333333333333	0.0
440	2244.1666666666665	0.0
450	2192.6666666666665	0.0
460	1998.0	0.0
470	2099.1666666666665	0.0
480	2029.3333333333333	0.0
490	2024.8333333333333	0.0
500	2175.0	0.0
510	2054.5	0.0
520	1875.3333333333333	0.0
530	2303.6666666666665	0.0
540	1556.0	0.0
550	2472.8333333333335	0.0
560	1874.5	0.0
570	2179.6666666666665	0.0
580	2110.6666666666665	0.0
590	2207.3333333333335	0.0
600	1818.0	0.0
610	2356.6666666666665	0.0
620	2393.6666666666665	0.0
630	2426.3333333333335	0.0
640	2240.3333333333335	0.0
650	2254.5	0.0
660	2327.0	0.0
670	2485.3333333333335	0.0
680	2236.0	0.0
690	2319.6666666666665	0.0
700	2292.3333333333335	0.0
710	2255.8333333333335	0.0
720	2443.1666666666665	0.0
730	2480.6666666666665	0.0
740	2456.6666666666665	0.0
750	2464.0	0.0
760	2485.6666666666665	0.0
770	2339.0	0.0
780	2421.8333333333335	0.0
790	2298.0	0.0
800	2252.6666666666665	0.0
810	2441.5	0.0
820	2424.6666666666665	0.0
830	2567.8333333333335	0.0
840	2533.5	0.0
850	2350.0	0.0
860	2256.5	0.0
870	2297.6666666666665	0.0
880	2486.3333333333335	0.0
890	2535.6666666666665	0.0
900	2339.3333333333335	0.0
910	2464.5	0.0
920	2388.0	0.0
930	2580.3333333333335	0.0
940	2467.5	0.0
950	2057.0	0.0
960	1814.3333333333333	0.0
970	1720.8333333333333	0.0
980	2502.6666666666665	0.0
990	2512.3333333333335	0.0
1000	1964.3333333333333	0.0
