0	260.94444444444446	0.0
10	70.0	0.0
20	70.0	0.0
30	70.0	0.0
40	70.0	0.0
50	70.0	0.0
60	70.0	0.0
70	70.0	0.0
80	70.0	0.0
90	70.0	0.0
100	70.0	0.0
110	70.0	0.0
120	70.0	0.0
130	70.0	0.0
140	70.0	0.0
150	70.0	0.0
160	70.01111111111112	0.0
170	70.0111111111111	0.0
180	70.27777777777779	0.0
190	70.61111111111111	0.0
200	71.24444444444444	0.0
210	73.29999999999998	0.0
220	74.97777777777779	0.0
230	81.87777777777777	0.0
240	119.52222222222223	0.0
250	164.45555555555563	0.0
260	178.3777777777778	0.0
270	188.31111111111113	0.0
280	181.1777777777778	0.0
290	189.68888888888887	0.0
300	185.9333333333333	0.0
310	177.9666666666667	0.0
320	155.0666666666667	0.0
330	158.27777777777774	0.0
340	153.44444444444443	0.0
350	153.92222222222225	0.0
360	169.24444444444444	0.0
370	195.44444444444446	0.0
380	248.3111111111111	0.0
390	253.35555555555555	0.0
400	276.6555555555556	0.0
410	361.0777777777777	0.0
420	425.09999999999997	0.0
430	479.0111111111112	0.0
440	523.0999999999999	0.0
450	657.627777777778	0.0
460	689.4333333333333	0.0
470	879.55	0.0
480	943.3500000000001	0.0
490	1049.1555555555558	0.0
500	1155.072222222222	0.0
510	1221.0833333333333	0.0
520	1255.7	0.0
530	1315.6444444444446	0.0
540	1363.3444444444444	0.0
550	1475.955555555556	0.0
560	1502.0666666666662	0.0
570	1558.1944444444446	0.0
580	1617.6111111111109	0.0
590	1694.5499999999997	0.0
600	1723.9777777777783	0.0
610	1751.661111111111	0.0
620	1882.0	0.0
630	1837.2722222222221	0.0
640	1928.9277777777777	0.0
650	1972.5055555555557	0.0
660	2028.0166666666669	0.0
670	2014.0833333333328	0.0
680	2071.0833333333335	0.0
690	2101.5	0.0
700	2236.122222222222	0.0
710	2246.194444444445	0.0
720	2255.2000000000003	0.0
730	2247.822222222222	0.0
740	2340.7222222222217	0.0
750	2340.777777777778	0.0
760	2374.238888888889	0.0
770	2369.35	0.0
780	2314.094444444445	0.0
790	2357.944444444444	0.0
800	2381.4000000000005	0.0
810	2395.0555555555557	0.0
820	2425.3500000000004	0.0
830	2421.127777777778	0.0
840	2454.466666666666	0.0
850	2441.311111111111	0.0
860	2400.7277777777776	0.13333333333333333
870	2589.355555555556	0.0
880	2443.4888888888886	0.0
890	2490.0833333333335	0.0
900	2440.25	0.0
910	2439.588888888889	0.0
920	2448.783333333333	0.0
930	2453.644444444444	0.0
940	2538.7888888888892	0.0
950	2442.5666666666666	0.0
960	2416.9555555555557	0.0
970	2387.5944444444444	0.0
980	2397.1888888888893	0.0
990	2499.327777777777	0.0
1000	2419.9666666666667	0.0
