0	245.0	0.0
10	70.0	0.0
20	70.0	0.0
30	70.0	0.0
40	70.0	0.0
50	70.0	0.0
60	70.0	0.0
70	70.0	0.0
80	70.0	0.0
90	70.0	0.0
100	70.0	0.0
110	70.0	0.0
120	70.0	0.0
130	70.0	0.0
140	70.0	0.0
150	70.0	0.0
160	70.0	0.0
170	70.0	0.0
180	70.0	0.0
190	70.66666666666667	0.0
200	70.0	0.0
210	76.0	0.0
220	70.0	0.0
230	72.66666666666667	0.0
240	70.0	0.0
250	77.66666666666667	0.0
260	108.66666666666667	0.0
270	236.33333333333334	0.0
280	309.6666666666667	0.0
290	159.66666666666666	0.0
300	323.0	0.0
310	213.0	0.0
320	169.33333333333334	0.0
330	147.66666666666666	0.0
340	130.66666666666666	0.0
350	130.0	0.0
360	148.66666666666666	0.0
370	209.66666666666666	0.0
380	260.6666666666667	0.0
390	146.0	0.0
400	178.33333333333334	0.0
410	244.0	0.0
420	248.66666666666666	0.0
430	293.3333333333333	0.0
440	349.3333333333333	0.0
450	269.3333333333333	0.0
460	300.0	0.0
470	295.3333333333333	0.0
480	287.6666666666667	0.0
490	251.0	0.0
500	425.0	0.0
510	257.0	0.0
520	391.6666666666667	0.0
530	640.3333333333334	0.0
540	1049.0	0.0
550	734.3333333333334	0.0
560	957.1666666666666	0.0
570	1345.0	0.0
580	2100.6666666666665	0.0
590	1724.0	0.0
600	1874.0	0.0
610	1924.0	0.0
620	1637.3333333333333	0.0
630	1837.3333333333333	0.0
640	2356.5	0.0
650	2276.5	0.0
660	1702.6666666666667	0.0
670	2231.0	0.0
680	1999.3333333333333	0.0
690	2236.3333333333335	0.0
700	2482.0	0.0
710	2518.0	0.0
720	2378.3333333333335	0.0
730	1741.6666666666667	0.0
740	2526.3333333333335	0.0
750	2462.3333333333335	0.0
760	2632.0	0.0
770	2472.5	0.0
780	2624.0	0.0
790	2242.6666666666665	0.0
800	2447.3333333333335	0.0
810	2355.3333333333335	0.0
820	2446.0	0.0
830	2535.0	0.0
840	2625.6666666666665	0.0
850	2556.1666666666665	0.0
860	2488.1666666666665	0.0
870	2630.6666666666665	0.0
880	2421.6666666666665	0.0
890	2673.0	0.0
900	2542.6666666666665	0.0
910	2353.6666666666665	0.0
920	2680.5	0.0
930	2715.5	0.0
940	2724.5	0.0
950	2509.6666666666665	0.0
960	2417.0	0.0
970	2661.6666666666665	0.0
980	1996.6666666666667	0.0
990	2702.3333333333335	0.0
1000	2561.6666666666665	0.0
