0	248.66666666666666	0.0
10	70.0	0.0
20	70.0	0.0
30	70.0	0.0
40	70.0	0.0
50	70.0	0.0
60	70.0	0.0
70	70.0	0.0
80	70.0	0.0
90	70.0	0.0
100	70.0	0.0
110	70.0	0.0
120	70.0	0.0
130	70.0	0.0
140	70.0	0.0
150	70.0	0.0
160	70.0	0.0
170	70.0	0.0
180	70.0	0.0
190	70.33333333333333	0.0
200	71.66666666666667	0.0
210	75.0	0.0
220	73.0	0.0
230	72.0	0.0
240	76.33333333333333	0.0
250	72.0	0.0
260	126.33333333333333	0.0
270	101.33333333333333	0.0
280	379.0	0.0
290	263.6666666666667	0.0
300	172.33333333333334	0.0
310	229.66666666666666	0.0
320	186.33333333333334	0.0
330	138.33333333333334	0.0
340	138.66666666666666	0.0
350	138.0	0.0
360	263.3333333333333	0.0
370	212.0	0.0
380	270.0	0.0
390	197.66666666666666	0.0
400	273.0	0.0
410	185.66666666666666	0.0
420	139.66666666666666	0.0
430	431.6666666666667	0.0
440	720.6666666666666	0.0
450	985.6666666666666	0.0
460	1081.6666666666667	0.0
470	1120.0	0.0
480	1160.0	0.0
490	1713.8333333333333	0.0
500	1878.0	0.0
510	2381.3333333333335	0.0
520	1716.5	0.0
530	1915.1666666666667	0.0
540	1984.3333333333333	0.0
550	2072.0	0.0
560	2052.3333333333335	0.0
570	1917.1666666666667	0.0
580	2201.3333333333335	0.0
590	1976.0	0.0
600	2237.3333333333335	0.0
610	2026.0	0.0
620	2135.8333333333335	0.0
630	2114.5	0.0
640	2158.3333333333335	0.0
650	2000.0	0.0
660	2353.3333333333335	0.0
670	2332.1666666666665	0.0
680	2382.0	0.0
690	2235.3333333333335	0.0
700	2511.5	0.0
710	2708.8333333333335	0.0
720	2389.6666666666665	0.0
730	2625.6666666666665	0.0
740	2756.5	0.0
750	2631.3333333333335	0.0
760	2489.0	0.0
770	2535.6666666666665	0.0
780	2613.0	0.0
790	2406.6666666666665	0.0
800	2213.0	0.0
810	2835.0	0.0
820	2637.8333333333335	0.0
830	2666.6666666666665	0.0
840	2784.5	0.0
850	2458.8333333333335	0.0
860	2400.6666666666665	0.0
870	2501.6666666666665	0.0
880	2722.5	0.0
890	2498.5	0.0
900	2684.3333333333335	0.0
910	2933.5	0.0
920	2689.0	0.0
930	2585.1666666666665	0.0
940	2732.8333333333335	0.0
950	2647.6666666666665	0.0
960	2550.5	0.0
970	2528.8333333333335	0.0
980	2531.5	0.0
990	2924.5	0.0
1000	2407.1666666666665	0.0
