0	280.0	0.0
10	101.0	314.0
20	105.0	0.0
30	134.66666666666666	0.0
40	104.66666666666667	0.0
50	124.0	0.0
60	266.6666666666667	0.0
70	1016.6666666666666	0.0
80	1256.0	0.0
90	1740.6666666666667	0.0
100	1867.0	0.0
110	2161.5	0.0
120	2278.5	0.0
130	2197.3333333333335	0.0
140	2353.0	0.0
150	2417.6666666666665	0.0
160	2243.6666666666665	0.0
170	2391.8333333333335	0.0
180	2341.5	0.0
190	2165.3333333333335	0.0
200	2711.0	0.0
210	2285.5	0.0
220	2371.0	0.0
230	2256.6666666666665	0.0
240	2489.1666666666665	0.0
250	2476.3333333333335	0.0
260	2587.3333333333335	0.0
270	2588.1666666666665	0.0
280	2364.1666666666665	0.0
290	1634.3333333333333	0.0
300	2521.0	0.0
310	1680.8333333333333	0.0
320	2538.5	0.0
330	2517.3333333333335	0.0
340	2718.8333333333335	0.0
350	2654.1666666666665	0.0
360	2631.8333333333335	0.0
370	2553.3333333333335	0.0
380	2554.6666666666665	0.0
390	1672.3333333333333	0.0
400	1816.6666666666667	0.0
410	1931.0	0.0
420	2054.0	0.0
430	1951.6666666666667	0.0
440	2129.0	0.0
450	1852.3333333333333	0.0
460	1533.3333333333333	0.0
470	2435.6666666666665	0.0
480	1644.6666666666667	0.0
490	2060.1666666666665	0.0
500	2579.8333333333335	0.0
510	2051.8333333333335	0.0
520	1941.6666666666667	0.0
530	1803.3333333333333	0.0
540	2321.0	0.0
550	2389.0	0.0
560	2548.1666666666665	0.0
570	2126.0	0.0
580	2386.6666666666665	0.0
590	2558.3333333333335	0.0
600	2425.0	0.0
610	2232.8333333333335	0.0
620	1938.6666666666667	0.0
630	1757.6666666666667	0.0
640	1667.3333333333333	0.0
650	1747.0	0.0
660	2325.1666666666665	0.0
670	2314.8333333333335	0.0
680	2168.5	0.0
690	1954.3333333333333	0.0
700	1872.0	0.0
710	2145.3333333333335	0.0
720	2052.8333333333335	0.0
730	2116.0	0.0
740	1800.6666666666667	0.0
750	2218.3333333333335	0.0
760	2499.0	0.0
770	2575.3333333333335	0.0
780	1942.0	0.0
790	2076.0	0.0
800	1921.3333333333333	0.0
810	2139.5	0.0
820	2015.6666666666667	0.0
830	1858.5	0.0
840	2224.5	0.0
850	1793.3333333333333	0.0
860	2746.5	0.0
870	2414.3333333333335	0.0
880	2439.3333333333335	0.0
890	2391.6666666666665	0.0
900	2590.6666666666665	0.0
910	2390.3333333333335	0.0
920	2412.6666666666665	0.0
930	2483.0	0.0
940	2557.6666666666665	0.0
950	2165.3333333333335	0.0
960	1767.5	0.0
970	2048.8333333333335	0.0
980	1977.0	0.0
990	2018.6666666666667	0.0
1000	2091.8333333333335	0.0
