0	243.66666666666666	0.0
10	85.33333333333333	869.0
20	71.33333333333333	131.0
30	70.66666666666667	0.0
40	70.0	0.0
50	70.0	0.0
60	70.0	0.0
70	70.0	0.0
80	70.0	0.0
90	70.0	0.0
100	70.0	0.0
110	70.0	0.0
120	70.0	0.0
130	70.0	0.0
140	70.0	0.0
150	71.0	0.0
160	73.0	0.0
170	71.0	0.0
180	72.66666666666667	0.0
190	79.0	0.0
200	127.0	0.0
210	451.6666666666667	0.0
220	697.3333333333334	0.0
230	161.33333333333334	0.0
240	153.33333333333334	0.0
250	145.0	0.0
260	146.0	0.0
270	640.6666666666666	0.0
280	462.0	0.0
290	780.0	0.0
300	858.3333333333334	0.0
310	890.3333333333334	0.0
320	843.0	0.0
330	932.0	0.0
340	1429.0	0.0
350	1892.6666666666667	0.0
360	1883.6666666666667	0.0
370	2114.3333333333335	0.0
380	1335.3333333333333	0.0
390	2329.3333333333335	0.0
400	2040.3333333333333	0.0
410	2399.8333333333335	0.0
420	2233.8333333333335	0.0
430	2343.8333333333335	0.0
440	2527.0	0.0
450	2184.0	0.0
460	2323.0	0.0
470	2401.6666666666665	0.0
480	2333.5	0.0
490	2233.1666666666665	0.0
500	1991.3333333333333	0.0
510	2256.8333333333335	0.0
520	2315.6666666666665	0.0
530	2320.0	0.0
540	2670.0	0.0
550	2566.1666666666665	0.0
560	2416.6666666666665	0.0
570	2612.1666666666665	0.0
580	2467.5	0.0
590	2507.8333333333335	0.0
600	2566.0	0.0
610	2607.8333333333335	0.0
620	2701.6666666666665	0.0
630	2687.8333333333335	0.0
640	2483.1666666666665	0.0
650	2667.1666666666665	0.0
660	2344.6666666666665	0.0
670	2455.1666666666665	0.0
680	2573.3333333333335	0.0
690	2498.3333333333335	0.0
700	2597.0	0.0
710	2470.0	0.0
720	2420.6666666666665	0.0
730	2557.6666666666665	0.0
740	2807.6666666666665	0.0
750	2453.1666666666665	0.0
760	2565.1666666666665	0.0
770	2799.5	0.0
780	2614.1666666666665	0.0
790	2651.6666666666665	0.0
800	2625.1666666666665	0.0
810	2597.1666666666665	0.0
820	2558.0	0.0
830	2500.3333333333335	0.0
840	2698.0	0.0
850	2613.0	0.0
860	2626.8333333333335	0.0
870	2297.3333333333335	0.0
880	2748.0	0.0
890	2651.0	0.0
900	2445.3333333333335	0.0
910	2135.3333333333335	0.0
920	2304.8333333333335	0.0
930	1926.1666666666667	0.0
940	1914.8333333333333	0.0
950	2317.8333333333335	0.0
960	2018.8333333333333	0.0
970	1624.0	0.0
980	1977.1666666666667	0.0
990	1708.8333333333333	0.0
1000	2252.6666666666665	0.0
