0	249.33333333333334	0.0
10	70.66666666666667	1000.0
20	70.0	0.0
30	70.0	0.0
40	70.0	0.0
50	70.0	0.0
60	70.0	0.0
70	70.0	0.0
80	70.0	0.0
90	70.0	0.0
100	70.0	0.0
110	70.0	0.0
120	70.0	0.0
130	70.0	0.0
140	71.0	0.0
150	70.66666666666667	0.0
160	70.0	0.0
170	72.0	0.0
180	145.66666666666666	0.0
190	292.6666666666667	0.0
200	322.3333333333333	0.0
210	589.0	0.0
220	575.6666666666666	0.0
230	815.0	0.0
240	947.6666666666666	0.0
250	718.3333333333334	0.0
260	1145.0	0.0
270	1231.3333333333333	0.0
280	1392.3333333333333	0.0
290	1285.6666666666667	0.0
300	1992.0	0.0
310	1485.3333333333333	0.0
320	1754.3333333333333	0.0
330	2082.6666666666665	0.0
340	2058.3333333333335	0.0
350	1951.3333333333333	0.0
360	2205.1666666666665	0.0
370	2232.3333333333335	0.0
380	1987.3333333333333	0.0
390	2113.5	0.0
400	2278.0	0.0
410	2275.3333333333335	0.0
420	2271.0	0.0
430	2149.0	0.0
440	2093.0	0.0
450	2279.0	0.0
460	2182.6666666666665	0.0
470	2342.6666666666665	0.0
480	2256.5	0.0
490	2299.0	0.0
500	2375.5	0.0
510	2365.6666666666665	0.0
520	2165.3333333333335	0.0
530	2208.5	0.0
540	2550.5	0.0
550	2459.1666666666665	0.0
560	2414.0	0.0
570	2524.1666666666665	0.0
580	2471.1666666666665	0.0
590	2519.3333333333335	0.0
600	2494.0	0.0
610	2604.0	0.0
620	2522.0	0.0
630	2467.0	0.0
640	2453.6666666666665	0.0
650	2870.3333333333335	0.0
660	2540.8333333333335	0.0
670	2518.5	0.0
680	2447.3333333333335	0.0
690	2506.1666666666665	0.0
700	2419.6666666666665	0.0
710	2406.5	0.0
720	2631.0	0.0
730	2982.0	0.0
740	2019.3333333333333	0.0
750	2572.8333333333335	0.0
760	2397.6666666666665	0.0
770	2805.8333333333335	0.0
780	2557.3333333333335	0.0
790	2809.8333333333335	0.0
800	2773.6666666666665	0.0
810	2753.0	0.0
820	2491.0	0.0
830	2894.8333333333335	0.0
840	2765.1666666666665	0.0
850	2384.3333333333335	0.0
860	2715.0	0.0
870	2945.5	0.0
880	2594.6666666666665	0.0
890	2556.0	0.0
900	2992.3333333333335	0.0
910	2458.3333333333335	0.0
920	2465.8333333333335	0.0
930	2882.5	0.0
940	2730.0	0.0
950	2806.1666666666665	0.0
960	2796.0	0.0
970	2858.8333333333335	0.0
980	2261.8333333333335	0.0
990	2440.3333333333335	0.0
1000	2149.8333333333335	0.0
