0	264.38888888888886	0.0
10	70.0	0.0
20	70.0	0.0
30	70.0	0.0
40	70.0	0.0
50	70.0	0.0
60	70.0	0.0
70	70.0	0.0
80	70.0	0.0
90	70.0	0.0
100	70.0	0.0
110	70.0	0.0
120	70.0	0.0
130	70.0	0.0
140	70.0	0.0
150	70.0	0.0
160	70.0	0.0
170	70.06666666666666	0.0
180	70.35555555555557	0.0
190	71.09999999999998	0.0
200	71.41111111111111	0.0
210	73.56666666666666	0.0
220	73.31111111111113	0.0
230	75.78888888888888	0.0
240	94.7666666666667	0.0
250	135.87777777777777	0.2
260	185.9	0.13333333333333333
270	195.98888888888885	0.0
280	217.5777777777778	0.0
290	200.00000000000003	0.6333333333333333
300	181.74444444444444	0.4666666666666667
310	166.54444444444445	0.9666666666666667
320	159.38888888888889	0.6333333333333333
330	161.0222222222222	0.0
340	170.97777777777776	0.9
350	160.27777777777783	1.4666666666666666
360	180.63333333333333	2.6666666666666665
370	197.3333333333333	0.6
380	223.69999999999996	0.8666666666666667
390	237.56666666666663	0.5333333333333333
400	266.57777777777784	1.3333333333333333
410	324.911111111111	0.5666666666666667
420	438.8944444444444	0.16666666666666666
430	438.8055555555556	2.1
440	544.4499999999999	1.8333333333333333
450	617.7111111111112	3.033333333333333
460	717.8999999999997	2.533333333333333
470	833.1111111111111	0.7
480	924.9166666666667	5.966666666666667
490	1084.0777777777776	2.3666666666666667
500	1142.488888888889	0.8666666666666667
510	1264.7833333333333	2.7
520	1385.583333333333	2.6333333333333333
530	1429.6333333333334	2.066666666666667
540	1528.972222222222	3.7
550	1553.022222222222	2.3
560	1559.6111111111115	4.4
570	1731.8611111111109	4.333333333333333
580	1673.2222222222222	5.466666666666667
590	1746.1499999999994	3.7
600	1848.972222222222	4.6
610	1896.4499999999998	9.2
620	2018.1333333333337	3.566666666666667
630	2026.5166666666667	6.0
640	2071.5555555555557	4.166666666666667
650	2066.483333333333	5.733333333333333
660	2104.2555555555555	2.7
670	2216.111111111111	6.166666666666667
680	2162.2611111111105	2.433333333333333
690	2255.9166666666665	6.766666666666667
700	2289.805555555556	5.4
710	2304.111111111111	5.6
720	2375.0444444444443	5.833333333333333
730	2379.244444444445	4.866666666666666
740	2394.3222222222225	5.933333333333334
750	2427.2611111111114	4.8
760	2439.8388888888885	5.266666666666667
770	2429.9	3.433333333333333
780	2473.6888888888884	4.166666666666667
790	2544.933333333334	2.433333333333333
800	2410.5222222222224	2.9
810	2569.1000000000004	2.6
820	2537.7	6.133333333333334
830	2529.8722222222223	3.533333333333333
840	2536.7611111111114	3.966666666666667
850	2576.6166666666663	6.033333333333333
860	2550.388888888889	3.6666666666666665
870	2542.3444444444444	4.333333333333333
880	2533.4333333333334	6.966666666666667
890	2512.8611111111113	3.2
900	2500.755555555555	4.6
910	2580.461111111111	3.1666666666666665
920	2574.3055555555557	6.066666666666666
930	2591.633333333333	5.1
940	2558.5333333333333	5.7
950	2578.9666666666667	4.2
960	2611.638888888889	3.2333333333333334
970	2560.4277777777775	3.033333333333333
980	2567.7555555555546	3.8
990	2538.883333333333	5.3
1000	2521.0333333333333	3.966666666666667
