0	254.0	0.0
10	70.0	0.0
20	70.0	0.0
30	70.0	0.0
40	70.0	0.0
50	70.0	0.0
60	70.0	0.0
70	70.0	0.0
80	70.0	0.0
90	70.0	0.0
100	70.0	0.0
110	70.0	0.0
120	70.0	0.0
130	70.0	0.0
140	70.0	0.0
150	70.0	0.0
160	70.0	0.0
170	70.0	0.0
180	70.33333333333333	0.0
190	70.0	0.0
200	70.66666666666667	0.0
210	71.33333333333333	0.0
220	72.66666666666667	0.0
230	71.0	0.0
240	70.0	0.0
250	182.0	0.0
260	354.6666666666667	0.0
270	325.3333333333333	0.0
280	349.6666666666667	0.0
290	139.0	0.0
300	159.0	0.0
310	173.0	5.0
320	147.33333333333334	0.0
330	154.66666666666666	0.0
340	169.66666666666666	0.0
350	154.0	0.0
360	170.33333333333334	0.0
370	155.33333333333334	0.0
380	156.66666666666666	0.0
390	210.0	0.0
400	252.0	0.0
410	297.6666666666667	0.0
420	277.6666666666667	0.0
430	193.66666666666666	0.0
440	379.6666666666667	0.0
450	292.0	0.0
460	258.3333333333333	0.0
470	277.0	0.0
480	258.6666666666667	0.0
490	408.0	0.0
500	463.0	0.0
510	499.6666666666667	0.0
520	925.6666666666666	0.0
530	882.0	0.0
540	850.3333333333334	12.0
550	1065.1666666666667	0.0
560	1438.6666666666667	0.0
570	1328.8333333333333	9.0
580	1154.0	0.0
590	2057.1666666666665	2.0
600	1834.6666666666667	0.0
610	2199.3333333333335	17.0
620	2510.8333333333335	5.0
630	2330.5	0.0
640	2365.0	6.0
650	2465.5	3.0
660	2128.3333333333335	2.0
670	2225.5	7.0
680	1910.6666666666667	18.0
690	2101.3333333333335	12.0
700	2146.0	0.0
710	2296.1666666666665	0.0
720	2531.3333333333335	4.0
730	2264.3333333333335	2.0
740	2088.3333333333335	9.0
750	2376.6666666666665	0.0
760	2461.0	5.0
770	2526.3333333333335	0.0
780	2248.6666666666665	0.0
790	2516.8333333333335	0.0
800	2632.8333333333335	0.0
810	2466.6666666666665	0.0
820	2633.1666666666665	0.0
830	2578.0	18.0
840	2465.3333333333335	0.0
850	2599.0	0.0
860	2847.0	9.0
870	2559.5	0.0
880	2289.6666666666665	0.0
890	2747.0	2.0
900	2399.3333333333335	11.0
910	2533.8333333333335	0.0
920	2494.1666666666665	14.0
930	2573.5	0.0
940	2546.8333333333335	0.0
950	2398.6666666666665	0.0
960	2465.0	0.0
970	2621.1666666666665	0.0
980	2572.3333333333335	0.0
990	2350.1666666666665	0.0
1000	2168.6666666666665	13.0
