0	220.33333333333334	0.0
10	70.0	0.0
20	70.0	0.0
30	70.0	0.0
40	70.0	0.0
50	70.0	0.0
60	70.0	0.0
70	70.0	0.0
80	70.0	0.0
90	70.0	0.0
100	70.0	0.0
110	70.0	0.0
120	70.0	0.0
130	70.0	0.0
140	70.0	0.0
150	70.0	0.0
160	70.0	0.0
170	70.0	0.0
180	70.33333333333333	0.0
190	71.33333333333333	0.0
200	70.33333333333333	0.0
210	71.33333333333333	0.0
220	73.0	0.0
230	87.33333333333333	0.0
240	71.33333333333333	0.0
250	133.66666666666666	0.0
260	147.0	0.0
270	148.33333333333334	0.0
280	179.66666666666666	0.0
290	164.33333333333334	0.0
300	155.0	0.0
310	128.66666666666666	0.0
320	138.0	0.0
330	130.33333333333334	0.0
340	180.66666666666666	0.0
350	152.66666666666666	0.0
360	197.0	0.0
370	162.33333333333334	0.0
380	279.6666666666667	0.0
390	228.33333333333334	0.0
400	266.3333333333333	0.0
410	220.33333333333334	0.0
420	298.3333333333333	0.0
430	306.3333333333333	0.0
440	230.66666666666666	0.0
450	229.66666666666666	0.0
460	276.6666666666667	0.0
470	364.3333333333333	0.0
480	211.0	0.0
490	449.3333333333333	0.0
500	283.6666666666667	0.0
510	367.6666666666667	0.0
520	351.6666666666667	0.0
530	407.0	0.0
540	388.6666666666667	0.0
550	573.6666666666666	0.0
560	499.0	0.0
570	431.6666666666667	5.0
580	437.6666666666667	7.0
590	595.8333333333334	0.0
600	420.3333333333333	0.0
610	323.6666666666667	0.0
620	749.6666666666666	0.0
630	973.3333333333334	0.0
640	1097.0	24.0
650	651.6666666666666	6.0
660	727.6666666666666	0.0
670	1169.3333333333333	0.0
680	759.0	12.0
690	1572.1666666666667	0.0
700	1469.0	0.0
710	1288.0	0.0
720	1421.0	1.0
730	1883.5	0.0
740	2276.5	0.0
750	2506.8333333333335	0.0
760	2209.0	0.0
770	1913.6666666666667	10.0
780	1831.3333333333333	0.0
790	2385.0	0.0
800	1037.0	0.0
810	2037.1666666666667	11.0
820	2362.3333333333335	7.0
830	1942.6666666666667	24.0
840	1774.6666666666667	0.0
850	2206.8333333333335	22.0
860	2176.6666666666665	3.0
870	2043.6666666666667	11.0
880	2189.3333333333335	5.0
890	2197.6666666666665	0.0
900	2398.0	22.0
910	1999.1666666666667	0.0
920	2790.1666666666665	22.0
930	2665.6666666666665	1.0
940	2321.3333333333335	5.0
950	2737.3333333333335	21.0
960	2572.8333333333335	0.0
970	2642.8333333333335	4.0
980	2636.3333333333335	0.0
990	2664.6666666666665	14.0
1000	2818.8333333333335	0.0
