0	268.6666666666667	0.0
10	70.0	0.0
20	70.0	0.0
30	70.0	0.0
40	70.0	0.0
50	70.0	0.0
60	70.0	0.0
70	70.0	0.0
80	70.0	0.0
90	70.0	0.0
100	70.0	0.0
110	70.0	0.0
120	70.0	0.0
130	70.0	0.0
140	70.0	0.0
150	70.0	0.0
160	70.0	0.0
170	70.33333333333333	0.0
180	70.33333333333333	0.0
190	70.66666666666667	0.0
200	71.0	0.0
210	74.0	0.0
220	72.33333333333333	0.0
230	72.66666666666667	0.0
240	72.0	0.0
250	71.66666666666667	0.0
260	81.66666666666667	0.0
270	71.66666666666667	0.0
280	149.33333333333334	0.0
290	371.3333333333333	0.0
300	419.6666666666667	0.0
310	177.66666666666666	0.0
320	187.66666666666666	0.0
330	128.66666666666666	0.0
340	290.3333333333333	0.0
350	179.0	0.0
360	294.6666666666667	0.0
370	146.33333333333334	0.0
380	222.0	0.0
390	171.33333333333334	0.0
400	146.0	0.0
410	147.0	0.0
420	212.66666666666666	0.0
430	202.0	0.0
440	218.0	7.0
450	281.6666666666667	0.0
460	254.33333333333334	0.0
470	321.0	0.0
480	529.6666666666666	12.0
490	626.3333333333334	0.0
500	857.6666666666666	0.0
510	1039.3333333333333	0.0
520	1063.3333333333333	0.0
530	860.6666666666666	0.0
540	1335.0	0.0
550	1500.6666666666667	0.0
560	1633.6666666666667	14.0
570	1577.1666666666667	0.0
580	1055.3333333333333	14.0
590	1500.3333333333333	0.0
600	1960.6666666666667	6.0
610	2242.5	0.0
620	2509.6666666666665	0.0
630	2078.6666666666665	2.0
640	2223.3333333333335	0.0
650	2630.6666666666665	0.0
660	1874.3333333333333	0.0
670	2335.0	14.0
680	2112.6666666666665	0.0
690	2362.1666666666665	34.0
700	2485.6666666666665	14.0
710	2629.0	2.0
720	2331.6666666666665	0.0
730	2367.3333333333335	0.0
740	2410.1666666666665	0.0
750	2610.0	0.0
760	2646.5	2.0
770	2709.6666666666665	0.0
780	2672.1666666666665	0.0
790	2076.5	7.0
800	2383.3333333333335	23.0
810	2639.3333333333335	7.0
820	2276.1666666666665	4.0
830	2472.3333333333335	0.0
840	2386.0	0.0
850	2509.1666666666665	0.0
860	2524.1666666666665	3.0
870	2802.3333333333335	0.0
880	2543.3333333333335	0.0
890	2503.6666666666665	11.0
900	2590.5	0.0
910	2678.6666666666665	0.0
920	2994.1666666666665	4.0
930	2540.0	11.0
940	2620.1666666666665	7.0
950	2906.6666666666665	0.0
960	2458.3333333333335	0.0
970	2734.5	0.0
980	2658.3333333333335	0.0
990	2533.1666666666665	0.0
1000	2486.6666666666665	1.0
