0	289.0
10	70.0
20	70.0
30	70.0
40	70.0
50	70.0
60	70.0
70	70.0
80	70.33333333333333
90	75.33333333333333
100	113.33333333333333
110	72.66666666666667
120	148.66666666666666
130	108.33333333333333
140	70.0
150	175.66666666666666
160	190.66666666666666
170	455.3333333333333
180	198.0
190	412.6666666666667
200	347.3333333333333
210	317.6666666666667
220	429.3333333333333
230	443.3333333333333
240	416.6666666666667
250	353.3333333333333
260	421.6666666666667
270	500.6666666666667
280	1161.1666666666667
290	1291.6666666666667
300	829.0
310	1134.0
320	1597.0
330	1615.6666666666667
340	2127.1666666666665
350	2062.3333333333335
360	2250.6666666666665
370	2124.0
380	1917.0
390	2140.6666666666665
400	2293.3333333333335
410	2552.0
420	2298.0
430	2435.0
440	2304.3333333333335
450	2379.0
460	2278.3333333333335
470	2438.3333333333335
480	2478.6666666666665
490	2364.0
500	2179.3333333333335
510	2201.3333333333335
520	2256.0
530	2383.0
540	2297.6666666666665
550	2362.0
560	2137.0
570	1851.0
580	1859.8333333333333
590	1852.3333333333333
600	1816.0
