0	281.3333333333333
10	70.0
20	70.0
30	70.0
40	70.0
50	70.0
60	70.0
70	70.0
80	70.66666666666667
90	86.66666666666667
100	76.33333333333333
110	71.0
120	115.66666666666667
130	179.66666666666666
140	168.33333333333334
150	463.3333333333333
160	170.66666666666666
170	237.66666666666666
180	332.6666666666667
190	152.33333333333334
200	120.66666666666667
210	310.0
220	325.0
230	148.33333333333334
240	274.3333333333333
250	283.3333333333333
260	273.0
270	308.3333333333333
280	391.6666666666667
290	446.6666666666667
300	353.3333333333333
310	310.6666666666667
320	366.0
330	535.3333333333334
340	450.3333333333333
350	789.6666666666666
360	773.3333333333334
370	859.0
380	1338.3333333333333
390	1551.6666666666667
400	1271.6666666666667
410	1268.6666666666667
420	1481.6666666666667
430	2147.6666666666665
440	1980.6666666666667
450	2509.6666666666665
460	2190.5
470	2611.8333333333335
480	2726.6666666666665
490	2130.5
500	2132.5
510	2172.1666666666665
520	1961.3333333333333
530	1820.6666666666667
540	2389.6666666666665
550	2111.5
560	2307.5
570	1991.5
580	2349.3333333333335
590	1778.6666666666667
600	1728.3333333333333
