0	252.33333333333334	0.0
10	102.33333333333333	1289.0
20	71.0	0.0
30	142.33333333333334	0.0
40	78.33333333333333	0.0
50	952.0	0.0
60	1632.0	0.0
70	79.0	0.0
80	1255.8333333333333	0.0
90	1014.0	0.0
100	1779.5	0.0
110	2206.3333333333335	0.0
120	2307.8333333333335	0.0
130	2265.0	0.0
140	2330.3333333333335	0.0
150	2522.5	0.0
160	2209.6666666666665	0.0
170	2273.6666666666665	0.0
180	2362.6666666666665	0.0
190	2341.0	0.0
200	2331.0	0.0
210	2334.6666666666665	0.0
220	1819.0	0.0
230	2061.1666666666665	0.0
240	2548.3333333333335	0.0
250	2478.6666666666665	0.0
260	2251.6666666666665	0.0
270	2464.3333333333335	0.0
280	2097.3333333333335	0.0
290	1700.6666666666667	0.0
300	1812.6666666666667	0.0
310	1902.0	0.0
320	1589.0	0.0
330	2111.0	0.0
340	2237.8333333333335	0.0
350	2154.6666666666665	0.0
360	2099.1666666666665	0.0
370	1956.0	0.0
380	2068.8333333333335	0.0
390	1764.8333333333333	0.0
400	1501.6666666666667	0.0
410	2195.5	0.0
420	1959.6666666666667	0.0
430	1886.3333333333333	0.0
440	2043.8333333333333	0.0
450	2601.0	0.0
460	2317.8333333333335	0.0
470	2330.0	0.0
480	2203.6666666666665	0.0
490	2478.8333333333335	0.0
500	2245.6666666666665	0.0
510	2368.3333333333335	0.0
520	2407.6666666666665	0.0
530	2606.6666666666665	0.0
540	2328.0	0.0
550	2003.5	0.0
560	1541.6666666666667	0.0
570	1777.3333333333333	0.0
580	2298.0	0.0
590	2499.8333333333335	0.0
600	1683.6666666666667	0.0
