0	267.3333333333333	0.0
10	100.0	1110.0
20	101.66666666666667	0.0
30	87.33333333333333	0.0
40	103.0	0.0
50	323.6666666666667	0.0
60	135.0	0.0
70	1035.1666666666667	0.0
80	1788.6666666666667	0.0
90	1958.5	0.0
100	2183.0	0.0
110	2335.5	0.0
120	2195.1666666666665	0.0
130	2382.6666666666665	0.0
140	2168.0	0.0
150	2357.6666666666665	0.0
160	2342.0	0.0
170	2274.3333333333335	0.0
180	2098.0	0.0
190	2080.0	0.0
200	2337.3333333333335	0.0
210	2503.6666666666665	0.0
220	2434.3333333333335	0.0
230	2410.3333333333335	0.0
240	2576.8333333333335	0.0
250	2519.5	0.0
260	2467.0	0.0
270	2246.5	0.0
280	2392.0	0.0
290	1706.0	0.0
300	2305.3333333333335	0.0
310	1809.3333333333333	0.0
320	1650.5	0.0
330	1311.6666666666667	0.0
340	1787.6666666666667	0.0
350	1739.5	0.0
360	1645.0	0.0
370	2219.8333333333335	0.0
380	1824.0	0.0
390	2229.6666666666665	0.0
400	1948.3333333333333	0.0
410	1995.0	0.0
420	1783.0	0.0
430	1977.0	0.0
440	2149.5	0.0
450	2347.8333333333335	0.0
460	1823.8333333333333	0.0
470	1838.6666666666667	0.0
480	2469.1666666666665	0.0
490	2142.5	0.0
500	2017.1666666666667	0.0
510	1781.3333333333333	0.0
520	2105.0	0.0
530	2404.6666666666665	0.0
540	2148.6666666666665	0.0
550	2298.0	0.0
560	2511.1666666666665	0.0
570	2570.6666666666665	0.0
580	1577.8333333333333	0.0
590	1895.3333333333333	0.0
600	1726.6666666666667	0.0
