0	233.66666666666666	0.0
10	70.0	100.0
20	70.0	8.0
30	70.0	129.0
40	70.0	109.0
50	70.0	34.0
60	70.0	1.0
70	110.0	86.0
80	233.66666666666666	9.0
90	1844.0	16.0
100	1664.0	23.0
110	2172.3333333333335	46.0
120	2452.5	65.0
130	2131.0	51.0
140	2225.3333333333335	19.0
150	2144.1666666666665	33.0
160	2133.3333333333335	41.0
170	2225.0	36.0
180	2329.1666666666665	42.0
190	2275.0	28.0
200	2379.5	27.0
210	2321.6666666666665	42.0
220	2299.3333333333335	33.0
230	2444.3333333333335	22.0
240	2439.6666666666665	0.0
250	2488.8333333333335	0.0
260	2621.3333333333335	0.0
270	2378.3333333333335	0.0
280	2456.6666666666665	0.0
290	1697.6666666666667	0.0
300	2407.3333333333335	0.0
310	2323.0	0.0
320	2246.1666666666665	0.0
330	1866.6666666666667	0.0
340	1928.0	0.0
350	2090.6666666666665	0.0
360	1929.6666666666667	0.0
370	1765.6666666666667	0.0
380	1805.0	0.0
390	2003.5	0.0
400	2213.0	0.0
410	1797.3333333333333	0.0
420	2242.6666666666665	0.0
430	2123.0	0.0
440	1864.5	0.0
450	2124.5	0.0
460	2165.1666666666665	0.0
470	1933.3333333333333	0.0
480	2170.0	0.0
490	1994.0	0.0
500	1989.3333333333333	0.0
510	1998.0	0.0
520	2168.3333333333335	0.0
530	2128.6666666666665	0.0
540	1610.3333333333333	0.0
550	1873.3333333333333	0.0
560	1909.6666666666667	0.0
570	2510.6666666666665	0.0
580	2279.0	0.0
590	2436.0	0.0
600	2487.5	0.0
610	2345.6666666666665	0.0
620	2409.1666666666665	0.0
630	2222.1666666666665	0.0
640	2523.1666666666665	0.0
650	2406.0	0.0
660	2520.1666666666665	0.0
670	2594.6666666666665	0.0
680	2403.0	0.0
690	2557.8333333333335	0.0
700	2359.1666666666665	0.0
710	2440.3333333333335	0.0
720	1905.0	0.0
730	1431.3333333333333	0.0
740	1641.0	0.0
750	2417.6666666666665	0.0
760	2121.0	0.0
770	2672.1666666666665	0.0
780	1980.8333333333333	0.0
790	2157.3333333333335	0.0
800	2142.1666666666665	0.0
810	2458.6666666666665	0.0
820	1660.3333333333333	0.0
830	1914.0	0.0
840	2615.6666666666665	0.0
850	2445.6666666666665	0.0
860	2532.6666666666665	0.0
870	1997.3333333333333	0.0
880	2417.3333333333335	0.0
890	2356.5	0.0
900	2703.0	0.0
910	2576.6666666666665	0.0
920	2538.1666666666665	0.0
930	2515.1666666666665	0.0
940	2553.6666666666665	0.0
950	2726.6666666666665	0.0
960	2445.3333333333335	0.0
970	2417.0	0.0
980	2412.5	0.0
990	2532.3333333333335	0.0
1000	2500.3333333333335	0.0
