0	275.6666666666667	0.0
10	70.0	8.0
20	70.0	26.0
30	70.0	54.0
40	70.0	0.0
50	70.0	36.0
60	70.0	11.0
70	70.0	11.0
80	70.33333333333333	14.0
90	79.33333333333333	6.0
100	143.33333333333334	13.0
110	112.33333333333333	44.0
120	83.0	29.0
130	330.6666666666667	12.0
140	356.0	30.0
150	411.3333333333333	56.0
160	1442.0	83.0
170	1721.6666666666667	44.0
180	1860.6666666666667	12.0
190	2137.3333333333335	61.0
200	1970.3333333333333	27.0
210	2324.3333333333335	45.0
220	2600.0	61.0
230	2432.1666666666665	61.0
240	2346.3333333333335	31.0
250	2264.0	30.0
260	2376.8333333333335	44.0
270	2309.5	47.0
280	2432.0	46.0
290	2282.6666666666665	43.0
300	2428.1666666666665	15.0
310	2319.6666666666665	0.0
320	2229.5	0.0
330	2553.0	0.0
340	1921.6666666666667	0.0
350	2087.6666666666665	0.0
360	2221.6666666666665	0.0
370	1921.0	0.0
380	2490.3333333333335	0.0
390	2517.0	0.0
400	2449.1666666666665	0.0
410	2288.3333333333335	0.0
420	2386.3333333333335	0.0
430	2272.8333333333335	0.0
440	2446.5	0.0
450	2414.6666666666665	0.0
460	2598.6666666666665	0.0
470	2250.6666666666665	0.0
480	2583.6666666666665	0.0
490	2392.8333333333335	0.0
500	2356.3333333333335	0.0
510	2031.0	0.0
520	2107.8333333333335	0.0
530	2225.0	0.0
540	2270.0	0.0
550	2056.0	0.0
560	2160.5	0.0
570	1755.0	0.0
580	2154.0	0.0
590	2237.6666666666665	0.0
600	2374.3333333333335	0.0
610	2358.8333333333335	0.0
620	2521.6666666666665	0.0
630	2297.3333333333335	0.0
640	2467.3333333333335	0.0
650	2581.0	0.0
660	2431.1666666666665	0.0
670	2309.5	0.0
680	2423.1666666666665	0.0
690	2599.5	0.0
700	2378.0	0.0
710	2701.3333333333335	0.0
720	2367.6666666666665	0.0
730	2229.0	0.0
740	2270.3333333333335	0.0
750	1859.8333333333333	0.0
760	2467.0	0.0
770	2466.6666666666665	0.0
780	2374.6666666666665	0.0
790	2564.1666666666665	0.0
800	2464.3333333333335	0.0
810	1725.6666666666667	0.0
820	2606.6666666666665	0.0
830	2056.5	0.0
840	2144.1666666666665	0.0
850	2312.6666666666665	0.0
860	1744.6666666666667	0.0
870	1830.0	0.0
880	2578.3333333333335	0.0
890	2622.3333333333335	0.0
900	2413.1666666666665	0.0
910	2563.0	0.0
920	2377.5	0.0
930	2538.5	0.0
940	2736.3333333333335	0.0
950	2448.8333333333335	0.0
960	2416.6666666666665	0.0
970	2545.0	0.0
980	2271.0	0.0
990	2506.0	0.0
1000	2494.6666666666665	0.0
