0	230.66666666666666
10	2042.5
20	2255.5
30	2030.6666666666667
40	2132.1666666666665
50	2044.6666666666667
60	2108.3333333333335
70	2131.6666666666665
80	2237.6666666666665
90	1978.0
100	2100.6666666666665
110	2258.0
120	2293.8333333333335
130	2206.0
140	2177.6666666666665
150	2318.6666666666665
160	2369.0
170	2422.0
180	2142.1666666666665
190	2336.0
200	2405.0
210	2289.0
220	2316.8333333333335
230	2449.6666666666665
240	2398.5
250	2539.5
260	2449.6666666666665
270	2337.3333333333335
280	2323.5
290	2252.0
300	2357.8333333333335
310	2463.1666666666665
320	2620.8333333333335
330	2606.8333333333335
340	2533.8333333333335
350	2460.0
360	2371.1666666666665
370	2482.1666666666665
380	2437.1666666666665
390	2628.8333333333335
400	2447.1666666666665
410	2654.0
420	2820.1666666666665
430	2677.3333333333335
440	2809.6666666666665
450	2525.6666666666665
460	2517.8333333333335
470	2733.0
480	2476.1666666666665
490	2640.8333333333335
500	2813.6666666666665
