0	287.0
10	2105.0
20	2140.5
30	2096.3333333333335
40	2134.1666666666665
50	1949.5
60	2075.3333333333335
70	1923.0
80	2088.0
90	2163.0
100	2227.5
110	2093.3333333333335
120	2170.5
130	2053.1666666666665
140	2190.0
150	2412.1666666666665
160	2249.1666666666665
170	2149.1666666666665
180	2042.0
190	2331.3333333333335
200	2242.0
210	2251.3333333333335
220	2315.0
230	2139.0
240	2175.1666666666665
250	2430.1666666666665
260	2499.6666666666665
270	2397.0
280	2313.8333333333335
290	2519.6666666666665
300	2227.0
310	2333.0
320	2468.1666666666665
330	2364.3333333333335
340	2436.3333333333335
350	2374.5
360	2638.0
370	2433.0
380	2287.3333333333335
390	2448.1666666666665
400	2520.6666666666665
410	2475.1666666666665
420	2456.1666666666665
430	2503.0
440	2312.0
450	2423.6666666666665
460	2471.3333333333335
470	2704.5
480	2529.0
490	2646.1666666666665
500	2720.6666666666665
