0	258.3333333333333	0.0
10	70.0	0.0
20	70.0	0.0
30	70.0	0.0
40	70.0	0.0
50	70.0	0.0
60	70.0	0.0
70	70.0	0.0
80	70.0	0.0
90	70.66666666666667	0.0
100	86.0	0.0
110	91.0	0.0
120	396.6666666666667	0.0
130	160.66666666666666	0.0
140	206.0	0.0
150	126.33333333333333	0.0
160	76.0	0.0
170	158.33333333333334	0.0
180	174.66666666666666	0.0
190	189.66666666666666	0.0
200	159.0	0.0
210	149.66666666666666	0.0
220	307.3333333333333	0.0
230	278.6666666666667	0.0
240	113.0	0.0
250	180.0	0.0
260	422.3333333333333	0.0
270	389.0	0.0
280	458.3333333333333	0.0
290	420.0	0.0
300	434.3333333333333	0.0
310	633.0	0.0
320	686.6666666666666	0.0
330	650.3333333333334	0.0
340	1057.0	0.0
350	1382.5	0.0
360	1193.3333333333333	0.0
370	1632.0	0.0
380	2210.8333333333335	0.0
390	1930.6666666666667	0.0
400	2744.0	0.0
410	2384.8333333333335	0.0
420	2775.1666666666665	0.0
430	2440.1666666666665	0.0
440	2431.6666666666665	0.0
450	2463.6666666666665	0.0
460	1789.6666666666667	0.0
470	2108.1666666666665	0.0
480	2304.6666666666665	0.0
490	2595.6666666666665	0.0
500	2401.0	0.0
510	2409.6666666666665	0.0
520	2402.3333333333335	0.0
530	2449.0	0.0
540	2651.3333333333335	0.0
550	2586.0	0.0
560	1844.6666666666667	0.0
570	1607.6666666666667	0.0
580	2260.6666666666665	0.0
590	2393.0	0.0
600	1873.0	0.0
610	1696.3333333333333	0.0
620	1531.3333333333333	0.0
630	2310.1666666666665	0.0
640	1983.6666666666667	0.0
650	1844.6666666666667	0.0
660	2484.3333333333335	0.0
670	1670.3333333333333	0.0
680	1665.6666666666667	0.0
690	1584.6666666666667	0.0
700	1898.1666666666667	0.0
710	2033.0	0.0
720	1978.1666666666667	0.0
730	2492.6666666666665	0.0
740	2233.0	0.0
750	2271.3333333333335	0.0
760	2494.3333333333335	0.0
770	2319.0	0.0
780	2044.0	0.0
790	2057.1666666666665	0.0
800	2049.0	0.0
810	2275.3333333333335	0.0
820	1707.1666666666667	0.0
830	2373.8333333333335	0.0
840	1789.3333333333333	0.0
850	2174.0	0.0
860	2602.6666666666665	0.0
870	2199.0	0.0
880	2284.8333333333335	0.0
890	1996.0	0.0
900	2081.3333333333335	0.0
910	2060.0	0.0
920	2509.3333333333335	0.0
930	1964.0	0.0
940	1970.5	0.0
950	1682.8333333333333	0.0
960	1669.6666666666667	0.0
970	2056.8333333333335	0.0
980	2325.0	0.0
990	2713.1666666666665	0.0
1000	2590.8333333333335	0.0
