0	299.3333333333333	0.0
10	70.0	0.0
20	70.0	0.0
30	70.0	0.0
40	70.0	0.0
50	70.0	0.0
60	70.0	0.0
70	70.0	0.0
80	70.0	0.0
90	70.0	0.0
100	70.0	0.0
110	70.0	0.0
120	70.0	0.0
130	70.0	0.0
140	70.0	0.0
150	70.0	0.0
160	70.0	0.0
170	70.0	0.0
180	70.66666666666667	0.0
190	70.66666666666667	0.0
200	71.0	0.0
210	74.0	0.0
220	72.66666666666667	0.0
230	80.66666666666667	0.0
240	74.0	0.0
250	117.66666666666667	0.0
260	319.6666666666667	0.0
270	269.6666666666667	0.0
280	154.66666666666666	0.0
290	164.66666666666666	0.0
300	139.66666666666666	0.0
310	172.0	0.0
320	131.0	0.0
330	138.66666666666666	0.0
340	136.33333333333334	0.0
350	162.0	0.0
360	165.33333333333334	0.0
370	264.3333333333333	0.0
380	156.66666666666666	0.0
390	163.33333333333334	0.0
400	226.0	0.0
410	146.33333333333334	0.0
420	296.0	0.0
430	329.3333333333333	0.0
440	222.66666666666666	0.0
450	302.0	0.0
460	533.0	0.0
470	618.3333333333334	0.0
480	654.0	0.0
490	857.3333333333334	0.0
500	1115.0	0.0
510	719.6666666666666	0.0
520	804.6666666666666	0.0
530	1161.6666666666667	0.0
540	1528.5	0.0
550	1608.0	0.0
560	1796.6666666666667	0.0
570	1414.8333333333333	0.0
580	1888.3333333333333	0.0
590	1667.5	0.0
600	2003.6666666666667	0.0
610	1704.8333333333333	0.0
620	2139.8333333333335	0.0
630	2239.0	0.0
640	2260.1666666666665	0.0
650	1979.1666666666667	0.0
660	2303.0	0.0
670	2180.6666666666665	0.0
680	2310.0	0.0
690	2386.0	0.0
700	2645.3333333333335	0.0
710	2353.3333333333335	0.0
720	1924.6666666666667	0.0
730	1994.5	0.0
740	2420.5	0.0
750	2266.0	0.0
760	2347.0	0.0
770	2434.8333333333335	0.0
780	2090.0	0.0
790	2530.6666666666665	0.0
800	2387.6666666666665	0.0
