0	274.6666666666667	0.0
10	70.0	0.0
20	70.0	7.0
30	70.0	0.0
40	70.0	7.0
50	70.0	2.0
60	70.0	11.0
70	70.0	0.0
80	70.33333333333333	0.0
90	75.0	2.0
100	72.66666666666667	6.0
110	74.0	41.0
120	233.66666666666666	29.0
130	247.33333333333334	87.0
140	73.33333333333333	94.0
150	221.66666666666666	80.0
160	619.3333333333334	168.0
170	761.6666666666666	72.0
180	374.6666666666667	115.0
190	169.0	154.0
200	1080.6666666666667	125.0
210	1733.0	0.0
220	2649.8333333333335	0.0
230	2232.6666666666665	0.0
240	1991.6666666666667	0.0
250	2195.6666666666665	0.0
260	2392.6666666666665	0.0
270	2119.5	0.0
280	2230.0	0.0
290	2303.3333333333335	0.0
300	2399.3333333333335	0.0
310	2036.0	0.0
320	2173.3333333333335	0.0
330	2076.3333333333335	0.0
340	2368.3333333333335	0.0
350	2324.6666666666665	0.0
360	2286.3333333333335	0.0
370	2453.6666666666665	0.0
380	2385.5	0.0
390	2449.3333333333335	0.0
400	2534.8333333333335	0.0
410	1737.0	0.0
420	2349.0	0.0
430	1758.6666666666667	0.0
440	1381.6666666666667	0.0
450	2190.5	0.0
460	2294.0	0.0
470	1852.8333333333333	0.0
480	2424.6666666666665	0.0
490	2033.8333333333333	0.0
500	1723.3333333333333	0.0
510	1778.0	0.0
520	1751.6666666666667	0.0
530	1660.3333333333333	0.0
540	1350.3333333333333	0.0
550	1900.5	0.0
560	1925.6666666666667	0.0
570	2188.3333333333335	0.0
580	2058.0	0.0
590	1768.0	0.0
600	1454.6666666666667	0.0
610	1773.6666666666667	0.0
620	1476.0	0.0
630	1498.0	0.0
640	1717.0	0.0
650	2177.6666666666665	0.0
660	2356.3333333333335	0.0
670	2360.0	0.0
680	2430.0	0.0
690	2516.0	0.0
700	2304.3333333333335	0.0
710	2497.8333333333335	0.0
720	2465.1666666666665	0.0
730	2367.3333333333335	0.0
740	2524.3333333333335	0.0
750	2542.0	0.0
760	2308.0	0.0
770	2393.0	0.0
780	2458.6666666666665	0.0
790	2168.6666666666665	0.0
800	2535.6666666666665	0.0
810	2268.8333333333335	0.0
820	2395.8333333333335	0.0
830	2574.8333333333335	0.0
840	2344.0	0.0
850	2138.1666666666665	0.0
860	2272.3333333333335	0.0
870	2582.6666666666665	0.0
880	1878.6666666666667	0.0
890	1813.0	0.0
900	1836.6666666666667	0.0
910	1910.6666666666667	0.0
920	2126.1666666666665	0.0
930	1823.5	0.0
940	1769.0	0.0
950	2187.6666666666665	0.0
960	1993.6666666666667	0.0
970	1699.3333333333333	0.0
980	1844.6666666666667	0.0
990	2015.6666666666667	0.0
1000	2088.6666666666665	0.0
