0	233.0	0.0
10	70.0	0.0
20	70.0	0.0
30	70.0	2.0
40	70.0	3.0
50	70.0	0.0
60	70.0	52.0
70	70.0	2.0
80	70.33333333333333	2.0
90	76.66666666666667	2.0
100	83.33333333333333	14.0
110	150.66666666666666	26.0
120	173.33333333333334	198.0
130	315.6666666666667	155.0
140	95.66666666666667	118.0
150	942.3333333333334	16.0
160	751.3333333333334	188.0
170	959.3333333333334	135.0
180	1472.6666666666667	87.0
190	2012.0	0.0
200	2148.6666666666665	0.0
210	1949.6666666666667	0.0
220	2180.6666666666665	0.0
230	2021.1666666666667	0.0
240	2360.5	0.0
250	2449.0	0.0
260	1643.3333333333333	0.0
270	1776.3333333333333	0.0
280	1825.5	0.0
290	2126.0	0.0
300	2254.3333333333335	0.0
310	2345.0	0.0
320	2510.5	0.0
330	2377.6666666666665	0.0
340	2300.3333333333335	0.0
350	2528.6666666666665	0.0
360	2680.6666666666665	0.0
370	2136.8333333333335	0.0
380	2585.1666666666665	0.0
390	1672.3333333333333	0.0
400	2424.5	0.0
410	2404.3333333333335	0.0
420	2543.6666666666665	0.0
430	1848.1666666666667	0.0
440	2312.3333333333335	0.0
450	2437.8333333333335	0.0
460	1632.6666666666667	0.0
470	2196.8333333333335	0.0
480	2133.5	0.0
490	1948.0	0.0
500	1825.3333333333333	0.0
510	1790.5	0.0
520	1938.6666666666667	0.0
530	2267.8333333333335	0.0
540	1945.0	0.0
550	2548.0	0.0
560	2111.6666666666665	0.0
570	1936.8333333333333	0.0
580	2388.3333333333335	0.0
590	2616.1666666666665	0.0
600	2630.6666666666665	0.0
610	2428.6666666666665	0.0
620	2489.8333333333335	0.0
630	2539.6666666666665	0.0
640	2483.3333333333335	0.0
650	1804.6666666666667	0.0
660	2025.6666666666667	0.0
670	1951.0	0.0
680	2182.0	0.0
690	1875.0	0.0
700	2286.5	0.0
710	2419.1666666666665	0.0
720	2203.8333333333335	0.0
730	2628.3333333333335	0.0
740	2529.3333333333335	0.0
750	2679.3333333333335	0.0
760	2707.6666666666665	0.0
770	2549.8333333333335	0.0
780	1961.0	0.0
790	1710.0	0.0
800	2546.0	0.0
810	2567.6666666666665	0.0
820	1974.3333333333333	0.0
830	2472.0	0.0
840	1904.3333333333333	0.0
850	2083.3333333333335	0.0
860	2501.3333333333335	0.0
870	1879.1666666666667	0.0
880	1755.0	0.0
890	2586.3333333333335	0.0
900	1817.3333333333333	0.0
910	2071.8333333333335	0.0
920	2433.8333333333335	0.0
930	2304.0	0.0
940	2167.0	0.0
950	2474.0	0.0
960	2428.1666666666665	0.0
970	1991.1666666666667	0.0
980	1953.6666666666667	0.0
990	2382.6666666666665	0.0
1000	2149.6666666666665	0.0
