0	230.0	0.0
10	70.0	1000.0
20	70.0	0.0
30	70.0	0.0
40	70.0	0.0
50	70.0	0.0
60	70.0	0.0
70	70.0	0.0
80	70.0	0.0
90	70.0	0.0
100	70.0	0.0
110	70.0	0.0
120	70.0	0.0
130	70.0	0.0
140	70.0	0.0
150	70.0	0.0
160	70.0	0.0
170	71.0	0.0
180	71.0	0.0
190	70.66666666666667	0.0
200	72.66666666666667	0.0
210	71.0	0.0
220	70.33333333333333	0.0
230	187.33333333333334	0.0
240	131.66666666666666	0.0
250	217.33333333333334	0.0
260	230.0	0.0
270	124.33333333333333	0.0
280	167.33333333333334	0.0
290	161.66666666666666	0.0
300	146.0	0.0
310	260.3333333333333	0.0
320	250.33333333333334	0.0
330	130.0	0.0
340	162.0	0.0
350	215.0	0.0
360	261.0	0.0
370	216.66666666666666	0.0
380	620.1666666666666	0.0
390	778.3333333333334	0.0
400	728.3333333333334	0.0
410	1033.3333333333333	0.0
420	1124.3333333333333	0.0
430	1280.0	0.0
440	1308.0	0.0
450	1509.0	0.0
460	2055.0	0.0
470	1751.6666666666667	0.0
480	1996.3333333333333	0.0
490	2537.6666666666665	0.0
500	2407.0	0.0
510	2229.0	0.0
520	2100.0	0.0
530	2294.8333333333335	0.0
540	2237.6666666666665	0.0
550	2333.6666666666665	0.0
560	2165.3333333333335	0.0
570	2252.3333333333335	0.0
580	2436.3333333333335	0.0
590	2346.6666666666665	0.0
600	2311.0	0.0
610	2531.0	0.0
620	2619.6666666666665	0.0
630	2381.6666666666665	0.0
640	2351.0	0.0
650	2549.3333333333335	0.0
660	2593.5	0.0
670	2722.5	0.0
680	2519.3333333333335	0.0
690	2577.6666666666665	0.0
700	2516.6666666666665	0.0
710	2361.3333333333335	0.0
720	2816.1666666666665	0.0
730	2711.0	0.0
740	2578.3333333333335	0.0
750	2610.6666666666665	0.0
760	2540.1666666666665	0.0
770	2544.3333333333335	0.0
780	2683.6666666666665	0.0
790	2866.5	0.0
800	2610.6666666666665	0.0
810	2613.6666666666665	0.0
820	2772.3333333333335	0.0
830	2732.0	0.0
840	2755.0	0.0
850	2871.1666666666665	0.0
860	2540.3333333333335	0.0
870	2611.6666666666665	0.0
880	2782.1666666666665	0.0
890	2640.5	0.0
900	2651.3333333333335	0.0
910	2778.3333333333335	0.0
920	2877.8333333333335	0.0
930	2489.3333333333335	0.0
940	2535.8333333333335	0.0
950	2609.3333333333335	0.0
960	2502.3333333333335	0.0
970	2355.3333333333335	0.0
980	2329.8333333333335	0.0
990	2372.6666666666665	0.0
1000	2595.0	0.0
