0	255.0	0.0
10	70.0	1000.0
20	70.0	0.0
30	70.0	0.0
40	70.0	0.0
50	70.0	0.0
60	70.0	0.0
70	70.0	0.0
80	70.0	0.0
90	70.0	0.0
100	70.0	0.0
110	70.0	0.0
120	70.0	0.0
130	70.0	0.0
140	70.0	0.0
150	70.66666666666667	0.0
160	70.33333333333333	0.0
170	82.66666666666667	0.0
180	142.66666666666666	0.0
190	321.6666666666667	0.0
200	227.66666666666666	0.0
210	143.33333333333334	0.0
220	129.0	0.0
230	146.0	0.0
240	147.0	0.0
250	171.0	0.0
260	154.33333333333334	0.0
270	155.0	0.0
280	208.66666666666666	0.0
290	147.0	0.0
300	195.66666666666666	0.0
310	187.0	0.0
320	259.6666666666667	0.0
330	263.3333333333333	0.0
340	266.3333333333333	0.0
350	177.33333333333334	0.0
360	477.0	0.0
370	508.0	0.0
380	552.3333333333334	0.0
390	781.6666666666666	0.0
400	850.6666666666666	0.0
410	886.3333333333334	0.0
420	1192.6666666666667	0.0
430	1403.3333333333333	0.0
440	1843.3333333333333	0.0
450	1809.3333333333333	0.0
460	1626.6666666666667	0.0
470	1458.0	0.0
480	1897.3333333333333	0.0
490	2048.0	0.0
500	1555.3333333333333	0.0
510	2021.3333333333333	0.0
520	2094.0	0.0
530	2102.3333333333335	0.0
540	2122.3333333333335	0.0
550	2166.5	0.0
560	2154.6666666666665	0.0
570	2330.3333333333335	0.0
580	2505.6666666666665	0.0
590	2447.3333333333335	0.0
600	2231.5	0.0
610	2334.0	0.0
620	2285.8333333333335	0.0
630	2394.6666666666665	0.0
640	2347.6666666666665	0.0
650	2486.3333333333335	0.0
660	2275.1666666666665	0.0
670	2472.3333333333335	0.0
680	2403.6666666666665	0.0
690	2112.0	0.0
700	2567.0	0.0
710	2401.8333333333335	0.0
720	2582.1666666666665	0.0
730	2214.8333333333335	0.0
740	2741.1666666666665	0.0
750	2494.1666666666665	0.0
760	2530.8333333333335	0.0
770	2705.3333333333335	0.0
780	2813.8333333333335	0.0
790	2653.0	0.0
800	2802.5	0.0
810	2574.8333333333335	0.0
820	2831.0	0.0
830	2566.8333333333335	0.0
840	2497.6666666666665	0.0
850	2782.0	0.0
860	2570.1666666666665	0.0
870	2734.0	0.0
880	2514.0	0.0
890	2591.3333333333335	0.0
900	2629.3333333333335	0.0
910	2446.8333333333335	0.0
920	2489.5	0.0
930	2745.6666666666665	0.0
940	2464.6666666666665	0.0
950	2270.0	0.0
960	2522.6666666666665	0.0
970	2506.6666666666665	0.0
980	2741.6666666666665	0.0
990	2579.8333333333335	0.0
1000	2624.6666666666665	0.0
