0	260.6666666666667	0.0
10	70.0	1000.0
20	70.0	0.0
30	70.0	0.0
40	70.0	0.0
50	70.0	0.0
60	70.0	0.0
70	70.0	0.0
80	70.0	0.0
90	70.0	0.0
100	70.0	0.0
110	70.0	0.0
120	70.0	0.0
130	70.0	0.0
140	70.33333333333333	0.0
150	70.0	0.0
160	70.33333333333333	0.0
170	70.33333333333333	0.0
180	71.0	0.0
190	77.0	0.0
200	77.66666666666667	0.0
210	101.0	0.0
220	155.66666666666666	0.0
230	83.0	0.0
240	320.3333333333333	0.0
250	149.0	0.0
260	111.0	0.0
270	169.33333333333334	0.0
280	183.0	0.0
290	184.33333333333334	0.0
300	155.0	0.0
310	163.33333333333334	0.0
320	187.66666666666666	0.0
330	188.0	0.0
340	189.33333333333334	0.0
350	249.33333333333334	0.0
360	455.3333333333333	0.0
370	497.6666666666667	0.0
380	986.6666666666666	0.0
390	973.0	0.0
400	986.0	0.0
410	873.0	0.0
420	1260.3333333333333	0.0
430	1520.0	0.0
440	1598.6666666666667	0.0
450	2002.6666666666667	0.0
460	2051.0	0.0
470	2435.6666666666665	0.0
480	2010.0	0.0
490	2235.0	0.0
500	2107.3333333333335	0.0
510	1979.6666666666667	0.0
520	2000.0	0.0
530	2400.1666666666665	0.0
540	2127.3333333333335	0.0
550	2177.6666666666665	0.0
560	2259.3333333333335	0.0
570	2264.6666666666665	0.0
580	2309.0	0.0
590	2386.3333333333335	0.0
600	2270.3333333333335	0.0
610	2234.6666666666665	0.0
620	2150.6666666666665	0.0
630	2333.0	0.0
640	2595.1666666666665	0.0
650	2241.6666666666665	0.0
660	2322.6666666666665	0.0
670	2301.6666666666665	0.0
680	2604.3333333333335	0.0
690	2587.5	0.0
700	2396.5	0.0
710	2337.5	0.0
720	2674.8333333333335	0.0
730	2749.1666666666665	0.0
740	2449.8333333333335	0.0
750	2719.6666666666665	0.0
760	2458.6666666666665	0.0
770	2832.8333333333335	0.0
780	2694.0	0.0
790	2728.8333333333335	0.0
800	2701.6666666666665	0.0
810	2784.5	0.0
820	2549.0	0.0
830	2956.5	0.0
840	2475.0	0.0
850	2500.6666666666665	0.0
860	2619.1666666666665	0.0
870	2358.1666666666665	0.0
880	2820.1666666666665	0.0
890	2222.6666666666665	0.0
900	2379.8333333333335	0.0
910	1976.3333333333333	0.0
920	2654.3333333333335	0.0
930	3189.0	0.0
940	2400.3333333333335	0.0
950	2495.3333333333335	0.0
960	2626.5	0.0
970	2751.0	0.0
980	2633.1666666666665	0.0
990	2420.1666666666665	0.0
1000	2756.1666666666665	0.0
