0	256.3333333333333	0.0
10	70.0	1000.0
20	70.0	0.0
30	70.0	0.0
40	70.0	0.0
50	70.0	0.0
60	70.0	0.0
70	70.0	0.0
80	70.0	0.0
90	70.0	0.0
100	70.0	0.0
110	70.0	0.0
120	70.0	0.0
130	70.0	0.0
140	70.0	0.0
150	70.0	0.0
160	71.33333333333333	0.0
170	71.0	0.0
180	71.33333333333333	0.0
190	73.33333333333333	0.0
200	72.33333333333333	0.0
210	76.0	0.0
220	161.66666666666666	0.0
230	263.0	0.0
240	193.0	0.0
250	276.3333333333333	0.0
260	192.0	0.0
270	148.33333333333334	0.0
280	242.0	0.0
290	181.66666666666666	0.0
300	171.66666666666666	0.0
310	173.33333333333334	0.0
320	138.33333333333334	0.0
330	219.33333333333334	0.0
340	173.66666666666666	0.0
350	216.33333333333334	0.0
360	182.0	0.0
370	244.0	0.0
380	462.0	0.0
390	567.6666666666666	0.0
400	656.0	0.0
410	821.6666666666666	0.0
420	567.3333333333334	0.0
430	1069.0	0.0
440	902.3333333333334	0.0
450	982.6666666666666	0.0
460	1144.6666666666667	0.0
470	1406.6666666666667	0.0
480	1292.6666666666667	0.0
490	1569.3333333333333	0.0
500	1677.6666666666667	0.0
510	2037.5	0.0
520	1661.0	0.0
530	2029.0	0.0
540	2083.6666666666665	0.0
550	2430.0	0.0
560	2066.3333333333335	0.0
570	1864.3333333333333	0.0
580	2024.6666666666667	0.0
590	2423.1666666666665	0.0
600	1885.6666666666667	0.0
