0	241.33333333333334	0.0
10	70.0	1000.0
20	70.0	0.0
30	70.0	0.0
40	70.0	0.0
50	72.66666666666667	0.0
60	280.0	0.0
70	926.6666666666666	0.0
80	487.0	0.0
90	181.66666666666666	0.0
100	2024.8333333333333	0.0
110	2146.5	0.0
120	1982.6666666666667	0.0
130	2026.6666666666667	0.0
140	2011.6666666666667	0.0
150	2396.1666666666665	0.0
160	2200.5	0.0
170	2366.6666666666665	0.0
180	2187.3333333333335	0.0
190	2425.0	0.0
200	2236.0	0.0
210	2230.0	0.0
220	2107.6666666666665	0.0
230	2088.6666666666665	0.0
240	2169.5	0.0
250	2385.5	0.0
260	2245.3333333333335	0.0
270	2368.3333333333335	0.0
280	2194.5	0.0
290	2262.0	0.0
300	2433.5	0.0
310	2528.8333333333335	0.0
320	2196.3333333333335	0.0
330	2444.6666666666665	0.0
340	1923.6666666666667	0.0
350	2386.1666666666665	0.0
360	1723.6666666666667	0.0
370	2218.3333333333335	0.0
380	2084.1666666666665	0.0
390	1827.5	0.0
400	927.3333333333334	0.0
410	1510.5	0.0
420	1981.6666666666667	0.0
430	1715.6666666666667	0.0
440	1787.0	0.0
450	1911.0	0.0
460	1797.6666666666667	0.0
470	1835.3333333333333	0.0
480	2113.8333333333335	0.0
490	2240.3333333333335	0.0
500	2060.3333333333335	0.0
510	2375.1666666666665	0.0
520	2261.6666666666665	0.0
530	2396.0	0.0
540	2168.8333333333335	0.0
550	2329.3333333333335	0.0
560	1983.0	0.0
570	2190.5	0.0
580	1907.0	0.0
590	2354.0	0.0
600	2373.0	0.0
610	2140.6666666666665	0.0
620	1902.3333333333333	0.0
630	1612.6666666666667	0.0
640	2224.5	0.0
650	2565.3333333333335	0.0
660	2424.6666666666665	0.0
670	2220.6666666666665	0.0
680	2226.0	0.0
690	2089.0	0.0
700	2450.3333333333335	0.0
710	2489.6666666666665	0.0
720	2392.6666666666665	0.0
730	2562.3333333333335	0.0
740	2256.0	0.0
750	2364.0	0.0
760	2436.6666666666665	0.0
770	2307.5	0.0
780	2505.3333333333335	0.0
790	2534.8333333333335	0.0
800	2143.6666666666665	0.0
810	2400.5	0.0
820	2471.0	0.0
830	2499.0	0.0
840	2708.5	0.0
850	2455.0	0.0
860	2470.3333333333335	0.0
870	2371.3333333333335	0.0
880	1838.6666666666667	0.0
890	2074.8333333333335	0.0
900	2237.1666666666665	0.0
910	1983.6666666666667	0.0
920	2262.1666666666665	0.0
930	2238.3333333333335	0.0
940	2018.0	0.0
950	1533.1666666666667	0.0
960	2531.1666666666665	0.0
970	2538.0	0.0
980	2135.3333333333335	0.0
990	2618.6666666666665	0.0
1000	2689.8333333333335	0.0
