0	236.66666666666666	0.0
10	70.0	0.0
20	70.0	0.0
30	70.0	0.0
40	70.0	0.0
50	70.0	0.0
60	70.0	0.0
70	70.0	0.0
80	70.0	0.0
90	70.0	0.0
100	70.0	0.0
110	70.0	0.0
120	70.0	0.0
130	70.0	0.0
140	70.0	0.0
150	70.0	0.0
160	70.0	0.0
170	70.0	0.0
180	71.0	0.0
190	70.33333333333333	0.0
200	73.66666666666667	0.0
210	77.66666666666667	0.0
220	71.33333333333333	0.0
230	79.66666666666667	0.0
240	71.0	0.0
250	143.0	0.0
260	121.66666666666667	0.0
270	251.66666666666666	0.0
280	177.0	0.0
290	180.0	0.0
300	165.0	0.0
310	163.66666666666666	0.0
320	155.33333333333334	0.0
330	155.0	0.0
340	130.0	0.0
350	146.0	0.0
360	143.66666666666666	0.0
370	154.66666666666666	0.0
380	130.0	0.0
390	249.33333333333334	0.0
400	138.0	0.0
410	220.0	0.0
420	394.6666666666667	0.0
430	302.6666666666667	0.0
440	271.3333333333333	0.0
450	521.6666666666666	0.0
460	693.0	0.0
470	897.0	0.0
480	1058.3333333333333	0.0
490	989.6666666666666	0.0
500	985.6666666666666	0.0
510	1809.3333333333333	0.0
520	1746.3333333333333	0.0
530	2196.0	0.0
540	1965.6666666666667	0.0
550	2075.0	0.0
560	1903.8333333333333	0.0
570	1937.6666666666667	0.0
580	2047.0	0.0
590	2498.6666666666665	0.0
600	1998.6666666666667	0.0
610	2092.3333333333335	0.0
620	2074.6666666666665	0.0
630	2156.0	0.0
640	2183.6666666666665	0.0
650	2568.0	0.0
660	2243.1666666666665	0.0
670	2176.0	0.0
680	2261.0	0.0
690	2290.3333333333335	0.0
700	2314.8333333333335	0.0
710	2424.6666666666665	0.0
720	2487.1666666666665	0.0
730	2337.3333333333335	0.0
740	2318.8333333333335	0.0
750	2603.6666666666665	0.0
760	2340.6666666666665	0.0
770	2482.0	0.0
780	2322.0	0.0
790	2439.3333333333335	0.0
800	2410.1666666666665	0.0
