0	277.6666666666667	0.0
10	70.0	0.0
20	70.0	0.0
30	70.0	0.0
40	70.0	0.0
50	70.0	0.0
60	70.0	0.0
70	70.0	0.0
80	70.0	0.0
90	70.0	0.0
100	70.0	0.0
110	70.0	0.0
120	70.0	0.0
130	70.0	0.0
140	70.0	0.0
150	70.0	0.0
160	70.33333333333333	0.0
170	70.0	0.0
180	70.33333333333333	0.0
190	70.0	0.0
200	72.0	0.0
210	72.33333333333333	0.0
220	76.33333333333333	0.0
230	77.33333333333333	0.0
240	134.33333333333334	0.0
250	183.33333333333334	0.0
260	193.0	0.0
270	130.66666666666666	0.0
280	272.6666666666667	0.0
290	140.66666666666666	0.0
300	149.33333333333334	0.0
310	171.0	0.0
320	180.0	0.0
330	163.33333333333334	0.0
340	146.0	0.0
350	186.33333333333334	0.0
360	178.33333333333334	0.0
370	186.33333333333334	0.0
380	155.0	0.0
390	179.33333333333334	0.0
400	138.0	0.0
410	265.3333333333333	0.0
420	224.33333333333334	0.0
430	209.33333333333334	0.0
440	277.0	0.0
450	300.0	0.0
460	330.0	0.0
470	310.6666666666667	0.0
480	338.0	0.0
490	329.0	0.0
500	435.6666666666667	0.0
510	690.3333333333334	0.0
520	742.0	0.0
530	966.3333333333334	0.0
540	918.0	0.0
550	853.3333333333334	0.0
560	1270.0	0.0
570	1357.6666666666667	0.0
580	1573.8333333333333	0.0
590	1532.0	0.0
600	1769.0	0.0
610	2193.0	0.0
620	2289.6666666666665	0.0
630	2695.0	0.0
640	2447.0	0.0
650	1969.0	0.0
660	2065.3333333333335	0.0
670	2343.3333333333335	0.0
680	2196.0	0.0
690	2056.6666666666665	0.0
700	2258.8333333333335	0.0
710	2131.0	0.0
720	2302.0	0.0
730	2336.3333333333335	0.0
740	2373.6666666666665	0.0
750	2213.3333333333335	0.0
760	2324.5	0.0
770	2423.3333333333335	0.0
780	2237.3333333333335	0.0
790	2737.1666666666665	0.0
800	2518.0	0.0
