0	273.6666666666667	0.0
10	70.0	0.0
20	70.0	0.0
30	70.0	0.0
40	70.0	0.0
50	70.0	0.0
60	70.0	0.0
70	70.0	0.0
80	70.0	0.0
90	70.0	0.0
100	70.0	0.0
110	70.0	0.0
120	70.0	0.0
130	70.0	0.0
140	70.0	0.0
150	70.0	0.0
160	70.0	0.0
170	70.0	0.0
180	70.33333333333333	0.0
190	72.0	0.0
200	70.33333333333333	0.0
210	70.0	0.0
220	71.66666666666667	0.0
230	71.0	0.0
240	79.0	0.0
250	72.0	0.0
260	114.0	0.0
270	156.33333333333334	0.0
280	226.66666666666666	0.0
290	200.33333333333334	0.0
300	208.66666666666666	0.0
310	174.66666666666666	0.0
320	279.6666666666667	0.0
330	173.0	0.0
340	155.0	0.0
350	146.33333333333334	0.0
360	180.0	0.0
370	146.0	0.0
380	178.33333333333334	0.0
390	159.66666666666666	0.0
400	163.66666666666666	0.0
410	232.66666666666666	0.0
420	155.0	0.0
430	281.3333333333333	0.0
440	227.66666666666666	0.0
450	260.0	0.0
460	400.6666666666667	0.0
470	306.3333333333333	0.0
480	244.0	0.0
490	374.0	0.0
500	310.0	0.0
510	377.0	0.0
520	194.66666666666666	0.0
530	304.3333333333333	0.0
540	330.3333333333333	0.0
550	428.3333333333333	0.0
560	452.6666666666667	0.0
570	362.6666666666667	0.0
580	390.6666666666667	0.0
590	567.3333333333334	0.0
600	395.6666666666667	0.0
610	412.0	0.0
620	548.3333333333334	0.0
630	399.3333333333333	0.0
640	314.3333333333333	0.0
650	466.0	0.0
660	777.6666666666666	0.0
670	614.6666666666666	0.0
680	832.3333333333334	0.0
690	716.3333333333334	0.0
700	1049.3333333333333	0.0
710	1343.8333333333333	0.0
720	1170.0	0.0
730	852.3333333333334	0.0
740	1149.3333333333333	0.0
750	1381.6666666666667	0.0
760	1110.0	0.0
770	1970.0	0.0
780	2203.8333333333335	0.0
790	2133.6666666666665	0.0
800	2448.8333333333335	0.0
