0	264.3333333333333	0.0
10	92.66666666666667	1000.0
20	86.66666666666667	0.0
30	70.66666666666667	0.0
40	70.0	0.0
50	70.0	0.0
60	70.0	0.0
70	70.0	0.0
80	70.0	0.0
90	70.0	0.0
100	71.33333333333333	0.0
110	97.66666666666667	0.0
120	1062.6666666666667	0.0
130	184.33333333333334	0.0
140	442.0	0.0
150	122.66666666666667	0.0
160	1064.0	0.0
170	409.6666666666667	0.0
180	1041.3333333333333	0.0
190	1539.3333333333333	0.0
200	1300.3333333333333	0.0
210	1218.3333333333333	0.0
220	1437.6666666666667	0.0
230	1867.6666666666667	0.0
240	1886.3333333333333	0.0
250	1765.0	0.0
260	1822.6666666666667	0.0
270	2094.3333333333335	0.0
280	2097.3333333333335	0.0
290	1860.0	0.0
300	2199.0	0.0
310	2200.5	0.0
320	2222.3333333333335	0.0
330	2120.3333333333335	0.0
340	2190.0	0.0
350	2392.8333333333335	0.0
360	2147.6666666666665	0.0
370	2172.0	0.0
380	2379.6666666666665	0.0
390	2553.5	0.0
400	2321.0	0.0
410	2357.0	0.0
420	2398.6666666666665	0.0
430	2492.8333333333335	0.0
440	2389.6666666666665	0.0
450	2485.1666666666665	0.0
460	2329.1666666666665	0.0
470	2767.6666666666665	0.0
480	2513.3333333333335	0.0
490	2680.5	0.0
500	2404.6666666666665	0.0
510	2577.3333333333335	0.0
520	2477.3333333333335	0.0
530	2486.8333333333335	0.0
540	2720.3333333333335	0.0
550	2594.3333333333335	0.0
560	2650.1666666666665	0.0
570	2354.3333333333335	0.0
580	2516.0	0.0
590	2699.0	0.0
600	2515.8333333333335	0.0
610	2569.1666666666665	0.0
620	2430.0	0.0
630	2727.6666666666665	0.0
640	2587.0	0.0
650	2594.0	0.0
660	2586.3333333333335	0.0
670	2621.0	0.0
680	2540.8333333333335	0.0
690	2352.6666666666665	0.0
700	2535.3333333333335	0.0
710	2093.8333333333335	0.0
720	2533.0	0.0
730	2403.8333333333335	0.0
740	2576.3333333333335	0.0
750	2734.5	0.0
760	2706.1666666666665	0.0
770	2923.6666666666665	0.0
780	2720.0	0.0
790	2696.6666666666665	0.0
800	2907.5	0.0
810	2714.0	0.0
820	2763.3333333333335	0.0
830	2643.5	0.0
840	2542.3333333333335	0.0
850	2864.0	0.0
860	2880.5	0.0
870	2632.0	0.0
880	2512.3333333333335	0.0
890	2915.3333333333335	0.0
900	2372.0	0.0
910	2642.5	0.0
920	2553.1666666666665	0.0
930	2698.8333333333335	0.0
940	2651.0	0.0
950	2589.1666666666665	0.0
960	2418.1666666666665	0.0
970	2508.5	0.0
980	2425.5	0.0
990	2544.5	0.0
1000	2442.3333333333335	0.0
