0	269.6666666666667	0.0
10	70.0	7.0
20	70.0	0.0
30	70.0	0.0
40	70.0	0.0
50	70.0	0.0
60	70.0	0.0
70	70.0	11.0
80	70.0	0.0
90	76.0	0.0
100	80.33333333333333	0.0
110	164.0	0.0
120	119.0	13.0
130	86.66666666666667	0.0
140	209.33333333333334	0.0
150	641.6666666666666	147.0
160	137.33333333333334	154.0
170	227.33333333333334	43.0
180	491.6666666666667	3.0
190	306.0	259.0
200	226.66666666666666	134.0
210	824.3333333333334	157.0
220	2072.6666666666665	72.0
230	2220.3333333333335	0.0
240	2261.6666666666665	0.0
250	2012.0	0.0
260	2199.0	0.0
270	2537.3333333333335	0.0
280	2347.0	0.0
290	2535.3333333333335	0.0
300	2155.3333333333335	0.0
310	2026.0	0.0
320	2545.6666666666665	0.0
330	2274.0	0.0
340	1695.0	0.0
350	1731.1666666666667	0.0
360	1662.5	0.0
370	2396.6666666666665	0.0
380	2521.0	0.0
390	2274.5	0.0
400	2400.3333333333335	0.0
410	2388.6666666666665	0.0
420	2389.1666666666665	0.0
430	2529.3333333333335	0.0
440	1843.3333333333333	0.0
450	2323.3333333333335	0.0
460	2502.1666666666665	0.0
470	2527.6666666666665	0.0
480	2014.1666666666667	0.0
490	1989.1666666666667	0.0
500	1568.6666666666667	0.0
510	2318.8333333333335	0.0
520	2255.1666666666665	0.0
530	1807.5	0.0
540	1792.0	0.0
550	2228.5	0.0
560	1658.8333333333333	0.0
570	1932.6666666666667	0.0
580	2329.6666666666665	0.0
590	2451.0	0.0
600	2424.1666666666665	0.0
610	2542.3333333333335	0.0
620	2412.3333333333335	0.0
630	2496.3333333333335	0.0
640	2448.8333333333335	0.0
650	2250.3333333333335	0.0
660	1927.1666666666667	0.0
670	2416.0	0.0
680	1796.1666666666667	0.0
690	2160.0	0.0
700	2291.0	0.0
710	2375.0	0.0
720	2519.6666666666665	0.0
730	2537.3333333333335	0.0
740	2173.8333333333335	0.0
750	2601.0	0.0
760	2141.3333333333335	0.0
770	2282.3333333333335	0.0
780	2651.0	0.0
790	2238.6666666666665	0.0
800	2353.6666666666665	0.0
810	2476.6666666666665	0.0
820	2433.3333333333335	0.0
830	2259.3333333333335	0.0
840	2302.3333333333335	0.0
850	2397.0	0.0
860	1820.0	0.0
870	2072.8333333333335	0.0
880	1882.6666666666667	0.0
890	1881.3333333333333	0.0
900	1760.3333333333333	0.0
910	1739.3333333333333	0.0
920	1920.6666666666667	0.0
930	1847.3333333333333	0.0
940	2111.0	0.0
950	2395.3333333333335	0.0
960	2388.6666666666665	0.0
970	2079.0	0.0
980	1717.3333333333333	0.0
990	1848.6666666666667	0.0
1000	2053.1666666666665	0.0
