0	256.0	0.0
10	70.33333333333333	1000.0
20	70.0	0.0
30	70.0	0.0
40	70.0	0.0
50	70.0	0.0
60	70.0	0.0
70	70.0	0.0
80	70.0	0.0
90	70.0	0.0
100	70.0	0.0
110	70.0	0.0
120	70.0	0.0
130	70.0	0.0
140	70.0	0.0
150	70.0	0.0
160	70.0	0.0
170	70.0	0.0
180	70.0	0.0
190	73.0	0.0
200	73.0	0.0
210	72.0	0.0
220	78.66666666666667	0.0
230	115.33333333333333	0.0
240	173.66666666666666	0.0
250	153.33333333333334	0.0
260	273.0	0.0
270	148.33333333333334	0.0
280	334.3333333333333	0.0
290	200.0	0.0
300	180.0	0.0
310	173.0	0.0
320	162.0	0.0
330	147.33333333333334	0.0
340	203.0	0.0
350	337.0	0.0
360	208.33333333333334	0.0
370	227.66666666666666	0.0
380	219.66666666666666	0.0
390	209.66666666666666	0.0
400	416.6666666666667	0.0
410	681.0	0.0
420	608.6666666666666	0.0
430	784.3333333333334	0.0
440	1308.3333333333333	0.0
450	729.6666666666666	0.0
460	1077.3333333333333	0.0
470	1061.6666666666667	0.0
480	1369.3333333333333	0.0
490	1079.1666666666667	0.0
500	1792.8333333333333	0.0
510	1753.3333333333333	0.0
520	1854.3333333333333	0.0
530	2203.3333333333335	0.0
540	1861.6666666666667	0.0
550	2352.6666666666665	0.0
560	1839.6666666666667	0.0
570	1818.0	0.0
580	2332.3333333333335	0.0
590	2279.0	0.0
600	1590.3333333333333	0.0
610	2287.8333333333335	0.0
620	2215.3333333333335	0.0
630	2378.8333333333335	0.0
640	2285.6666666666665	0.0
650	2299.5	0.0
660	1804.8333333333333	0.0
670	2190.6666666666665	0.0
680	2060.5	0.0
690	2356.0	0.0
700	2536.5	0.0
710	2330.3333333333335	0.0
720	2545.8333333333335	0.0
730	2616.5	0.0
740	2716.8333333333335	0.0
750	2526.6666666666665	0.0
760	2695.1666666666665	0.0
770	2527.5	0.0
780	2511.1666666666665	0.0
790	2613.5	0.0
800	2744.5	0.0
