0	224.0	0.0
10	70.0	0.0
20	70.0	0.0
30	70.0	0.0
40	70.0	0.0
50	70.0	0.0
60	70.0	0.0
70	70.0	0.0
80	70.0	0.0
90	70.66666666666667	0.0
100	85.33333333333333	0.0
110	143.66666666666666	0.0
120	108.66666666666667	0.0
130	121.33333333333333	0.0
140	221.66666666666666	0.0
150	350.0	0.0
160	497.6666666666667	0.0
170	365.6666666666667	0.0
180	159.33333333333334	0.0
190	153.66666666666666	0.0
200	311.0	0.0
210	162.66666666666666	0.0
220	269.0	0.0
230	263.3333333333333	0.0
240	309.6666666666667	0.0
250	342.6666666666667	0.0
260	290.0	0.0
270	360.6666666666667	0.0
280	351.3333333333333	0.0
290	563.6666666666666	0.0
300	342.0	0.0
310	536.0	0.0
320	761.3333333333334	0.0
330	1032.3333333333333	0.0
340	854.0	0.0
350	957.6666666666666	0.0
360	1226.6666666666667	0.0
370	1823.0	0.0
380	1580.6666666666667	0.0
390	2065.0	0.0
400	1033.6666666666667	0.0
410	1997.3333333333333	0.0
420	2203.6666666666665	0.0
430	1254.3333333333333	0.0
440	1978.5	0.0
450	1865.5	0.0
460	2078.6666666666665	0.0
470	1682.3333333333333	0.0
480	1974.1666666666667	0.0
490	2220.3333333333335	0.0
500	2168.0	0.0
510	2500.3333333333335	0.0
520	2176.5	0.0
530	2276.1666666666665	0.0
540	2316.3333333333335	0.0
550	2401.6666666666665	0.0
560	2469.3333333333335	0.0
570	2073.6666666666665	0.0
580	2324.3333333333335	0.0
590	1968.0	0.0
600	1913.0	0.0
610	1970.3333333333333	0.0
620	2572.1666666666665	0.0
630	2220.0	0.0
640	2734.6666666666665	0.0
650	1523.3333333333333	0.0
660	1793.3333333333333	0.0
670	1711.3333333333333	0.0
680	1870.0	0.0
690	1566.1666666666667	0.0
700	1246.3333333333333	0.0
710	1738.3333333333333	0.0
720	1843.6666666666667	0.0
730	1816.0	0.0
740	1616.5	0.0
750	1905.5	0.0
760	2039.3333333333333	0.0
770	2320.0	0.0
780	1817.3333333333333	0.0
790	1985.3333333333333	0.0
800	1790.8333333333333	0.0
810	1900.8333333333333	0.0
820	1862.6666666666667	0.0
830	2409.3333333333335	0.0
840	2083.5	0.0
850	2390.6666666666665	0.0
860	2339.3333333333335	0.0
870	1622.0	0.0
880	2347.3333333333335	0.0
890	2616.5	0.0
900	2005.6666666666667	0.0
910	2462.1666666666665	0.0
920	2578.6666666666665	0.0
930	2467.8333333333335	0.0
940	2283.0	0.0
950	2346.3333333333335	0.0
960	2141.1666666666665	0.0
970	2473.6666666666665	0.0
980	2454.0	0.0
990	2517.0	0.0
1000	2592.0	0.0
