0	271.0	0.0
10	70.0	0.0
20	70.0	0.0
30	70.0	0.0
40	70.0	0.0
50	70.0	0.0
60	70.0	0.0
70	70.0	0.0
80	70.0	0.0
90	70.66666666666667	0.0
100	81.66666666666667	0.0
110	71.0	0.0
120	210.66666666666666	0.0
130	83.0	0.0
140	236.0	0.0
150	353.6666666666667	0.0
160	337.3333333333333	0.0
170	399.3333333333333	0.0
180	163.0	0.0
190	211.66666666666666	0.0
200	336.6666666666667	0.0
210	354.0	0.0
220	305.3333333333333	0.0
230	301.6666666666667	0.0
240	239.0	0.0
250	263.3333333333333	0.0
260	483.6666666666667	0.0
270	387.6666666666667	0.0
280	423.0	0.0
290	816.3333333333334	0.0
300	567.0	0.0
310	855.0	0.0
320	617.0	0.0
330	1077.0	0.0
340	1017.3333333333334	0.0
350	1488.3333333333333	0.0
360	1666.0	0.0
370	1511.8333333333333	0.0
380	2005.3333333333333	0.0
390	1415.0	0.0
400	2173.5	0.0
410	2424.5	0.0
420	2216.0	0.0
430	2054.1666666666665	0.0
440	2396.0	0.0
450	1935.3333333333333	0.0
460	2407.3333333333335	0.0
470	1885.6666666666667	0.0
480	2142.0	0.0
490	2178.6666666666665	0.0
500	2053.6666666666665	0.0
510	2166.6666666666665	0.0
520	2097.3333333333335	0.0
530	1562.3333333333333	0.0
540	1933.8333333333333	0.0
550	1732.1666666666667	0.0
560	2111.0	0.0
570	2323.0	0.0
580	2341.3333333333335	0.0
590	2271.3333333333335	0.0
600	2387.1666666666665	0.0
610	2592.1666666666665	0.0
620	2230.0	0.0
630	2336.6666666666665	0.0
640	2464.0	0.0
650	2266.0	0.0
660	2293.5	0.0
670	2413.0	0.0
680	2197.0	0.0
690	2411.3333333333335	0.0
700	2417.0	0.0
710	2432.8333333333335	0.0
720	2285.6666666666665	0.0
730	2393.3333333333335	0.0
740	2613.3333333333335	0.0
750	2455.3333333333335	0.0
760	1632.0	0.0
770	1978.0	0.0
780	1837.3333333333333	0.0
790	2751.8333333333335	0.0
800	2071.3333333333335	0.0
810	2778.6666666666665	0.0
820	2198.6666666666665	0.0
830	1867.0	0.0
840	1727.0	0.0
850	2188.3333333333335	0.0
860	2512.6666666666665	0.0
870	2370.6666666666665	0.0
880	2190.6666666666665	0.0
890	1683.0	0.0
900	1872.3333333333333	0.0
910	1925.6666666666667	0.0
920	1758.5	0.0
930	1884.0	0.0
940	2072.1666666666665	0.0
950	2240.0	0.0
960	1749.0	0.0
970	2091.0	0.0
980	1954.0	0.0
990	2376.0	0.0
1000	2442.6666666666665	0.0
