0	258.6666666666667	0.0
10	70.0	1000.0
20	70.0	0.0
30	70.0	0.0
40	70.0	0.0
50	70.0	0.0
60	70.0	0.0
70	70.33333333333333	0.0
80	70.0	0.0
90	82.66666666666667	0.0
100	74.66666666666667	0.0
110	73.0	0.0
120	145.66666666666666	0.0
130	74.0	0.0
140	445.3333333333333	0.0
150	334.0	0.0
160	387.0	0.0
170	593.6666666666666	0.0
180	423.3333333333333	0.0
190	303.0	0.0
200	315.6666666666667	0.0
210	253.66666666666666	0.0
220	441.3333333333333	0.0
230	303.6666666666667	0.0
240	282.0	0.0
250	347.0	0.0
260	336.0	0.0
270	401.0	0.0
280	341.0	0.0
290	410.0	0.0
300	460.3333333333333	0.0
310	552.3333333333334	0.0
320	603.6666666666666	0.0
330	617.3333333333334	0.0
340	974.0	0.0
350	769.6666666666666	0.0
360	1270.5	0.0
370	1284.0	0.0
380	1009.0	0.0
390	1769.8333333333333	0.0
400	2173.6666666666665	0.0
410	2283.0	0.0
420	2269.6666666666665	0.0
430	2397.1666666666665	0.0
440	2368.3333333333335	0.0
450	1945.8333333333333	0.0
460	2578.8333333333335	0.0
470	2595.0	0.0
480	2350.6666666666665	0.0
490	2433.3333333333335	0.0
500	2271.3333333333335	0.0
510	2378.0	0.0
520	2543.6666666666665	0.0
530	2368.1666666666665	0.0
540	2330.3333333333335	0.0
550	2251.0	0.0
560	2312.5	0.0
570	2426.3333333333335	0.0
580	2197.1666666666665	0.0
590	2415.8333333333335	0.0
600	2538.3333333333335	0.0
610	2349.0	0.0
620	2733.3333333333335	0.0
630	2489.3333333333335	0.0
640	2340.0	0.0
650	2251.0	0.0
660	2212.0	0.0
670	2323.1666666666665	0.0
680	2376.3333333333335	0.0
690	2379.0	0.0
700	2271.5	0.0
710	1776.0	0.0
720	2409.3333333333335	0.0
730	1980.1666666666667	0.0
740	2427.1666666666665	0.0
750	2138.8333333333335	0.0
760	2322.6666666666665	0.0
770	2638.5	0.0
780	2029.6666666666667	0.0
790	2208.3333333333335	0.0
800	1968.6666666666667	0.0
810	1855.0	0.0
820	2416.3333333333335	0.0
830	2496.3333333333335	0.0
840	2538.8333333333335	0.0
850	1606.0	0.0
860	2510.3333333333335	0.0
870	1817.3333333333333	0.0
880	1903.6666666666667	0.0
890	2633.0	0.0
900	2375.8333333333335	0.0
910	2482.6666666666665	0.0
920	2434.3333333333335	0.0
930	1743.3333333333333	0.0
940	1718.0	0.0
950	2638.0	0.0
960	1640.0	0.0
970	2594.0	0.0
980	2550.6666666666665	0.0
990	2508.0	0.0
1000	2407.6666666666665	0.0
