0	277.6666666666667	0.0
10	70.0	1000.0
20	70.0	0.0
30	70.0	0.0
40	70.0	0.0
50	70.0	0.0
60	70.0	0.0
70	70.0	0.0
80	70.0	0.0
90	71.33333333333333	0.0
100	104.33333333333333	0.0
110	247.0	0.0
120	101.66666666666667	0.0
130	82.33333333333333	0.0
140	346.0	0.0
150	435.0	0.0
160	206.0	0.0
170	267.3333333333333	0.0
180	407.6666666666667	0.0
190	224.66666666666666	0.0
200	276.3333333333333	0.0
210	245.66666666666666	0.0
220	434.0	0.0
230	390.3333333333333	0.0
240	475.3333333333333	0.0
250	527.6666666666666	0.0
260	668.6666666666666	0.0
270	1473.5	0.0
280	1430.6666666666667	0.0
290	2126.8333333333335	0.0
300	1874.6666666666667	0.0
310	2311.3333333333335	0.0
320	2563.5	0.0
330	2620.1666666666665	0.0
340	2343.3333333333335	0.0
350	2406.6666666666665	0.0
360	2511.6666666666665	0.0
370	2513.0	0.0
380	2646.5	0.0
390	2416.3333333333335	0.0
400	2377.3333333333335	0.0
410	2431.8333333333335	0.0
420	2492.5	0.0
430	2397.5	0.0
440	2535.5	0.0
450	2454.3333333333335	0.0
460	1863.3333333333333	0.0
470	1550.5	0.0
480	1776.5	0.0
490	1529.5	0.0
500	1411.6666666666667	0.0
510	1612.6666666666667	0.0
520	1721.8333333333333	0.0
530	1687.0	0.0
540	1803.8333333333333	0.0
550	1805.0	0.0
560	1854.0	0.0
570	1672.0	0.0
580	1993.3333333333333	0.0
590	1801.1666666666667	0.0
600	1521.0	0.0
610	1726.6666666666667	0.0
620	1806.8333333333333	0.0
630	1420.3333333333333	0.0
640	1662.6666666666667	0.0
650	1941.8333333333333	0.0
660	1767.0	0.0
670	2038.0	0.0
680	1875.8333333333333	0.0
690	2010.8333333333333	0.0
700	2018.6666666666667	0.0
710	2284.1666666666665	0.0
720	2405.6666666666665	0.0
730	2060.5	0.0
740	1888.8333333333333	0.0
750	2492.3333333333335	0.0
760	2506.0	0.0
770	2305.5	0.0
780	2403.0	0.0
790	2325.0	0.0
800	2399.8333333333335	0.0
810	2017.6666666666667	0.0
820	2385.0	0.0
830	2510.5	0.0
840	2364.3333333333335	0.0
850	2353.8333333333335	0.0
860	2236.6666666666665	0.0
870	2441.8333333333335	0.0
880	2630.5	0.0
890	2304.3333333333335	0.0
900	2648.1666666666665	0.0
910	2398.1666666666665	0.0
920	2621.6666666666665	0.0
930	2536.5	0.0
940	1969.1666666666667	0.0
950	2584.3333333333335	0.0
960	2197.1666666666665	0.0
970	2352.0	0.0
980	1750.0	0.0
990	1981.1666666666667	0.0
1000	1737.6666666666667	0.0
