0	262.0	0.0
10	70.0	249.0
20	70.0	123.0
30	70.0	61.0
40	70.0	64.0
50	70.0	97.0
60	70.0	406.0
70	121.66666666666667	0.0
80	359.0	0.0
90	1568.6666666666667	0.0
100	1319.3333333333333	0.0
110	1662.6666666666667	0.0
120	1363.6666666666667	0.0
130	2216.6666666666665	0.0
140	2034.6666666666667	0.0
150	2217.0	0.0
160	2271.6666666666665	0.0
170	2166.6666666666665	0.0
180	2529.6666666666665	0.0
190	2318.6666666666665	0.0
200	2204.3333333333335	0.0
210	2404.5	0.0
220	2393.1666666666665	0.0
230	1584.3333333333333	0.0
240	2201.1666666666665	0.0
250	2218.1666666666665	0.0
260	2108.6666666666665	0.0
270	2282.0	0.0
280	2392.3333333333335	0.0
290	2348.5	0.0
300	2474.0	0.0
310	2395.0	0.0
320	2246.6666666666665	0.0
330	2472.1666666666665	0.0
340	2438.0	0.0
350	2262.8333333333335	0.0
360	2483.6666666666665	0.0
370	2543.6666666666665	0.0
380	2631.0	0.0
390	2390.0	0.0
400	2074.5	0.0
410	1627.6666666666667	0.0
420	1909.3333333333333	0.0
430	1695.1666666666667	0.0
440	1796.0	0.0
450	2041.0	0.0
460	1751.3333333333333	0.0
470	1957.5	0.0
480	1867.1666666666667	0.0
490	1697.6666666666667	0.0
500	2159.6666666666665	0.0
510	2358.3333333333335	0.0
520	2143.8333333333335	0.0
530	2201.0	0.0
540	1621.3333333333333	0.0
550	2221.6666666666665	0.0
560	1925.6666666666667	0.0
570	2179.5	0.0
580	2209.6666666666665	0.0
590	1972.6666666666667	0.0
600	1832.0	0.0
610	1754.6666666666667	0.0
620	2372.0	0.0
630	2572.6666666666665	0.0
640	2327.6666666666665	0.0
650	2606.1666666666665	0.0
660	1634.5	0.0
670	2302.6666666666665	0.0
680	1930.5	0.0
690	2251.1666666666665	0.0
700	2472.6666666666665	0.0
710	2273.0	0.0
720	2463.3333333333335	0.0
730	1755.0	0.0
740	2011.0	0.0
750	1875.0	0.0
760	2464.6666666666665	0.0
770	1997.5	0.0
780	2746.0	0.0
790	2483.3333333333335	0.0
800	2516.6666666666665	0.0
810	1924.1666666666667	0.0
820	2603.0	0.0
830	2585.6666666666665	0.0
840	2024.1666666666667	0.0
850	1712.8333333333333	0.0
860	1953.1666666666667	0.0
870	2237.6666666666665	0.0
880	2029.6666666666667	0.0
890	2272.0	0.0
900	2071.8333333333335	0.0
910	2135.6666666666665	0.0
920	1982.6666666666667	0.0
930	2055.3333333333335	0.0
940	1838.6666666666667	0.0
950	1893.5	0.0
960	1989.6666666666667	0.0
970	2370.6666666666665	0.0
980	2395.6666666666665	0.0
990	2185.3333333333335	0.0
1000	2612.8333333333335	0.0
