0	253.0	0.0
10	70.0	182.0
20	135.33333333333334	818.0
30	169.33333333333334	0.0
40	190.66666666666666	0.0
50	185.33333333333334	0.0
60	1475.0	0.0
70	2011.0	0.0
80	1750.3333333333333	0.0
90	1900.6666666666667	0.0
100	1587.0	0.0
110	1758.0	0.0
120	2060.0	0.0
130	2554.3333333333335	0.0
140	2203.0	0.0
150	2465.0	0.0
160	2211.6666666666665	0.0
170	2277.5	0.0
180	2346.6666666666665	0.0
190	2377.0	0.0
200	2492.3333333333335	0.0
210	2432.6666666666665	0.0
220	2399.6666666666665	0.0
230	2479.3333333333335	0.0
240	2300.6666666666665	0.0
250	2392.6666666666665	0.0
260	2470.0	0.0
270	2457.1666666666665	0.0
280	2564.3333333333335	0.0
290	2436.5	0.0
300	2505.5	0.0
310	2099.0	0.0
320	2266.8333333333335	0.0
330	2245.0	0.0
340	2422.6666666666665	0.0
350	2476.3333333333335	0.0
360	1671.0	0.0
370	2122.6666666666665	0.0
380	2096.5	0.0
390	1979.6666666666667	0.0
400	1805.0	0.0
410	1966.1666666666667	0.0
420	2321.8333333333335	0.0
430	1790.5	0.0
440	1633.3333333333333	0.0
450	2105.5	0.0
460	2067.1666666666665	0.0
470	1883.5	0.0
480	2249.3333333333335	0.0
490	1401.1666666666667	0.0
500	1853.8333333333333	0.0
510	1653.1666666666667	0.0
520	2406.6666666666665	0.0
530	2488.8333333333335	0.0
540	2738.1666666666665	0.0
550	2142.0	0.0
560	2301.6666666666665	0.0
570	2420.6666666666665	0.0
580	2493.6666666666665	0.0
590	2329.3333333333335	0.0
600	2342.3333333333335	0.0
610	2813.3333333333335	0.0
620	2258.3333333333335	0.0
630	2604.0	0.0
640	2375.3333333333335	0.0
650	2549.6666666666665	0.0
660	2425.6666666666665	0.0
670	2141.3333333333335	0.0
680	2430.3333333333335	0.0
690	2408.6666666666665	0.0
700	2625.1666666666665	0.0
710	1674.0	0.0
720	2666.8333333333335	0.0
730	2493.0	0.0
740	1813.1666666666667	0.0
750	2059.5	0.0
760	2183.6666666666665	0.0
770	1586.3333333333333	0.0
780	2338.3333333333335	0.0
790	1798.6666666666667	0.0
800	2415.0	0.0
810	2515.8333333333335	0.0
820	2563.6666666666665	0.0
830	2301.5	0.0
840	2421.0	0.0
850	2299.0	0.0
860	1734.6666666666667	0.0
870	1810.3333333333333	0.0
880	1897.8333333333333	0.0
890	2256.6666666666665	0.0
900	2403.1666666666665	0.0
910	2485.1666666666665	0.0
920	2420.1666666666665	0.0
930	2211.3333333333335	0.0
940	2720.1666666666665	0.0
950	2007.1666666666667	0.0
960	1629.0	0.0
970	1922.3333333333333	0.0
980	2048.1666666666665	0.0
990	1875.0	0.0
1000	1844.0	0.0
