0	237.33333333333334	0.0
10	140.33333333333334	787.0
20	143.0	213.0
30	712.0	0.0
40	1056.6666666666667	0.0
50	1010.6666666666666	0.0
60	1992.0	0.0
70	2112.6666666666665	0.0
80	2318.8333333333335	0.0
90	2443.5	0.0
100	2265.3333333333335	0.0
110	2401.8333333333335	0.0
120	1927.3333333333333	0.0
130	1772.3333333333333	0.0
140	2508.3333333333335	0.0
150	2132.1666666666665	0.0
160	2251.5	0.0
170	2680.0	0.0
180	1923.5	0.0
190	2372.3333333333335	0.0
200	2611.5	0.0
210	2467.6666666666665	0.0
220	2427.1666666666665	0.0
230	2086.0	0.0
240	1993.0	0.0
250	2487.0	0.0
260	2540.3333333333335	0.0
270	1729.5	0.0
280	2499.0	0.0
290	2379.1666666666665	0.0
300	2448.0	0.0
310	2345.5	0.0
320	1921.0	0.0
330	1907.8333333333333	0.0
340	2095.0	0.0
350	2401.6666666666665	0.0
360	1876.1666666666667	0.0
370	1930.1666666666667	0.0
380	2197.1666666666665	0.0
390	2410.6666666666665	0.0
400	2525.1666666666665	0.0
410	2208.8333333333335	0.0
420	2572.8333333333335	0.0
430	2369.6666666666665	0.0
440	2289.3333333333335	0.0
450	2070.0	0.0
460	1793.3333333333333	0.0
470	2278.5	0.0
480	2141.3333333333335	0.0
490	2096.6666666666665	0.0
500	2089.8333333333335	0.0
510	2313.6666666666665	0.0
520	1648.6666666666667	0.0
530	2527.8333333333335	0.0
540	1845.0	0.0
550	1941.8333333333333	0.0
560	1665.3333333333333	0.0
570	1870.6666666666667	0.0
580	2445.6666666666665	0.0
590	1501.3333333333333	0.0
600	1871.1666666666667	0.0
610	1744.5	0.0
620	2536.0	0.0
630	2451.6666666666665	0.0
640	2451.0	0.0
650	2427.3333333333335	0.0
660	2406.0	0.0
670	2311.5	0.0
680	2313.6666666666665	0.0
690	2273.6666666666665	0.0
700	2255.0	0.0
710	2218.1666666666665	0.0
720	2638.6666666666665	0.0
730	2451.5	0.0
740	2535.6666666666665	0.0
750	2455.3333333333335	0.0
760	2800.6666666666665	0.0
770	2412.0	0.0
780	1731.3333333333333	0.0
790	2244.1666666666665	0.0
800	2115.6666666666665	0.0
810	2231.3333333333335	0.0
820	2583.6666666666665	0.0
830	2529.3333333333335	0.0
840	1858.6666666666667	0.0
850	2048.5	0.0
860	2244.8333333333335	0.0
870	1939.8333333333333	0.0
880	2400.0	0.0
890	2293.3333333333335	0.0
900	2144.6666666666665	0.0
910	2343.3333333333335	0.0
920	2011.3333333333333	0.0
930	1813.0	0.0
940	2619.3333333333335	0.0
950	2335.3333333333335	0.0
960	1811.3333333333333	0.0
970	2374.3333333333335	0.0
980	1916.6666666666667	0.0
990	2880.1666666666665	0.0
1000	2446.1666666666665	0.0
