0	265.0	0.0
10	70.0	0.0
20	70.0	0.0
30	70.0	0.0
40	70.0	0.0
50	70.0	0.0
60	70.0	0.0
70	70.0	0.0
80	70.0	0.0
90	70.0	0.0
100	70.0	0.0
110	70.0	0.0
120	70.0	0.0
130	70.0	0.0
140	70.0	0.0
150	70.0	0.0
160	70.0	0.0
170	70.0	0.0
180	70.0	0.0
190	70.66666666666667	0.0
200	71.0	0.0
210	72.0	0.0
220	72.0	0.0
230	73.0	0.0
240	113.0	0.0
250	145.0	0.0
260	248.66666666666666	0.0
270	147.33333333333334	0.0
280	148.0	0.0
290	185.33333333333334	0.0
300	147.0	0.0
310	170.66666666666666	0.0
320	147.0	0.0
330	154.66666666666666	0.0
340	148.0	0.0
350	138.0	0.0
360	212.33333333333334	0.0
370	256.6666666666667	0.0
380	274.3333333333333	0.0
390	231.0	0.0
400	154.0	0.0
410	156.33333333333334	0.0
420	159.66666666666666	0.0
430	287.0	0.0
440	486.0	0.0
450	432.0	0.0
460	630.6666666666666	0.0
470	860.0	0.0
480	941.6666666666666	0.0
490	971.6666666666666	0.0
500	973.3333333333334	0.0
510	1077.0	0.0
520	1505.3333333333333	0.0
530	1457.5	0.0
540	1459.3333333333333	0.0
550	1812.1666666666667	0.0
560	1357.0	0.0
570	1764.5	0.0
580	2320.0	0.0
590	2076.0	0.0
600	2318.3333333333335	0.0
