0	251.33333333333334	0.0
10	70.0	1000.0
20	70.0	0.0
30	71.0	0.0
40	72.0	0.0
50	72.0	0.0
60	71.33333333333333	0.0
70	182.66666666666666	0.0
80	960.3333333333334	0.0
90	1752.3333333333333	0.0
100	1441.6666666666667	0.0
110	1240.0	0.0
120	1713.0	0.0
130	1793.3333333333333	0.0
140	2085.0	0.0
150	2144.6666666666665	0.0
160	1898.1666666666667	0.0
170	2206.6666666666665	0.0
180	2182.0	0.0
190	2484.1666666666665	0.0
200	2203.6666666666665	0.0
210	2465.0	0.0
220	2479.6666666666665	0.0
230	2479.6666666666665	0.0
240	2462.8333333333335	0.0
250	2330.3333333333335	0.0
260	2513.6666666666665	0.0
270	2392.0	0.0
280	2461.6666666666665	0.0
290	2466.0	0.0
300	2208.6666666666665	0.0
310	2506.0	0.0
320	2354.1666666666665	0.0
330	2250.3333333333335	0.0
340	2538.1666666666665	0.0
350	2148.8333333333335	0.0
360	1714.3333333333333	0.0
370	1845.5	0.0
380	2091.3333333333335	0.0
390	1869.6666666666667	0.0
400	2083.3333333333335	0.0
410	2303.3333333333335	0.0
420	1888.3333333333333	0.0
430	2093.0	0.0
440	2145.3333333333335	0.0
450	1867.0	0.0
460	2232.5	0.0
470	2267.8333333333335	0.0
480	1604.3333333333333	0.0
490	1762.0	0.0
500	2207.0	0.0
510	2245.0	0.0
520	1800.6666666666667	0.0
530	1856.0	0.0
540	1974.6666666666667	0.0
550	1990.5	0.0
560	1818.6666666666667	0.0
570	2106.1666666666665	0.0
580	2382.3333333333335	0.0
590	2294.6666666666665	0.0
600	2455.3333333333335	0.0
