0	224.66666666666666	0.0
10	70.0	0.0
20	70.0	0.0
30	70.0	0.0
40	70.0	0.0
50	70.0	0.0
60	70.0	0.0
70	70.0	0.0
80	70.33333333333333	0.0
90	73.66666666666667	0.0
100	84.66666666666667	0.0
110	72.66666666666667	0.0
120	106.66666666666667	0.0
130	179.66666666666666	0.0
140	131.33333333333334	0.0
150	277.3333333333333	0.0
160	431.3333333333333	0.0
170	262.0	0.0
180	309.6666666666667	0.0
190	366.3333333333333	0.0
200	444.6666666666667	0.0
210	380.6666666666667	0.0
220	307.0	0.0
230	355.6666666666667	0.0
240	456.0	0.0
250	470.6666666666667	0.0
260	731.3333333333334	0.0
270	608.6666666666666	0.0
280	904.0	0.0
290	840.0	0.0
300	742.0	0.0
310	1338.8333333333333	0.0
320	1632.6666666666667	0.0
330	2254.3333333333335	0.0
340	2654.0	0.0
350	2201.1666666666665	0.0
360	2219.0	0.0
370	2192.6666666666665	0.0
380	2712.5	0.0
390	2597.6666666666665	0.0
400	2509.3333333333335	0.0
410	2601.3333333333335	0.0
420	1794.1666666666667	0.0
430	2203.1666666666665	0.0
440	2060.3333333333335	0.0
450	1945.5	0.0
460	2016.5	0.0
470	1875.8333333333333	0.0
480	1251.0	0.0
490	1620.6666666666667	0.0
500	1636.0	0.0
510	2207.5	0.0
520	2079.3333333333335	0.0
530	2106.3333333333335	0.0
540	2384.0	0.0
550	2084.1666666666665	0.0
560	1754.6666666666667	0.0
570	1772.1666666666667	0.0
580	2014.0	0.0
590	2155.5	0.0
600	1909.0	0.0
