0	245.66666666666666	0.0
10	70.0	0.0
20	70.0	0.0
30	70.0	0.0
40	70.0	0.0
50	70.0	0.0
60	70.0	0.0
70	70.0	0.0
80	71.66666666666667	0.0
90	73.0	0.0
100	98.33333333333333	0.0
110	163.33333333333334	0.0
120	242.0	0.0
130	85.33333333333333	0.0
140	190.0	0.0
150	96.33333333333333	0.0
160	100.66666666666667	0.0
170	419.6666666666667	0.0
180	422.6666666666667	0.0
190	176.33333333333334	0.0
200	283.3333333333333	0.0
210	493.0	0.0
220	499.6666666666667	0.0
230	511.0	0.0
240	334.3333333333333	0.0
250	361.0	0.0
260	229.66666666666666	0.0
270	338.6666666666667	0.0
280	372.6666666666667	0.0
290	493.3333333333333	0.0
300	414.3333333333333	0.0
310	456.0	0.0
320	639.0	0.0
330	803.6666666666666	0.0
340	720.3333333333334	0.0
350	780.0	0.0
360	1032.6666666666667	0.0
370	1485.8333333333333	0.0
380	1730.8333333333333	0.0
390	1630.3333333333333	0.0
400	693.3333333333334	0.0
410	1918.0	0.0
420	1943.6666666666667	0.0
430	1658.3333333333333	0.0
440	1751.3333333333333	0.0
450	1950.8333333333333	0.0
460	1492.6666666666667	0.0
470	1520.6666666666667	0.0
480	1858.0	0.0
490	1808.0	0.0
500	1709.1666666666667	0.0
510	2092.8333333333335	0.0
520	1613.8333333333333	0.0
530	1722.1666666666667	0.0
540	1667.0	0.0
550	1724.5	0.0
560	1660.5	0.0
570	1638.5	0.0
580	1874.5	0.0
590	1718.0	0.0
600	1568.5	0.0
