0	266.7111111111111	0.0
10	70.0	0.0
20	70.0	0.0
30	70.0	0.0
40	70.0	0.0
50	70.0	0.0
60	70.0	0.0
70	70.0	0.0
80	70.0	0.0
90	70.0	0.0
100	70.0	0.0
110	70.0	0.0
120	70.0	0.0
130	70.0	0.0
140	70.0	0.0
150	70.0	0.0
160	70.02222222222221	0.0
170	70.05555555555557	0.0
180	70.28888888888888	0.0
190	70.74444444444444	0.0
200	70.94444444444444	0.0
210	72.22222222222221	0.0
220	73.53333333333335	0.0
230	80.41111111111111	0.0
240	105.1888888888889	0.0
250	138.96666666666664	0.0
260	195.82222222222222	0.0
270	231.57777777777775	0.0
280	217.64444444444442	0.0
290	220.22222222222223	0.0
300	185.71111111111114	0.0
310	170.92222222222225	0.0
320	160.92222222222225	0.0
330	163.13333333333333	0.0
340	164.70000000000002	0.0
350	173.94444444444443	0.0
360	183.43333333333337	0.0
370	198.54444444444442	0.0
380	245.92222222222216	0.0
390	280.5222222222222	0.0
400	312.1333333333333	0.0
410	355.8333333333333	0.0
420	400.8111111111112	0.0
430	439.28333333333336	0.0
440	511.3999999999999	0.0
450	621.3333333333335	0.0
460	668.3055555555554	0.0
470	718.7333333333333	0.0
480	849.0444444444445	0.0
490	928.1611111111112	0.0
500	971.6222222222221	0.0
510	1076.7777777777776	0.0
520	1173.0055555555557	0.0
530	1257.244444444445	0.0
540	1319.0944444444442	0.0
550	1375.3333333333335	0.0
560	1469.7055555555557	0.0
570	1510.4777777777776	0.0
580	1571.061111111111	0.0
590	1587.2333333333333	0.0
600	1706.4777777777779	0.0
