0	233.66666666666666	0.0
10	70.0	1000.0
20	70.0	0.0
30	70.0	0.0
40	70.0	0.0
50	78.33333333333333	0.0
60	153.33333333333334	0.0
70	308.6666666666667	0.0
80	594.3333333333334	0.0
90	199.0	0.0
100	128.33333333333334	0.0
110	504.0	0.0
120	575.6666666666666	0.0
130	129.0	0.0
140	142.66666666666666	0.0
150	320.6666666666667	0.0
160	280.3333333333333	0.0
170	489.0	0.0
180	454.0	0.0
190	355.0	0.0
200	493.3333333333333	0.0
210	558.0	0.0
220	608.6666666666666	0.0
230	764.0	0.0
240	819.3333333333334	0.0
250	1184.6666666666667	0.0
260	1169.6666666666667	0.0
270	1122.1666666666667	0.0
280	1433.3333333333333	0.0
290	1240.5	0.0
300	1190.0	0.0
310	1597.0	0.0
320	1715.5	0.0
330	1677.5	0.0
340	2467.0	0.0
350	1811.5	0.0
360	1494.3333333333333	0.0
370	1256.0	0.0
380	1013.3333333333334	0.0
390	2339.6666666666665	0.0
400	1945.8333333333333	0.0
410	1865.6666666666667	0.0
420	1668.6666666666667	0.0
430	2026.5	0.0
440	1716.0	0.0
450	1823.0	0.0
460	1712.0	0.0
470	1406.5	0.0
480	1517.0	0.0
490	1854.1666666666667	0.0
500	2091.3333333333335	0.0
510	2082.1666666666665	0.0
520	2010.1666666666667	0.0
530	2291.0	0.0
540	1943.5	0.0
550	2396.0	0.0
560	2186.1666666666665	0.0
570	2156.3333333333335	0.0
580	2088.0	0.0
590	2260.6666666666665	0.0
600	2000.3333333333333	0.0
610	2573.6666666666665	0.0
620	2757.8333333333335	0.0
630	2628.0	0.0
640	2333.5	0.0
650	2624.5	0.0
660	2141.3333333333335	0.0
670	2313.6666666666665	0.0
680	2401.3333333333335	0.0
690	2511.0	0.0
700	2293.6666666666665	0.0
710	2262.6666666666665	0.0
720	2262.6666666666665	0.0
730	2368.3333333333335	0.0
740	2492.0	0.0
750	2340.6666666666665	0.0
760	2220.8333333333335	0.0
770	2314.0	0.0
780	2312.6666666666665	0.0
790	2396.5	0.0
800	2220.6666666666665	0.0
810	2278.6666666666665	0.0
820	2598.8333333333335	0.0
830	2579.3333333333335	0.0
840	2359.3333333333335	0.0
850	2443.8333333333335	0.0
860	1792.8333333333333	0.0
870	1741.0	0.0
880	1822.5	0.0
890	1807.6666666666667	0.0
900	1890.0	0.0
910	1654.3333333333333	0.0
920	1962.5	0.0
930	1918.5	0.0
940	1864.0	0.0
950	2318.0	0.0
960	2145.3333333333335	0.0
970	2331.5	0.0
980	2325.3333333333335	0.0
990	2192.0	0.0
1000	2008.0	0.0
