0	245.33333333333334	0.0
10	70.0	0.0
20	70.0	0.0
30	70.0	0.0
40	70.0	0.0
50	70.0	0.0
60	70.0	0.0
70	70.0	0.0
80	70.0	0.0
90	76.33333333333333	0.0
100	81.0	0.0
110	98.33333333333333	0.0
120	95.0	0.0
130	98.33333333333333	0.0
140	329.0	0.0
150	141.33333333333334	0.0
160	224.33333333333334	0.0
170	427.3333333333333	0.0
180	336.6666666666667	32.0
190	121.66666666666667	0.0
200	283.3333333333333	13.0
210	292.3333333333333	0.0
220	154.66666666666666	1.0
230	464.0	0.0
240	284.6666666666667	9.0
250	350.3333333333333	27.0
260	423.3333333333333	0.0
270	470.0	26.0
280	776.6666666666666	66.0
290	1147.0	97.0
300	2001.8333333333333	67.0
310	2395.6666666666665	53.0
320	1682.0	150.0
330	2679.0	94.0
340	2561.5	181.0
350	2578.0	184.0
360	1912.5	0.0
370	2438.3333333333335	0.0
380	2370.5	0.0
390	2379.3333333333335	0.0
400	2275.6666666666665	0.0
410	2261.6666666666665	0.0
420	2574.1666666666665	0.0
430	2307.3333333333335	0.0
440	2708.6666666666665	0.0
450	2255.6666666666665	0.0
460	2466.6666666666665	0.0
470	2299.6666666666665	0.0
480	2390.0	0.0
490	2271.8333333333335	0.0
500	2567.1666666666665	0.0
510	2315.5	0.0
520	2436.0	0.0
530	1667.6666666666667	0.0
540	2539.6666666666665	0.0
550	2181.0	0.0
560	2266.5	0.0
570	1589.1666666666667	0.0
580	2625.0	0.0
590	1897.1666666666667	0.0
600	1813.8333333333333	0.0
