0	287.3333333333333	0.0
10	70.0	0.0
20	70.0	0.0
30	70.0	0.0
40	70.0	0.0
50	70.0	0.0
60	70.0	0.0
70	70.0	0.0
80	70.66666666666667	0.0
90	70.66666666666667	0.0
100	75.33333333333333	0.0
110	78.66666666666667	0.0
120	142.66666666666666	0.0
130	259.6666666666667	0.0
140	235.0	5.0
150	140.0	13.0
160	564.3333333333334	7.0
170	135.66666666666666	8.0
180	309.3333333333333	15.0
190	174.66666666666666	35.0
200	561.3333333333334	0.0
210	644.3333333333334	29.0
220	1128.6666666666667	23.0
230	2035.5	2.0
240	2026.0	15.0
250	2429.1666666666665	13.0
260	1927.0	8.0
270	2384.0	1.0
280	2337.6666666666665	30.0
290	2429.1666666666665	126.0
300	2312.5	35.0
310	2329.3333333333335	20.0
320	2096.3333333333335	9.0
330	2340.3333333333335	64.0
340	2406.0	1.0
350	2360.5	0.0
360	2583.6666666666665	12.0
370	2496.0	35.0
380	2348.5	60.0
390	2661.6666666666665	50.0
400	2367.3333333333335	85.0
410	2542.6666666666665	26.0
420	2291.0	55.0
430	2413.0	11.0
440	2412.6666666666665	36.0
450	2436.6666666666665	32.0
460	1665.0	30.0
470	2301.8333333333335	17.0
480	2015.8333333333333	9.0
490	2021.0	3.0
500	1813.3333333333333	77.0
510	1938.5	3.0
520	1251.3333333333333	0.0
530	2032.5	0.0
540	1955.5	0.0
550	1740.5	0.0
560	1404.6666666666667	0.0
570	1965.6666666666667	0.0
580	1627.5	0.0
590	2185.1666666666665	0.0
600	2047.3333333333333	0.0
610	1463.6666666666667	0.0
620	2032.0	0.0
630	1906.8333333333333	0.0
640	1947.8333333333333	0.0
650	1549.1666666666667	0.0
660	1775.6666666666667	0.0
670	2427.6666666666665	0.0
680	2030.0	0.0
690	2012.0	0.0
700	1768.0	0.0
710	2291.6666666666665	0.0
720	1613.0	0.0
730	1717.3333333333333	0.0
740	2054.8333333333335	0.0
750	2246.6666666666665	0.0
760	2257.3333333333335	0.0
770	2150.0	0.0
780	2496.3333333333335	0.0
790	2498.0	0.0
800	2348.5	0.0
810	2522.1666666666665	0.0
820	2628.6666666666665	0.0
830	2253.1666666666665	0.0
840	1780.0	0.0
850	1681.0	0.0
860	2378.6666666666665	0.0
870	1982.0	0.0
880	2525.3333333333335	0.0
890	2497.5	0.0
900	2565.6666666666665	0.0
910	2442.6666666666665	0.0
920	2480.8333333333335	0.0
930	2312.6666666666665	0.0
940	2366.0	0.0
950	2304.0	0.0
960	2355.3333333333335	0.0
970	2600.8333333333335	0.0
980	2225.3333333333335	0.0
990	1683.6666666666667	0.0
1000	1770.0	0.0
