0	241.33333333333334	0.0
10	84.0	1444.0
20	82.0	0.0
30	73.33333333333333	0.0
40	70.33333333333333	0.0
50	70.0	0.0
60	70.0	0.0
70	70.0	0.0
80	70.0	0.0
90	70.0	0.0
100	70.0	0.0
110	70.0	0.0
120	70.0	0.0
130	70.0	0.0
140	70.0	0.0
150	77.0	0.0
160	71.33333333333333	0.0
170	71.33333333333333	0.0
180	179.0	0.0
190	255.0	0.0
200	401.3333333333333	0.0
210	179.66666666666666	0.0
220	925.0	0.0
230	1593.0	0.0
240	950.6666666666666	0.0
250	966.0	0.0
260	985.0	0.0
270	1025.3333333333333	0.0
280	1059.3333333333333	0.0
290	1148.0	0.0
300	1562.3333333333333	0.0
310	1943.0	0.0
320	1199.3333333333333	0.0
330	1071.0	0.0
340	1343.6666666666667	0.0
350	2006.3333333333333	0.0
360	2127.0	0.0
370	2352.6666666666665	0.0
380	1448.6666666666667	0.0
390	2373.5	0.0
400	2061.6666666666665	0.0
410	2027.3333333333333	0.0
420	2253.0	0.0
430	1851.3333333333333	0.0
440	2135.1666666666665	0.0
450	2195.1666666666665	0.0
460	2221.8333333333335	0.0
470	2397.6666666666665	0.0
480	2416.1666666666665	0.0
490	2200.3333333333335	0.0
500	2366.6666666666665	0.0
510	2077.0	0.0
520	2382.1666666666665	0.0
530	2461.6666666666665	0.0
540	2363.6666666666665	0.0
550	2653.5	0.0
560	2461.5	0.0
570	2513.5	0.0
580	2427.5	0.0
590	2446.3333333333335	0.0
600	2642.8333333333335	0.0
610	2718.3333333333335	0.0
620	2432.1666666666665	0.0
630	2683.0	0.0
640	2526.5	0.0
650	2712.6666666666665	0.0
660	2480.3333333333335	0.0
670	2307.3333333333335	0.0
680	2769.5	0.0
690	2534.6666666666665	0.0
700	2720.6666666666665	0.0
710	2401.8333333333335	0.0
720	2618.1666666666665	0.0
730	2568.1666666666665	0.0
740	2676.3333333333335	0.0
750	2584.5	0.0
760	2594.6666666666665	0.0
770	2884.0	0.0
780	2398.3333333333335	0.0
790	2441.0	0.0
800	2506.3333333333335	0.0
