0	277.6666666666667	0.0
10	255.33333333333334	1234.0
20	137.66666666666666	0.0
30	228.33333333333334	0.0
40	390.3333333333333	0.0
50	460.6666666666667	0.0
60	342.0	0.0
70	570.3333333333334	0.0
80	658.0	0.0
90	799.0	0.0
100	144.66666666666666	0.0
110	290.0	0.0
120	305.3333333333333	0.0
130	863.0	0.0
140	964.3333333333334	0.0
150	1209.0	0.0
160	1833.6666666666667	0.0
170	1268.6666666666667	0.0
180	1775.6666666666667	0.0
190	2106.0	0.0
200	2026.5	0.0
210	2062.6666666666665	0.0
220	2121.0	0.0
230	2301.6666666666665	0.0
240	2182.0	0.0
250	2196.5	0.0
260	2136.1666666666665	0.0
270	1937.6666666666667	0.0
280	2747.8333333333335	0.0
290	2335.5	0.0
300	2286.0	0.0
310	2383.0	0.0
320	2020.0	0.0
330	2496.8333333333335	0.0
340	2464.3333333333335	0.0
350	2082.0	0.0
360	2528.6666666666665	0.0
370	2489.3333333333335	0.0
380	2525.0	0.0
390	2668.8333333333335	0.0
400	2426.6666666666665	0.0
410	2350.3333333333335	0.0
420	2620.3333333333335	0.0
430	2722.0	0.0
440	2176.0	0.0
450	2648.1666666666665	0.0
460	2628.8333333333335	0.0
470	2404.0	0.0
480	2634.6666666666665	0.0
490	2777.0	0.0
500	2682.6666666666665	0.0
510	2763.6666666666665	0.0
520	2360.6666666666665	0.0
530	2647.3333333333335	0.0
540	2577.1666666666665	0.0
550	2362.8333333333335	0.0
560	2771.0	0.0
570	2739.0	0.0
580	2625.6666666666665	0.0
590	2749.0	0.0
600	2532.1666666666665	0.0
610	2450.3333333333335	0.0
620	2923.3333333333335	0.0
630	2938.0	0.0
640	2073.5	0.0
650	1734.0	0.0
660	2322.3333333333335	0.0
670	1826.1666666666667	0.0
680	1873.1666666666667	0.0
690	2617.3333333333335	0.0
700	2922.8333333333335	0.0
710	2741.0	0.0
720	2532.6666666666665	0.0
730	2557.6666666666665	0.0
740	2847.1666666666665	0.0
750	2250.3333333333335	0.0
760	2063.5	0.0
770	2874.0	0.0
780	2111.8333333333335	0.0
790	2685.5	0.0
800	2782.3333333333335	0.0
