0	282.3333333333333	0.0
10	97.33333333333333	1351.0
20	94.66666666666667	0.0
30	82.66666666666667	0.0
40	70.66666666666667	0.0
50	70.0	0.0
60	70.0	0.0
70	70.0	0.0
80	70.0	0.0
90	70.0	0.0
100	70.0	0.0
110	70.0	0.0
120	70.0	0.0
130	70.0	0.0
140	70.0	0.0
150	70.0	0.0
160	71.33333333333333	0.0
170	86.33333333333333	0.0
180	130.0	0.0
190	139.66666666666666	0.0
200	391.3333333333333	0.0
210	365.6666666666667	0.0
220	151.0	0.0
230	169.0	0.0
240	161.66666666666666	0.0
250	138.0	0.0
260	146.0	0.0
270	153.0	0.0
280	162.0	0.0
290	199.0	0.0
300	473.0	0.0
310	673.6666666666666	0.0
320	1152.0	0.0
330	1012.3333333333334	0.0
340	1182.3333333333333	0.0
350	1127.1666666666667	0.0
360	1347.6666666666667	0.0
370	1446.6666666666667	0.0
380	1758.6666666666667	0.0
390	1893.6666666666667	0.0
400	1620.6666666666667	0.0
410	1839.0	0.0
420	2090.3333333333335	0.0
430	1862.3333333333333	0.0
440	2196.0	0.0
450	2142.0	0.0
460	2422.3333333333335	0.0
470	1947.6666666666667	0.0
480	1903.6666666666667	0.0
490	2139.6666666666665	0.0
500	2329.6666666666665	0.0
510	2216.6666666666665	0.0
520	2354.0	0.0
530	2312.6666666666665	0.0
540	2419.6666666666665	0.0
550	2423.8333333333335	0.0
560	2510.8333333333335	0.0
570	2382.3333333333335	0.0
580	2506.0	0.0
590	2527.0	0.0
600	2738.8333333333335	0.0
610	2552.5	0.0
620	2799.1666666666665	0.0
630	2817.6666666666665	0.0
640	2627.8333333333335	0.0
650	2592.6666666666665	0.0
660	2604.0	0.0
670	2624.1666666666665	0.0
680	2806.5	0.0
690	2478.6666666666665	0.0
700	2626.1666666666665	0.0
710	2724.3333333333335	0.0
720	2736.1666666666665	0.0
730	2444.3333333333335	0.0
740	2722.3333333333335	0.0
750	2363.0	0.0
760	2434.0	0.0
770	2828.8333333333335	0.0
780	2618.3333333333335	0.0
790	2532.8333333333335	0.0
800	2634.3333333333335	0.0
