0	221.0	0.0
10	164.33333333333334	1262.0
20	710.0	0.0
30	792.6666666666666	0.0
40	411.6666666666667	0.0
50	946.3333333333334	0.0
60	143.33333333333334	0.0
70	291.3333333333333	0.0
80	227.33333333333334	0.0
90	1052.3333333333333	0.0
100	609.6666666666666	0.0
110	447.3333333333333	0.0
120	1131.0	0.0
130	1005.6666666666666	0.0
140	1165.0	0.0
150	884.3333333333334	0.0
160	1852.0	0.0
170	1940.3333333333333	0.0
180	2077.6666666666665	0.0
190	2385.1666666666665	0.0
200	2192.6666666666665	0.0
210	2308.6666666666665	0.0
220	2264.6666666666665	0.0
230	2176.8333333333335	0.0
240	2315.6666666666665	0.0
250	2276.6666666666665	0.0
260	2324.6666666666665	0.0
270	2265.5	0.0
280	2084.3333333333335	0.0
290	2423.8333333333335	0.0
300	2177.3333333333335	0.0
310	2198.0	0.0
320	2112.6666666666665	0.0
330	2194.3333333333335	0.0
340	2220.5	0.0
350	2541.1666666666665	0.0
360	2410.0	0.0
370	2314.8333333333335	0.0
380	2522.3333333333335	0.0
390	2236.6666666666665	0.0
400	2455.6666666666665	0.0
410	2441.6666666666665	0.0
420	2422.5	0.0
430	2640.0	0.0
440	2692.3333333333335	0.0
450	2503.1666666666665	0.0
460	2887.8333333333335	0.0
470	2611.3333333333335	0.0
480	2444.3333333333335	0.0
490	2790.0	0.0
500	2243.0	0.0
510	2627.5	0.0
520	2719.0	0.0
530	2595.0	0.0
540	2554.3333333333335	0.0
550	2750.3333333333335	0.0
560	2411.5	0.0
570	2775.5	0.0
580	2934.8333333333335	0.0
590	2728.3333333333335	0.0
600	2599.6666666666665	0.0
610	2737.5	0.0
620	2624.6666666666665	0.0
630	2992.8333333333335	0.0
640	2978.1666666666665	0.0
650	2620.0	0.0
660	2960.3333333333335	0.0
670	2818.6666666666665	0.0
680	2711.1666666666665	0.0
690	2779.0	0.0
700	2512.1666666666665	0.0
710	2900.0	0.0
720	2694.0	0.0
730	2256.0	0.0
740	2559.5	0.0
750	2795.6666666666665	0.0
760	2675.1666666666665	0.0
770	2731.3333333333335	0.0
780	2706.1666666666665	0.0
790	2510.3333333333335	0.0
800	2428.6666666666665	0.0
