0	286.6666666666667
10	1999.6666666666667
20	1948.6666666666667
30	1840.1666666666667
40	2036.3333333333333
50	2136.3333333333335
60	1973.0
70	2148.1666666666665
80	2067.5
90	2107.0
100	2104.3333333333335
110	2142.6666666666665
120	2117.6666666666665
130	2170.0
140	2179.1666666666665
150	2186.5
160	2195.8333333333335
170	2080.6666666666665
180	2277.6666666666665
190	2128.1666666666665
200	2100.6666666666665
210	2382.3333333333335
220	2364.0
230	2031.3333333333333
240	2379.6666666666665
250	2309.1666666666665
260	2306.1666666666665
270	2271.3333333333335
280	2422.8333333333335
290	2290.5
300	2406.3333333333335
310	2418.5
320	2265.8333333333335
330	2294.0
340	2174.6666666666665
350	2337.5
360	2326.0
370	2503.6666666666665
380	2299.8333333333335
390	2217.5
400	2543.5
410	2436.6666666666665
420	2345.3333333333335
430	2486.0
440	2324.8333333333335
450	2280.5
460	2517.8333333333335
470	2344.0
480	2437.8333333333335
490	2372.6666666666665
500	2692.3333333333335
