0	247.33333333333334
10	2157.0
20	2185.0
30	2131.6666666666665
40	2170.5
50	2175.8333333333335
60	2007.5
70	2034.3333333333333
80	2062.5
90	2175.6666666666665
100	2094.1666666666665
110	1858.0
120	2320.3333333333335
130	1945.5
140	2190.5
150	2268.6666666666665
160	2023.0
170	1987.1666666666667
180	2193.0
190	2364.5
200	2240.8333333333335
210	2342.3333333333335
220	2208.3333333333335
230	2351.3333333333335
240	2340.3333333333335
250	2131.0
260	2372.1666666666665
270	2132.6666666666665
280	2400.8333333333335
290	2352.6666666666665
300	2464.0
310	2257.8333333333335
320	2399.3333333333335
330	2350.1666666666665
340	2494.1666666666665
350	2557.8333333333335
360	2493.6666666666665
370	2321.5
380	2332.0
390	2213.0
400	2474.8333333333335
410	2629.6666666666665
420	2588.5
430	2452.6666666666665
440	2686.0
450	2577.3333333333335
460	2334.3333333333335
470	2771.5
480	2701.0
490	2438.1666666666665
500	2590.0
