0	263.6666666666667	0.0
10	70.33333333333333	989.0
20	70.0	11.0
30	70.0	0.0
40	70.0	0.0
50	70.0	0.0
60	70.0	0.0
70	70.0	0.0
80	70.0	0.0
90	70.0	0.0
100	70.0	0.0
110	70.0	0.0
120	70.0	0.0
130	70.0	0.0
140	70.0	0.0
150	70.0	0.0
160	70.0	0.0
170	70.0	0.0
180	70.33333333333333	0.0
190	71.0	0.0
200	77.66666666666667	0.0
210	72.0	0.0
220	77.33333333333333	0.0
230	144.66666666666666	0.0
240	173.0	0.0
250	251.66666666666666	0.0
260	267.0	0.0
270	334.0	0.0
280	220.33333333333334	0.0
290	163.0	0.0
300	187.33333333333334	0.0
310	148.66666666666666	0.0
320	166.0	0.0
330	138.0	0.0
340	287.3333333333333	0.0
350	237.66666666666666	0.0
360	542.6666666666666	0.0
370	522.0	0.0
380	536.0	0.0
390	970.3333333333334	0.0
400	966.6666666666666	0.0
410	968.0	0.0
420	1803.3333333333333	0.0
430	1768.3333333333333	0.0
440	1460.0	0.0
450	1761.8333333333333	0.0
460	1551.3333333333333	0.0
470	2338.0	0.0
480	2030.8333333333333	0.0
490	1794.0	0.0
500	2276.6666666666665	0.0
510	1874.3333333333333	0.0
520	2398.5	0.0
530	2139.6666666666665	0.0
540	2353.6666666666665	0.0
550	2230.3333333333335	0.0
560	2428.3333333333335	0.0
570	2388.5	0.0
580	2522.5	0.0
590	2345.0	0.0
600	2361.0	0.0
610	2264.8333333333335	0.0
620	2428.3333333333335	0.0
630	2663.0	0.0
640	2386.8333333333335	0.0
650	2814.1666666666665	0.0
660	2304.0	0.0
670	2351.0	0.0
680	2474.0	0.0
690	2634.3333333333335	0.0
700	2544.3333333333335	0.0
710	2617.0	0.0
720	2577.0	0.0
730	2816.6666666666665	0.0
740	2364.6666666666665	0.0
750	2358.8333333333335	0.0
760	2715.6666666666665	0.0
770	2428.5	0.0
780	2442.5	0.0
790	2593.3333333333335	0.0
800	2594.6666666666665	0.0
810	2793.0	0.0
820	2573.6666666666665	0.0
830	2536.1666666666665	0.0
840	2188.3333333333335	0.0
850	2604.1666666666665	0.0
860	2555.1666666666665	0.0
870	2726.0	0.0
880	2540.3333333333335	0.0
890	2530.8333333333335	0.0
900	2402.6666666666665	0.0
910	2531.3333333333335	0.0
920	2603.6666666666665	0.0
930	2633.6666666666665	0.0
940	2028.1666666666667	0.0
950	2327.0	0.0
960	1965.3333333333333	0.0
970	2457.6666666666665	0.0
980	2601.0	0.0
990	2513.3333333333335	0.0
1000	2019.3333333333333	0.0
