0	230.66666666666666	0.0
10	70.0	1000.0
20	70.0	0.0
30	70.0	0.0
40	70.0	0.0
50	70.0	0.0
60	70.0	0.0
70	70.0	0.0
80	70.0	0.0
90	70.0	0.0
100	70.0	0.0
110	70.0	0.0
120	70.0	0.0
130	70.0	0.0
140	70.0	0.0
150	70.0	0.0
160	70.0	0.0
170	70.0	0.0
180	70.0	0.0
190	70.33333333333333	0.0
200	72.33333333333333	0.0
210	70.0	0.0
220	71.33333333333333	0.0
230	71.33333333333333	0.0
240	140.66666666666666	0.0
250	402.6666666666667	0.0
260	256.3333333333333	0.0
270	114.33333333333333	0.0
280	280.0	0.0
290	148.0	0.0
300	130.0	0.0
310	130.33333333333334	0.0
320	139.0	0.0
330	130.0	0.0
340	163.33333333333334	0.0
350	352.3333333333333	0.0
360	351.6666666666667	0.0
370	561.6666666666666	0.0
380	671.6666666666666	0.0
390	815.0	0.0
400	1216.8333333333333	0.0
410	1300.6666666666667	0.0
420	1385.3333333333333	0.0
430	1879.3333333333333	0.0
440	1443.6666666666667	0.0
450	1753.3333333333333	0.0
460	1954.8333333333333	0.0
470	1586.0	0.0
480	1789.6666666666667	0.0
490	1517.0	0.0
500	2182.0	0.0
510	1607.0	0.0
520	2102.8333333333335	0.0
530	1977.3333333333333	0.0
540	2396.0	0.0
550	2242.3333333333335	0.0
560	2298.6666666666665	0.0
570	2281.0	0.0
580	2363.0	0.0
590	2115.3333333333335	0.0
600	2089.6666666666665	0.0
610	2296.0	0.0
620	2448.8333333333335	0.0
630	2687.3333333333335	0.0
640	2305.0	0.0
650	2713.1666666666665	0.0
660	2337.6666666666665	0.0
670	2487.3333333333335	0.0
680	2550.8333333333335	0.0
690	2765.6666666666665	0.0
700	2518.3333333333335	0.0
710	2721.3333333333335	0.0
720	2598.0	0.0
730	2514.6666666666665	0.0
740	2576.6666666666665	0.0
750	2567.6666666666665	0.0
760	2614.1666666666665	0.0
770	2680.3333333333335	0.0
780	2815.0	0.0
790	2576.6666666666665	0.0
800	2546.3333333333335	0.0
810	2758.0	0.0
820	2752.1666666666665	0.0
830	2315.6666666666665	0.0
840	2540.8333333333335	0.0
850	2738.0	0.0
860	2796.8333333333335	0.0
870	2729.3333333333335	0.0
880	2736.0	0.0
890	2919.0	0.0
900	2371.0	0.0
910	2220.3333333333335	0.0
920	2438.8333333333335	0.0
930	2639.0	0.0
940	2609.0	0.0
950	2722.3333333333335	0.0
960	2501.0	0.0
970	2543.1666666666665	0.0
980	2642.8333333333335	0.0
990	2170.3333333333335	0.0
1000	2606.0	0.0
