0	248.66666666666666	0.0
10	70.0	748.0
20	70.0	252.0
30	70.0	0.0
40	70.0	0.0
50	70.0	0.0
60	70.0	0.0
70	70.0	0.0
80	70.0	0.0
90	70.0	0.0
100	70.0	0.0
110	70.0	0.0
120	70.0	0.0
130	70.0	0.0
140	70.0	0.0
150	70.0	0.0
160	70.0	0.0
170	70.0	0.0
180	70.0	0.0
190	70.33333333333333	0.0
200	70.0	0.0
210	72.33333333333333	0.0
220	73.33333333333333	0.0
230	73.66666666666667	0.0
240	123.33333333333333	0.0
250	157.0	0.0
260	186.66666666666666	0.0
270	162.33333333333334	0.0
280	162.33333333333334	0.0
290	156.0	0.0
300	138.33333333333334	0.0
310	130.0	0.0
320	146.0	0.0
330	130.0	0.0
340	155.66666666666666	0.0
350	179.0	0.0
360	138.0	0.0
370	202.0	0.0
380	154.33333333333334	0.0
390	146.0	0.0
400	179.0	0.0
410	131.66666666666666	0.0
420	147.0	0.0
430	269.0	0.0
440	235.33333333333334	0.0
450	399.6666666666667	0.0
460	560.0	0.0
470	496.6666666666667	0.0
480	559.0	0.0
490	764.0	0.0
500	675.0	0.0
510	1154.6666666666667	0.0
520	1081.6666666666667	0.0
530	1222.0	0.0
540	1963.3333333333333	0.0
550	2105.6666666666665	0.0
560	1569.0	0.0
570	1955.6666666666667	0.0
580	2017.3333333333333	0.0
590	2384.6666666666665	0.0
600	2524.1666666666665	0.0
610	2325.3333333333335	0.0
620	2092.1666666666665	0.0
630	2151.6666666666665	0.0
640	2072.0	0.0
650	2229.0	0.0
660	2328.0	0.0
670	2330.5	0.0
680	2321.0	0.0
690	2375.6666666666665	0.0
700	2456.0	0.0
710	2507.0	0.0
720	2274.0	0.0
730	2401.8333333333335	0.0
740	2456.0	0.0
750	2487.3333333333335	0.0
760	2379.0	0.0
770	2628.3333333333335	0.0
780	2665.6666666666665	0.0
790	2727.3333333333335	0.0
800	2624.0	0.0
810	2474.8333333333335	0.0
820	2530.1666666666665	0.0
830	2607.0	0.0
840	2646.6666666666665	0.0
850	2604.1666666666665	0.0
860	2576.3333333333335	0.0
870	2663.1666666666665	0.0
880	2555.0	0.0
890	2654.3333333333335	0.0
900	2578.0	0.0
910	2688.0	0.0
920	2637.6666666666665	0.0
930	2642.1666666666665	0.0
940	2686.5	0.0
950	2808.8333333333335	0.0
960	2710.3333333333335	0.0
970	2641.0	0.0
980	2509.5	0.0
990	2452.6666666666665	0.0
1000	2594.0	0.0
