0	252.33333333333334	0.0
10	70.0	0.0
20	70.0	0.0
30	70.0	0.0
40	70.0	0.0
50	70.0	0.0
60	70.0	0.0
70	70.0	0.0
80	70.33333333333333	0.0
90	76.0	0.0
100	80.0	0.0
110	97.0	0.0
120	124.0	0.0
130	390.0	0.0
140	303.0	0.0
150	385.3333333333333	0.0
160	461.6666666666667	0.0
170	171.66666666666666	0.0
180	345.6666666666667	0.0
190	282.0	0.0
200	152.66666666666666	0.0
210	239.33333333333334	0.0
220	166.33333333333334	0.0
230	223.0	0.0
240	234.0	0.0
250	355.6666666666667	0.0
260	333.6666666666667	0.0
270	436.0	0.0
280	318.0	0.0
290	387.3333333333333	0.0
300	397.3333333333333	0.0
310	487.3333333333333	0.0
320	483.6666666666667	0.0
330	409.0	0.0
340	464.6666666666667	0.0
350	547.0	0.0
360	700.3333333333334	0.0
370	638.0	0.0
380	1396.6666666666667	0.0
390	1849.3333333333333	0.0
400	1592.0	0.0
410	1803.6666666666667	0.0
420	1342.0	0.0
430	1958.1666666666667	0.0
440	1963.5	0.0
450	1711.5	0.0
460	1710.6666666666667	0.0
470	1970.5	0.0
480	1710.0	0.0
490	1645.0	0.0
500	1443.0	0.0
510	1523.1666666666667	0.0
520	1675.0	0.0
530	1409.3333333333333	0.0
540	1617.0	0.0
550	1785.0	0.0
560	1494.1666666666667	0.0
570	1640.1666666666667	0.0
580	1590.0	0.0
590	1759.8333333333333	0.0
600	1613.0	0.0
610	1871.0	0.0
620	1602.0	0.0
630	1519.3333333333333	0.0
640	1895.0	0.0
650	2033.6666666666667	0.0
660	1761.5	0.0
670	1931.8333333333333	0.0
680	2285.0	0.0
690	2331.1666666666665	0.0
700	2198.6666666666665	0.0
710	2256.0	0.0
720	2435.6666666666665	0.0
730	2611.1666666666665	0.0
740	2397.5	0.0
750	2581.3333333333335	0.0
760	2378.6666666666665	0.0
770	2150.3333333333335	0.0
780	2453.0	0.0
790	2501.3333333333335	0.0
800	2196.6666666666665	0.0
810	2074.1666666666665	0.0
820	1994.1666666666667	0.0
830	2058.1666666666665	0.0
840	2037.8333333333333	0.0
850	1868.8333333333333	0.0
860	2055.0	0.0
870	2130.0	0.0
880	2321.1666666666665	0.0
890	1938.0	0.0
900	2465.3333333333335	0.0
910	2564.8333333333335	0.0
920	2535.0	0.0
930	2685.6666666666665	0.0
940	2320.0	0.0
950	2348.5	0.0
960	2517.1666666666665	0.0
970	2329.5	0.0
980	1944.6666666666667	0.0
990	1515.3333333333333	0.0
1000	1743.6666666666667	0.0
