0	234.0	0.0
10	70.0	0.0
20	70.0	0.0
30	70.0	0.0
40	70.0	0.0
50	70.0	0.0
60	70.0	0.0
70	70.0	0.0
80	70.66666666666667	0.0
90	73.66666666666667	0.0
100	80.66666666666667	0.0
110	83.0	0.0
120	110.0	0.0
130	111.33333333333333	0.0
140	278.6666666666667	0.0
150	342.3333333333333	0.0
160	341.6666666666667	0.0
170	293.6666666666667	0.0
180	161.33333333333334	0.0
190	340.3333333333333	0.0
200	391.6666666666667	0.0
210	351.3333333333333	0.0
220	393.3333333333333	0.0
230	370.3333333333333	0.0
240	486.3333333333333	0.0
250	204.66666666666666	0.0
260	311.0	0.0
270	414.0	0.0
280	391.0	0.0
290	347.0	0.0
300	313.6666666666667	0.0
310	594.3333333333334	0.0
320	494.6666666666667	0.0
330	642.3333333333334	0.0
340	503.6666666666667	0.0
350	1056.3333333333333	0.0
360	911.8333333333334	0.0
370	871.6666666666666	0.0
380	930.0	0.0
390	1379.0	0.0
400	2101.3333333333335	0.0
410	1830.1666666666667	0.0
420	1739.6666666666667	0.0
430	1647.3333333333333	0.0
440	1634.6666666666667	0.0
450	1856.3333333333333	0.0
460	2149.3333333333335	0.0
470	1802.3333333333333	0.0
480	1966.3333333333333	0.0
490	1851.6666666666667	0.0
500	1473.6666666666667	0.0
510	2526.0	0.0
520	2373.0	0.0
530	2078.6666666666665	0.0
540	2115.3333333333335	0.0
550	2435.3333333333335	0.0
560	2155.3333333333335	0.0
570	1915.6666666666667	0.0
580	1870.3333333333333	0.0
590	2159.8333333333335	0.0
600	2111.0	0.0
610	2583.5	0.0
620	1612.0	0.0
630	2179.5	0.0
640	2345.3333333333335	0.0
650	2004.0	0.0
660	1873.0	0.0
670	1705.3333333333333	0.0
680	2230.1666666666665	0.0
690	2148.6666666666665	0.0
700	1862.3333333333333	0.0
710	2216.6666666666665	0.0
720	2261.6666666666665	0.0
730	1614.6666666666667	0.0
740	1924.0	0.0
750	1467.3333333333333	0.0
760	1480.5	0.0
770	1972.8333333333333	0.0
780	1856.0	0.0
790	2066.8333333333335	0.0
800	1471.1666666666667	0.0
810	1364.3333333333333	0.0
820	1742.3333333333333	0.0
830	1854.5	0.0
840	1972.1666666666667	0.0
850	2292.3333333333335	0.0
860	2288.3333333333335	0.0
870	2494.3333333333335	0.0
880	2374.3333333333335	0.0
890	2233.6666666666665	0.0
900	2379.6666666666665	0.0
910	2569.5	0.0
920	2523.6666666666665	0.0
930	1665.3333333333333	0.0
940	2451.6666666666665	0.0
950	2424.3333333333335	0.0
960	2398.5	0.0
970	2252.1666666666665	0.0
980	1672.6666666666667	0.0
990	1484.0	0.0
1000	2534.0	0.0
