0	267.3333333333333	0.0
10	70.0	0.0
20	70.0	0.0
30	70.0	0.0
40	70.0	0.0
50	70.0	0.0
60	70.0	0.0
70	70.0	0.0
80	70.0	0.0
90	71.33333333333333	0.0
100	85.33333333333333	0.0
110	111.66666666666667	0.0
120	175.66666666666666	0.0
130	294.0	0.0
140	97.66666666666667	0.0
150	389.3333333333333	0.0
160	81.0	0.0
170	369.0	0.0
180	342.6666666666667	0.0
190	428.3333333333333	0.0
200	396.3333333333333	0.0
210	209.33333333333334	0.0
220	327.0	0.0
230	316.3333333333333	0.0
240	264.3333333333333	0.0
250	245.66666666666666	0.0
260	263.3333333333333	0.0
270	290.0	0.0
280	273.0	0.0
290	388.0	0.0
300	316.6666666666667	0.0
310	536.0	0.0
320	409.0	0.0
330	609.6666666666666	0.0
340	663.3333333333334	0.0
350	644.0	0.0
360	814.0	0.0
370	933.5	0.0
380	1256.0	0.0
390	1015.6666666666666	0.0
400	1838.3333333333333	0.0
410	1304.6666666666667	0.0
420	2364.0	0.0
430	2188.3333333333335	0.0
440	2081.6666666666665	0.0
450	1849.6666666666667	0.0
460	1694.0	0.0
470	2594.8333333333335	0.0
480	2527.3333333333335	0.0
490	2357.3333333333335	0.0
500	2016.6666666666667	0.0
510	2697.3333333333335	0.0
520	1937.0	0.0
530	2096.3333333333335	0.0
540	1943.1666666666667	0.0
550	2572.6666666666665	0.0
560	2311.6666666666665	0.0
570	2032.6666666666667	0.0
580	2215.3333333333335	0.0
590	2176.5	0.0
600	2109.0	0.0
610	2075.3333333333335	0.0
620	1626.6666666666667	0.0
630	2340.0	0.0
640	2459.8333333333335	0.0
650	2336.6666666666665	0.0
660	2050.8333333333335	0.0
670	2111.6666666666665	0.0
680	2470.6666666666665	0.0
690	2409.3333333333335	0.0
700	2562.0	0.0
710	2599.6666666666665	0.0
720	1969.3333333333333	0.0
730	2489.3333333333335	0.0
740	1946.3333333333333	0.0
750	1788.8333333333333	0.0
760	2068.3333333333335	0.0
770	1978.3333333333333	0.0
780	2028.6666666666667	0.0
790	2159.3333333333335	0.0
800	2598.0	0.0
810	2670.6666666666665	0.0
820	2484.0	0.0
830	2315.0	0.0
840	2301.3333333333335	0.0
850	2646.0	0.0
860	1907.8333333333333	0.0
870	1905.6666666666667	0.0
880	2007.6666666666667	0.0
890	2272.0	0.0
900	2188.8333333333335	0.0
910	2041.3333333333333	0.0
920	1670.0	0.0
930	2601.5	0.0
940	1962.5	0.0
950	1740.8333333333333	0.0
960	2297.6666666666665	0.0
970	1870.3333333333333	0.0
980	1414.6666666666667	0.0
990	1289.3333333333333	0.0
1000	1832.6666666666667	0.0
