0	255.76666666666668	0.0
10	70.0	0.0
20	70.0	0.0
30	70.0	0.0
40	70.0	0.0
50	70.0	0.0
60	70.0	0.0
70	70.12222222222222	0.0
80	71.02222222222221	0.0
90	73.64444444444445	0.0
100	87.50000000000003	0.0
110	155.17222222222225	0.0
120	180.38888888888894	0.0
130	212.26666666666668	0.0
140	229.33333333333331	0.0
150	233.0222222222222	0.0
160	222.2444444444444	0.0
170	243.02222222222224	0.0
180	248.87777777777782	0.0
190	258.0555555555556	0.0
200	300.4777777777778	0.0
210	329.35555555555555	0.0
220	307.55555555555554	0.0
230	343.1777777777778	0.0
240	349.88888888888886	0.0
250	369.5111111111111	0.0
260	411.9055555555555	0.0
270	452.7222222222223	0.0
280	517.6611111111112	0.0
290	585.3166666666667	0.0
300	700.9166666666666	0.0
310	810.5444444444445	0.0
320	900.438888888889	0.0
330	997.4722222222224	0.0
340	1144.7444444444445	0.0
350	1351.6166666666666	0.0
360	1511.1833333333334	0.0
370	1635.9222222222222	0.0
380	1733.9611111111112	0.0
390	1869.7944444444443	0.0
400	1908.7222222222222	0.0
410	1900.2777777777776	0.0
420	1940.283333333333	0.0
430	1997.8833333333334	0.0
440	1968.1999999999994	0.0
450	1988.7611111111105	0.0
460	1981.994444444445	0.0
470	2033.0666666666664	0.0
480	2069.661111111111	0.0
490	2066.566666666667	0.0
500	2087.3	0.0
510	2075.722222222222	0.0
520	2102.927777777778	0.0
530	2025.3333333333335	0.0
540	2086.588888888889	0.0
550	1999.316666666667	0.0
560	2013.227777777778	0.0
570	2023.1111111111106	0.0
580	2062.338888888889	0.0
590	1994.6500000000005	0.0
600	2047.372222222222	0.0
610	2002.1722222222224	0.0
620	2084.172222222222	0.0
630	2077.3722222222223	0.0
640	2124.933333333333	0.0
650	2079.572222222222	0.0
660	2046.7444444444445	0.0
670	2015.9833333333336	0.0
680	2031.7388888888888	0.0
690	2103.905555555555	0.0
700	2079.3222222222225	0.0
710	2119.172222222222	0.0
720	2151.3555555555554	0.0
730	2096.0944444444444	0.0
740	2127.3500000000004	0.0
750	2070.75	0.0
760	2238.233333333333	0.0
770	2112.1333333333337	0.0
780	2124.583333333333	0.0
790	2233.622222222222	0.0
800	2203.088888888889	0.0
810	2201.838888888889	0.0
820	2224.8888888888887	0.03333333333333333
830	2280.694444444445	0.0
840	2298.6388888888887	0.0
850	2292.0444444444443	0.0
860	2319.7833333333333	0.0
870	2316.5000000000005	0.0
880	2271.516666666667	0.0
890	2296.277777777778	0.0
900	2291.5833333333335	0.0
910	2283.688888888889	0.03333333333333333
920	2340.766666666667	0.0
930	2298.9055555555556	0.0
940	2254.261111111112	0.0
950	2259.3666666666672	0.0
960	2258.8611111111113	0.0
970	2310.327777777778	0.0
980	2230.1499999999996	0.0
990	2194.2777777777783	0.0
1000	2283.888888888889	0.0
