0	232.33333333333334	0.0
10	70.0	0.0
20	70.0	0.0
30	70.0	0.0
40	70.0	0.0
50	70.0	0.0
60	70.0	0.0
70	70.66666666666667	0.0
80	70.33333333333333	0.0
90	73.0	0.0
100	171.0	0.0
110	93.0	0.0
120	75.0	0.0
130	99.33333333333333	0.0
140	337.3333333333333	0.0
150	195.66666666666666	0.0
160	406.6666666666667	0.0
170	296.6666666666667	0.0
180	390.3333333333333	0.0
190	350.6666666666667	0.0
200	159.0	0.0
210	358.3333333333333	0.0
220	329.6666666666667	0.0
230	296.6666666666667	0.0
240	284.0	0.0
250	303.6666666666667	0.0
260	367.0	0.0
270	441.6666666666667	0.0
280	492.3333333333333	0.0
290	429.3333333333333	0.0
300	596.6666666666666	0.0
310	566.3333333333334	0.0
320	529.3333333333334	0.0
330	811.3333333333334	0.0
340	1023.6666666666666	0.0
350	800.6666666666666	0.0
360	1444.0	0.0
370	1851.5	0.0
380	2045.0	0.0
390	1817.3333333333333	0.0
400	2118.3333333333335	0.0
410	2610.0	0.0
420	2770.5	0.0
430	2539.8333333333335	0.0
440	2489.6666666666665	0.0
450	2430.3333333333335	0.0
460	2531.0	0.0
470	2610.3333333333335	0.0
480	2581.0	0.0
490	2563.6666666666665	0.0
500	2434.0	0.0
510	2430.3333333333335	0.0
520	2384.5	0.0
530	2669.6666666666665	0.0
540	1876.8333333333333	0.0
550	2467.3333333333335	0.0
560	2495.8333333333335	0.0
570	1737.0	0.0
580	2540.0	0.0
590	1747.1666666666667	0.0
600	1678.6666666666667	0.0
610	1910.3333333333333	0.0
620	1730.1666666666667	0.0
630	1700.0	0.0
640	1339.1666666666667	0.0
650	1433.6666666666667	0.0
660	1808.6666666666667	0.0
670	1848.3333333333333	0.0
680	2265.3333333333335	0.0
690	2395.3333333333335	0.0
700	2231.0	0.0
710	2504.5	0.0
720	2297.6666666666665	0.0
730	2291.8333333333335	0.0
740	2377.0	0.0
750	2403.6666666666665	0.0
760	2513.8333333333335	0.0
770	2528.0	0.0
780	2490.0	0.0
790	2482.5	0.0
800	2496.3333333333335	0.0
810	2316.0	0.0
820	2497.0	0.0
830	1816.0	0.0
840	1923.0	0.0
850	2580.8333333333335	0.0
860	2412.0	0.0
870	2661.5	0.0
880	2435.1666666666665	0.0
890	2517.0	0.0
900	2416.3333333333335	0.0
910	2473.0	0.0
920	2596.0	0.0
930	2273.8333333333335	0.0
940	2103.3333333333335	0.0
950	2023.1666666666667	0.0
960	1886.0	0.0
970	1951.3333333333333	0.0
980	2170.8333333333335	0.0
990	2226.5	0.0
1000	1830.3333333333333	0.0
