0	286.6666666666667	0.0
10	70.0	0.0
20	70.0	0.0
30	70.0	0.0
40	70.0	0.0
50	70.0	0.0
60	70.0	0.0
70	70.33333333333333	0.0
80	70.0	0.0
90	71.33333333333333	0.0
100	87.0	0.0
110	144.33333333333334	0.0
120	175.66666666666666	0.0
130	444.3333333333333	0.0
140	659.0	0.0
150	297.6666666666667	0.0
160	194.0	0.0
170	309.3333333333333	0.0
180	119.66666666666667	0.0
190	150.0	0.0
200	252.66666666666666	0.0
210	310.0	0.0
220	292.3333333333333	0.0
230	321.6666666666667	0.0
240	543.3333333333334	0.0
250	341.3333333333333	0.0
260	269.6666666666667	0.0
270	361.6666666666667	0.0
280	350.3333333333333	0.0
290	413.3333333333333	0.0
300	567.6666666666666	0.0
310	1020.3333333333334	0.0
320	1257.0	0.0
330	1480.3333333333333	0.0
340	1614.8333333333333	0.0
350	2103.0	0.0
360	1712.3333333333333	0.0
370	1865.3333333333333	0.0
380	2084.5	0.0
390	1828.1666666666667	0.0
400	1958.1666666666667	0.0
410	1350.0	0.0
420	1525.5	0.0
430	2174.0	0.0
440	2181.5	0.0
450	2618.6666666666665	0.0
460	2707.8333333333335	0.0
470	2422.1666666666665	0.0
480	2494.3333333333335	0.0
490	2432.3333333333335	0.0
500	2063.0	0.0
510	2011.3333333333333	0.0
520	1893.8333333333333	0.0
530	1799.5	0.0
540	2055.0	0.0
550	2012.6666666666667	0.0
560	2285.3333333333335	0.0
570	2060.5	0.0
580	1494.0	0.0
590	2348.3333333333335	0.0
600	1329.0	0.0
610	1722.3333333333333	0.0
620	1690.3333333333333	0.0
630	2143.3333333333335	0.0
640	1863.3333333333333	0.0
650	2134.1666666666665	0.0
660	2057.6666666666665	0.0
670	2067.6666666666665	0.0
680	2419.3333333333335	0.0
690	1799.6666666666667	0.0
700	2291.3333333333335	0.0
710	1959.6666666666667	0.0
720	1761.1666666666667	0.0
730	1797.5	0.0
740	2343.3333333333335	0.0
750	1999.5	0.0
760	2388.6666666666665	0.0
770	1931.5	0.0
780	2062.6666666666665	0.0
790	2539.0	0.0
800	2342.0	0.0
810	2372.8333333333335	0.0
820	2286.6666666666665	0.0
830	2171.0	0.0
840	2516.3333333333335	0.0
850	2473.1666666666665	0.0
860	2329.6666666666665	0.0
870	2520.0	0.0
880	2709.6666666666665	0.0
890	1428.3333333333333	0.0
900	1787.0	0.0
910	1389.6666666666667	0.0
920	2297.5	0.0
930	1933.0	0.0
940	1969.3333333333333	0.0
950	2076.0	0.0
960	2097.6666666666665	0.0
970	2453.3333333333335	0.0
980	1839.1666666666667	0.0
990	1786.5	0.0
1000	2313.0	0.0
