0	268.6666666666667	0.0
10	140.33333333333334	318.0
20	180.66666666666666	260.0
30	168.33333333333334	226.0
40	318.6666666666667	172.0
50	1955.3333333333333	24.0
60	1863.3333333333333	0.0
70	2005.3333333333333	0.0
80	2042.0	0.0
90	2245.8333333333335	0.0
100	2120.0	0.0
110	2401.5	0.0
120	2435.1666666666665	0.0
130	2488.8333333333335	0.0
140	2225.0	0.0
150	2575.6666666666665	0.0
160	2304.6666666666665	0.0
170	2382.6666666666665	0.0
180	2316.3333333333335	0.0
190	2148.5	0.0
200	2159.0	0.0
210	2282.3333333333335	0.0
220	2442.5	0.0
230	2422.6666666666665	0.0
240	2382.6666666666665	0.0
250	1913.3333333333333	0.0
260	1577.8333333333333	0.0
270	1725.8333333333333	0.0
280	1229.6666666666667	0.0
290	1998.1666666666667	0.0
300	2155.5	0.0
310	2095.5	0.0
320	2259.6666666666665	0.0
330	2086.0	0.0
340	2048.6666666666665	0.0
350	1850.1666666666667	0.0
360	2464.8333333333335	0.0
370	2386.3333333333335	0.0
380	2036.8333333333333	0.0
390	1928.0	0.0
400	1457.0	0.0
410	2101.3333333333335	0.0
420	2093.5	0.0
430	2250.5	0.0
440	1868.0	0.0
450	2377.1666666666665	0.0
460	2187.6666666666665	0.0
470	2613.1666666666665	0.0
480	2166.3333333333335	0.0
490	2454.6666666666665	0.0
500	1908.5	0.0
510	2163.0	0.0
520	2130.0	0.0
530	1822.6666666666667	0.0
540	2108.5	0.0
550	2126.0	0.0
560	2181.6666666666665	0.0
570	1742.6666666666667	0.0
580	1984.0	0.0
590	2303.6666666666665	0.0
600	2486.3333333333335	0.0
610	2357.3333333333335	0.0
620	2549.5	0.0
630	2240.8333333333335	0.0
640	2348.0	0.0
650	1651.8333333333333	0.0
660	1974.1666666666667	0.0
670	1727.0	0.0
680	1947.6666666666667	0.0
690	2382.1666666666665	0.0
700	2426.6666666666665	0.0
710	2325.1666666666665	0.0
720	2301.6666666666665	0.0
730	1806.6666666666667	0.0
740	1767.3333333333333	0.0
750	1986.0	0.0
760	2152.5	0.0
770	2397.0	0.0
780	2341.6666666666665	0.0
790	2432.0	0.0
800	2605.3333333333335	0.0
810	2502.8333333333335	0.0
820	2573.3333333333335	0.0
830	2557.0	0.0
840	2438.0	0.0
850	2204.3333333333335	0.0
860	2337.1666666666665	0.0
870	2567.0	0.0
880	2782.1666666666665	0.0
890	2415.6666666666665	0.0
900	2678.5	0.0
910	2375.3333333333335	0.0
920	2324.6666666666665	0.0
930	2416.6666666666665	0.0
940	1703.3333333333333	0.0
950	1818.6666666666667	0.0
960	1794.3333333333333	0.0
970	2014.1666666666667	0.0
980	2013.5	0.0
990	2168.8333333333335	0.0
1000	1750.6666666666667	0.0
