0	265.3333333333333	0.0
10	70.0	1.0
20	70.0	0.0
30	70.0	0.0
40	70.0	8.0
50	70.0	0.0
60	70.0	24.0
70	70.0	11.0
80	70.0	1.0
90	70.0	0.0
100	70.0	9.0
110	70.0	0.0
120	70.0	1.0
130	70.0	3.0
140	70.0	2.0
150	70.0	2.0
160	70.0	1.0
170	70.0	2.0
180	70.0	13.0
190	70.66666666666667	3.0
200	72.33333333333333	17.0
210	77.0	0.0
220	73.33333333333333	12.0
230	122.0	0.0
240	162.66666666666666	7.0
250	243.66666666666666	179.0
260	139.66666666666666	172.0
270	128.33333333333334	229.0
280	133.0	303.0
290	139.0	0.0
300	130.0	0.0
310	162.0	0.0
320	130.0	0.0
330	146.0	0.0
340	194.0	0.0
350	805.6666666666666	0.0
360	293.3333333333333	0.0
370	501.3333333333333	0.0
380	700.3333333333334	0.0
390	731.0	0.0
400	869.3333333333334	0.0
410	978.3333333333334	0.0
420	880.3333333333334	0.0
430	1339.6666666666667	0.0
440	1338.3333333333333	0.0
450	1652.3333333333333	0.0
460	1648.6666666666667	0.0
470	1771.3333333333333	0.0
480	2148.6666666666665	0.0
490	1847.0	0.0
500	2237.0	0.0
510	1822.0	0.0
520	1998.3333333333333	0.0
530	2084.3333333333335	0.0
540	1909.6666666666667	0.0
550	2202.3333333333335	0.0
560	2318.8333333333335	0.0
570	2392.6666666666665	0.0
580	2203.8333333333335	0.0
590	2402.3333333333335	0.0
600	2208.0	0.0
