0	255.33333333333334	0.0
10	70.0	6.0
20	70.0	2.0
30	70.0	4.0
40	70.0	12.0
50	70.0	9.0
60	70.0	4.0
70	70.0	1.0
80	70.0	0.0
90	70.0	0.0
100	70.0	2.0
110	70.0	21.0
120	70.0	13.0
130	70.0	4.0
140	70.0	4.0
150	70.0	2.0
160	70.0	0.0
170	70.0	1.0
180	70.33333333333333	0.0
190	70.33333333333333	0.0
200	72.33333333333333	8.0
210	71.66666666666667	1.0
220	83.66666666666667	0.0
230	77.0	15.0
240	84.33333333333333	11.0
250	101.33333333333333	2.0
260	139.33333333333334	196.0
270	157.66666666666666	328.0
280	126.0	234.0
290	288.6666666666667	29.0
300	164.0	91.0
310	423.6666666666667	0.0
320	163.33333333333334	0.0
330	207.33333333333334	0.0
340	312.0	0.0
350	252.33333333333334	0.0
360	366.0	0.0
370	614.6666666666666	0.0
380	768.0	0.0
390	986.6666666666666	0.0
400	1084.0	0.0
410	1232.3333333333333	0.0
420	1746.8333333333333	0.0
430	1508.3333333333333	0.0
440	1877.0	0.0
450	1237.0	0.0
460	1525.3333333333333	0.0
470	1660.0	0.0
480	1484.6666666666667	0.0
490	1982.3333333333333	0.0
500	1804.6666666666667	0.0
510	2103.3333333333335	0.0
520	2244.0	0.0
530	2281.1666666666665	0.0
540	2119.0	0.0
550	2250.0	0.0
560	2289.6666666666665	0.0
570	2065.0	0.0
580	2406.6666666666665	0.0
590	2311.8333333333335	0.0
600	2466.8333333333335	0.0
