0	236.0	0.0
10	70.0	0.0
20	70.0	0.0
30	70.0	0.0
40	70.0	0.0
50	70.0	0.0
60	70.0	0.0
70	70.0	0.0
80	70.0	0.0
90	70.66666666666667	0.0
100	75.0	0.0
110	172.33333333333334	0.0
120	238.0	0.0
130	153.33333333333334	0.0
140	152.0	0.0
150	192.0	0.0
160	184.66666666666666	0.0
170	384.6666666666667	0.0
180	283.3333333333333	0.0
190	306.3333333333333	0.0
200	265.3333333333333	0.0
210	376.0	0.0
220	380.0	0.0
230	310.0	0.0
240	361.3333333333333	0.0
250	367.0	0.0
260	546.3333333333334	0.0
270	701.6666666666666	0.0
280	422.6666666666667	0.0
290	343.0	0.0
300	774.6666666666666	0.0
310	904.6666666666666	0.0
320	1013.0	0.0
330	1656.0	0.0
340	2115.8333333333335	0.0
350	2017.0	0.0
360	1842.0	0.0
370	1258.5	0.0
380	1186.3333333333333	0.0
390	2078.6666666666665	0.0
400	1825.3333333333333	0.0
410	1875.3333333333333	0.0
420	1947.3333333333333	0.0
430	1642.3333333333333	0.0
440	1705.3333333333333	0.0
450	2280.0	0.0
460	2331.0	0.0
470	1711.1666666666667	0.0
480	1698.6666666666667	0.0
490	1589.3333333333333	0.0
500	2090.3333333333335	0.0
510	2618.3333333333335	0.0
520	2432.3333333333335	0.0
530	2490.0	0.0
540	2006.8333333333333	0.0
550	1393.6666666666667	0.0
560	1981.0	0.0
570	1588.1666666666667	0.0
580	1953.6666666666667	0.0
590	1705.0	0.0
600	1517.3333333333333	0.0
