0	224.33333333333334	0.0
10	70.0	0.0
20	70.0	0.0
30	70.0	0.0
40	70.0	0.0
50	70.0	0.0
60	70.0	0.0
70	70.0	0.0
80	70.0	0.0
90	75.0	0.0
100	85.0	0.0
110	72.33333333333333	0.0
120	219.66666666666666	0.0
130	255.0	0.0
140	294.3333333333333	0.0
150	356.6666666666667	0.0
160	319.6666666666667	0.0
170	230.66666666666666	0.0
180	325.6666666666667	0.0
190	155.33333333333334	0.0
200	286.3333333333333	0.0
210	373.0	0.0
220	253.33333333333334	0.0
230	385.3333333333333	0.0
240	549.6666666666666	0.0
250	536.6666666666666	0.0
260	527.6666666666666	0.0
270	362.6666666666667	0.0
280	488.0	0.0
290	648.6666666666666	0.0
300	947.3333333333334	0.0
310	1286.6666666666667	0.0
320	1623.5	0.0
330	1528.1666666666667	0.0
340	1133.6666666666667	0.0
350	844.5	0.0
360	2254.3333333333335	0.0
370	2367.1666666666665	0.0
380	1907.3333333333333	0.0
390	2204.0	0.0
400	2445.0	0.0
410	2356.1666666666665	0.0
420	2454.6666666666665	0.0
430	2430.6666666666665	0.0
440	1962.3333333333333	0.0
450	2015.6666666666667	0.0
460	2395.3333333333335	0.0
470	2507.8333333333335	0.0
480	2460.0	0.0
490	2285.3333333333335	6.0
500	1800.8333333333333	0.0
510	2357.6666666666665	0.0
520	2593.0	0.0
530	2443.8333333333335	0.0
540	2332.0	0.0
550	2550.6666666666665	0.0
560	2833.6666666666665	0.0
570	2471.0	0.0
580	2566.8333333333335	0.0
590	2405.8333333333335	0.0
600	2411.0	0.0
