0	262.0	0.0
10	70.0	0.0
20	70.0	0.0
30	70.0	0.0
40	70.0	0.0
50	70.0	0.0
60	70.0	0.0
70	70.0	0.0
80	70.0	0.0
90	70.0	0.0
100	70.0	0.0
110	70.0	0.0
120	70.0	0.0
130	70.0	0.0
140	70.0	0.0
150	70.0	0.0
160	70.0	0.0
170	70.0	0.0
180	70.66666666666667	0.0
190	70.0	0.0
200	70.33333333333333	0.0
210	74.33333333333333	0.0
220	77.33333333333333	0.0
230	71.0	0.0
240	71.0	0.0
250	71.33333333333333	0.0
260	78.0	0.0
270	137.33333333333334	0.0
280	172.33333333333334	0.0
290	125.66666666666667	0.0
300	230.0	0.0
310	343.6666666666667	0.0
320	196.0	0.0
330	189.0	0.0
340	239.66666666666666	0.0
350	259.3333333333333	0.0
360	277.6666666666667	0.0
370	307.6666666666667	0.0
380	297.3333333333333	0.0
390	219.33333333333334	0.0
400	267.6666666666667	0.0
410	163.0	0.0
420	230.33333333333334	0.0
430	153.0	0.0
440	130.66666666666666	0.0
450	162.66666666666666	0.0
460	202.66666666666666	0.0
470	214.33333333333334	0.0
480	227.0	0.0
490	275.0	0.0
500	279.3333333333333	0.0
510	355.6666666666667	0.0
520	334.6666666666667	0.0
530	349.0	0.0
540	317.3333333333333	0.0
550	296.6666666666667	0.0
560	347.0	0.0
570	453.3333333333333	0.0
580	497.6666666666667	0.0
590	426.0	0.0
600	640.6666666666666	0.0
610	715.3333333333334	0.0
620	1056.3333333333333	0.0
630	1008.0	0.0
640	1346.0	0.0
650	540.0	0.0
660	634.0	0.0
670	1195.6666666666667	0.0
680	2323.0	0.0
690	1488.6666666666667	0.0
700	1869.1666666666667	0.0
710	2238.3333333333335	0.0
720	2044.6666666666667	0.0
730	2127.5	0.0
740	1699.6666666666667	0.0
750	2077.0	0.0
760	2208.0	0.0
770	1854.1666666666667	0.0
780	1847.6666666666667	0.0
790	2464.3333333333335	0.0
800	2190.6666666666665	0.0
