0	249.33333333333334	0.0
10	126.66666666666667	1000.0
20	102.0	0.0
30	100.0	0.0
40	97.0	0.0
50	84.0	0.0
60	80.66666666666667	0.0
70	70.66666666666667	0.0
80	71.0	0.0
90	70.0	0.0
100	70.0	0.0
110	70.0	0.0
120	70.0	0.0
130	70.0	0.0
140	70.0	0.0
150	70.0	0.0
160	70.66666666666667	0.0
170	71.33333333333333	0.0
180	70.0	0.0
190	109.0	0.0
200	115.33333333333333	0.0
210	85.0	0.0
220	129.0	0.0
230	125.66666666666667	0.0
240	192.66666666666666	0.0
250	307.0	0.0
260	272.6666666666667	0.0
270	331.6666666666667	0.0
280	244.66666666666666	0.0
290	242.33333333333334	0.0
300	223.33333333333334	0.0
310	162.66666666666666	0.0
320	280.6666666666667	0.0
330	235.33333333333334	0.0
340	246.66666666666666	0.0
350	188.33333333333334	0.0
360	591.6666666666666	0.0
370	604.3333333333334	0.0
380	815.0	0.0
390	811.6666666666666	0.0
400	934.6666666666666	0.0
410	1226.6666666666667	0.0
420	1545.6666666666667	0.0
430	1197.0	0.0
440	1222.3333333333333	0.0
450	2085.6666666666665	0.0
460	1891.0	0.0
470	1771.3333333333333	0.0
480	2374.0	0.0
490	1637.0	0.0
500	1929.3333333333333	0.0
510	1835.3333333333333	0.0
520	1859.0	0.0
530	2326.6666666666665	0.0
540	2042.6666666666667	0.0
550	2362.0	0.0
560	2207.3333333333335	0.0
570	2503.8333333333335	0.0
580	2126.0	0.0
590	2467.8333333333335	0.0
600	2664.6666666666665	0.0
