0	258.67777777777775	0.0
10	70.0	0.0
20	70.0	0.0
30	70.0	0.0
40	70.0	0.0
50	70.0	0.0
60	70.0	0.0
70	70.0	0.0
80	70.0	0.0
90	70.0	0.0
100	70.0	0.0
110	70.0	0.0
120	70.0	0.0
130	70.0	0.0
140	70.0	0.0
150	70.0	0.0
160	70.02222222222221	0.0
170	70.0	0.0
180	70.26666666666667	0.0
190	70.84444444444445	0.0
200	71.73333333333333	0.0
210	72.33333333333333	0.0
220	75.05555555555557	0.0
230	82.23333333333335	0.0
240	119.17777777777776	0.0
250	153.04444444444445	0.0
260	237.3111111111111	0.0
270	197.2888888888889	0.0
280	195.9555555555555	0.0
290	165.35555555555553	0.0
300	165.59999999999994	0.0
310	153.7	0.0
320	156.61111111111114	0.0
330	155.35555555555555	0.0
340	156.27777777777777	0.0
350	176.8	0.0
360	180.00000000000003	0.0
370	177.13333333333333	0.0
380	196.9666666666667	0.0
390	249.94444444444443	0.0
400	278.2666666666667	0.0
410	343.54999999999995	0.0
420	395.75555555555553	0.0
430	459.1777777777778	0.0
440	493.9	0.0
450	579.411111111111	0.0
460	643.9611111111112	0.0
470	731.7388888888887	0.0
480	827.2888888888889	0.0
490	914.7888888888889	0.0
500	992.8722222222221	0.0
510	1184.3499999999997	0.0
520	1227.8666666666666	0.0
530	1299.1444444444446	0.0
540	1311.6611111111113	0.0
550	1436.1722222222227	0.0
560	1587.1333333333334	0.0
570	1563.6500000000003	0.0
580	1607.1611111111113	0.0
590	1634.3888888888891	0.0
600	1766.5166666666667	0.0
