0	206.0	0.0
10	70.0	0.0
20	70.0	0.0
30	70.0	0.0
40	70.0	0.0
50	70.0	0.0
60	70.0	0.0
70	70.0	0.0
80	70.0	0.0
90	70.0	0.0
100	70.0	0.0
110	70.0	0.0
120	70.0	0.0
130	70.0	0.0
140	70.0	0.0
150	70.0	0.0
160	70.33333333333333	0.0
170	70.0	0.0
180	71.0	0.0
190	70.66666666666667	0.0
200	70.0	0.0
210	71.66666666666667	0.0
220	70.0	0.0
230	71.66666666666667	0.0
240	82.66666666666667	0.0
250	136.0	0.0
260	335.3333333333333	0.0
270	311.0	0.0
280	243.66666666666666	0.0
290	162.0	0.0
300	156.0	0.0
310	138.0	0.0
320	130.0	0.0
330	130.0	0.0
340	130.0	0.0
350	138.0	0.0
360	162.33333333333334	0.0
370	138.33333333333334	0.0
380	275.0	0.0
390	473.3333333333333	0.0
400	526.6666666666666	0.0
410	498.3333333333333	0.0
420	793.6666666666666	0.0
430	1129.0	0.0
440	1423.3333333333333	0.0
450	1398.6666666666667	0.0
460	1353.6666666666667	0.0
470	1358.0	0.0
480	1788.0	0.0
490	2136.1666666666665	0.0
500	1956.0	0.0
510	1986.0	0.0
520	1897.6666666666667	0.0
530	2385.3333333333335	0.0
540	2245.3333333333335	0.0
550	2184.3333333333335	0.0
560	2280.0	0.0
570	2313.0	0.0
580	2251.1666666666665	0.0
590	2022.6666666666667	0.0
600	2090.3333333333335	0.0
