0	280.6666666666667	0.0
10	70.0	1000.0
20	70.0	0.0
30	70.0	0.0
40	70.0	0.0
50	70.0	0.0
60	70.0	0.0
70	70.0	0.0
80	70.0	0.0
90	70.0	0.0
100	70.0	0.0
110	70.0	0.0
120	70.0	0.0
130	70.0	0.0
140	70.0	0.0
150	70.0	0.0
160	70.66666666666667	0.0
170	72.33333333333333	0.0
180	70.33333333333333	0.0
190	70.0	0.0
200	72.33333333333333	0.0
210	106.0	0.0
220	145.66666666666666	0.0
230	105.33333333333333	0.0
240	130.33333333333334	0.0
250	380.6666666666667	0.0
260	177.0	0.0
270	138.0	0.0
280	150.0	0.0
290	147.0	0.0
300	292.3333333333333	0.0
310	233.66666666666666	0.0
320	226.66666666666666	0.0
330	154.0	0.0
340	243.33333333333334	0.0
350	226.0	0.0
360	240.0	0.0
370	301.6666666666667	0.0
380	257.3333333333333	0.0
390	216.0	0.0
400	242.33333333333334	0.0
410	179.66666666666666	0.0
420	277.6666666666667	0.0
430	289.6666666666667	0.0
440	324.0	0.0
450	442.0	0.0
460	345.6666666666667	0.0
470	317.6666666666667	0.0
480	410.3333333333333	0.0
490	366.0	0.0
500	710.3333333333334	0.0
510	898.6666666666666	0.0
520	948.6666666666666	0.0
530	1307.0	0.0
540	2059.5	0.0
550	2135.6666666666665	0.0
560	1462.3333333333333	0.0
570	1974.0	0.0
580	1834.3333333333333	0.0
590	1995.0	0.0
600	1990.3333333333333	0.0
610	2097.0	0.0
620	2310.1666666666665	0.0
630	2159.0	0.0
640	2008.8333333333333	0.0
650	2069.3333333333335	0.0
660	2228.3333333333335	0.0
670	2173.6666666666665	0.0
680	2420.0	0.0
690	2259.0	0.0
700	2450.0	0.0
710	2563.6666666666665	0.0
720	2578.8333333333335	0.0
730	2477.0	0.0
740	2199.6666666666665	0.0
750	2397.3333333333335	0.0
760	2736.5	0.0
770	2471.0	0.0
780	2626.6666666666665	0.0
790	2480.3333333333335	0.0
800	2818.5	0.0
810	2640.6666666666665	0.0
820	2681.8333333333335	0.0
830	2800.0	0.0
840	2528.1666666666665	0.0
850	2642.1666666666665	0.0
860	2463.1666666666665	0.0
870	2522.1666666666665	0.0
880	2550.3333333333335	0.0
890	2738.6666666666665	0.0
900	2877.3333333333335	0.0
910	2561.8333333333335	0.0
920	2634.5	0.0
930	2495.0	0.0
940	2672.3333333333335	0.0
950	2449.3333333333335	0.0
960	2044.1666666666667	0.0
970	2875.0	0.0
980	2638.6666666666665	0.0
990	2560.6666666666665	0.0
1000	2710.1666666666665	0.0
