0	282.3333333333333	0.0
10	70.0	1000.0
20	70.0	0.0
30	70.0	0.0
40	70.0	0.0
50	70.0	0.0
60	70.0	0.0
70	70.0	0.0
80	70.0	0.0
90	70.0	0.0
100	70.0	0.0
110	70.0	0.0
120	70.0	0.0
130	70.0	0.0
140	70.0	0.0
150	70.0	0.0
160	70.0	0.0
170	70.66666666666667	0.0
180	71.66666666666667	0.0
190	70.0	0.0
200	71.33333333333333	0.0
210	77.33333333333333	0.0
220	70.0	0.0
230	159.33333333333334	0.0
240	268.3333333333333	0.0
250	138.33333333333334	0.0
260	158.33333333333334	0.0
270	252.66666666666666	0.0
280	182.0	0.0
290	131.0	0.0
300	148.0	0.0
310	130.0	0.0
320	154.66666666666666	0.0
330	131.0	0.0
340	316.6666666666667	0.0
350	340.3333333333333	0.0
360	585.3333333333334	0.0
370	763.3333333333334	0.0
380	678.0	0.0
390	723.0	0.0
400	911.8333333333334	0.0
410	1363.5	0.0
420	1402.3333333333333	0.0
430	1647.0	0.0
440	2239.3333333333335	0.0
450	1928.6666666666667	0.0
460	1723.3333333333333	0.0
470	2354.8333333333335	0.0
480	2167.6666666666665	0.0
490	1977.0	0.0
500	1811.6666666666667	0.0
510	2124.6666666666665	0.0
520	2331.3333333333335	0.0
530	2118.6666666666665	0.0
540	2071.6666666666665	0.0
550	1940.5	0.0
560	2028.0	0.0
570	2174.6666666666665	0.0
580	2303.5	0.0
590	1959.1666666666667	0.0
600	2232.6666666666665	0.0
610	2273.0	0.0
620	2043.3333333333333	0.0
630	2165.0	0.0
640	2103.6666666666665	0.0
650	2308.6666666666665	0.0
660	2422.3333333333335	0.0
670	2336.8333333333335	0.0
680	2638.6666666666665	0.0
690	2556.0	0.0
700	2502.3333333333335	0.0
710	2637.0	0.0
720	2290.3333333333335	0.0
730	2413.3333333333335	0.0
740	2563.8333333333335	0.0
750	2781.8333333333335	0.0
760	2742.0	0.0
770	2398.1666666666665	0.0
780	2604.8333333333335	0.0
790	2516.0	0.0
800	2849.5	0.0
810	2394.6666666666665	0.0
820	2844.3333333333335	0.0
830	2542.3333333333335	0.0
840	2810.8333333333335	0.0
850	2627.6666666666665	0.0
860	2582.0	0.0
870	2577.0	0.0
880	2347.8333333333335	0.0
890	2670.0	0.0
900	2714.0	0.0
910	2484.6666666666665	0.0
920	2679.6666666666665	0.0
930	2653.5	0.0
940	2668.3333333333335	0.0
950	2524.0	0.0
960	2578.1666666666665	0.0
970	2595.6666666666665	0.0
980	2634.6666666666665	0.0
990	2519.1666666666665	0.0
1000	2491.3333333333335	0.0
