0	301.6666666666667	0.0
10	70.0	304.0
20	70.0	190.0
30	103.0	375.0
40	81.33333333333333	131.0
50	70.0	0.0
60	201.66666666666666	0.0
70	1096.0	0.0
80	1873.3333333333333	0.0
90	1974.0	0.0
100	2127.0	0.0
110	2114.3333333333335	0.0
120	2306.0	0.0
130	2248.3333333333335	0.0
140	2349.3333333333335	0.0
150	2438.0	0.0
160	2397.6666666666665	0.0
170	2316.0	0.0
180	2317.3333333333335	0.0
190	2301.3333333333335	0.0
200	2362.6666666666665	0.0
210	2344.6666666666665	0.0
220	2298.8333333333335	0.0
230	1708.0	0.0
240	2498.1666666666665	0.0
250	2741.0	0.0
260	1299.3333333333333	0.0
270	1919.0	0.0
280	1556.6666666666667	0.0
290	1619.6666666666667	0.0
300	2254.0	0.0
310	1727.0	0.0
320	1827.0	0.0
330	1797.6666666666667	0.0
340	2027.1666666666667	0.0
350	2111.6666666666665	0.0
360	2014.3333333333333	0.0
370	1869.8333333333333	0.0
380	1894.0	0.0
390	2201.8333333333335	0.0
400	1719.5	0.0
410	2262.6666666666665	0.0
420	1954.6666666666667	0.0
430	2120.3333333333335	0.0
440	2359.3333333333335	0.0
450	2131.0	0.0
460	2346.1666666666665	0.0
470	1978.1666666666667	0.0
480	2260.8333333333335	0.0
490	2221.6666666666665	0.0
500	2045.6666666666667	0.0
510	1830.3333333333333	0.0
520	2334.0	0.0
530	2454.6666666666665	0.0
540	2368.6666666666665	0.0
550	2418.8333333333335	0.0
560	2396.6666666666665	0.0
570	2245.6666666666665	0.0
580	2527.6666666666665	0.0
590	2509.0	0.0
600	2163.3333333333335	0.0
610	2593.1666666666665	0.0
620	2296.5	0.0
630	2351.0	0.0
640	1985.8333333333333	0.0
650	2248.1666666666665	0.0
660	2122.8333333333335	0.0
670	2280.3333333333335	0.0
680	2051.1666666666665	0.0
690	2324.8333333333335	0.0
700	2014.0	0.0
710	1945.0	0.0
720	1958.1666666666667	0.0
730	2225.0	0.0
740	1677.8333333333333	0.0
750	2287.0	0.0
760	2398.3333333333335	0.0
770	2292.6666666666665	0.0
780	2583.1666666666665	0.0
790	2404.0	0.0
800	2008.1666666666667	0.0
810	2053.5	0.0
820	2458.1666666666665	0.0
830	2521.0	0.0
840	2218.0	0.0
850	2443.3333333333335	0.0
860	2638.0	0.0
870	2450.5	0.0
880	2425.5	0.0
890	2790.1666666666665	0.0
900	2202.6666666666665	0.0
910	2203.5	0.0
920	2405.6666666666665	0.0
930	2558.1666666666665	0.0
940	2457.8333333333335	0.0
950	2347.0	0.0
960	2416.6666666666665	0.0
970	2130.6666666666665	0.0
980	1822.3333333333333	0.0
990	1684.0	0.0
1000	2340.0	0.0
