0	225.33333333333334	0.0
10	1197.6666666666667	301.0
20	770.0	150.0
30	138.33333333333334	145.0
40	1266.3333333333333	118.0
50	1694.0	90.0
60	1364.5	93.0
70	2386.8333333333335	103.0
80	2336.3333333333335	0.0
90	2205.6666666666665	0.0
100	2338.3333333333335	0.0
110	2408.8333333333335	0.0
120	2365.0	0.0
130	2218.8333333333335	0.0
140	2421.6666666666665	0.0
150	2318.3333333333335	0.0
160	2435.3333333333335	0.0
170	2267.0	0.0
180	2543.0	0.0
190	2327.5	0.0
200	2527.0	0.0
210	2331.6666666666665	0.0
220	2222.8333333333335	0.0
230	2233.0	0.0
240	2378.0	0.0
250	2237.0	0.0
260	1982.3333333333333	0.0
270	1932.1666666666667	0.0
280	1642.3333333333333	0.0
290	1945.3333333333333	0.0
300	2260.5	0.0
310	2138.6666666666665	0.0
320	2126.6666666666665	0.0
330	1886.3333333333333	0.0
340	1969.5	0.0
350	2211.0	0.0
360	2172.6666666666665	0.0
370	1948.6666666666667	0.0
380	2199.3333333333335	0.0
390	2199.6666666666665	0.0
400	2546.0	0.0
410	2529.0	0.0
420	2527.0	0.0
430	1954.8333333333333	0.0
440	2400.1666666666665	0.0
450	2522.3333333333335	0.0
460	1967.8333333333333	0.0
470	2231.3333333333335	0.0
480	2314.3333333333335	0.0
490	2015.3333333333333	0.0
500	1854.0	0.0
510	2512.6666666666665	0.0
520	2464.6666666666665	0.0
530	2346.6666666666665	0.0
540	2329.5	0.0
550	2290.0	0.0
560	2302.0	0.0
570	2475.6666666666665	0.0
580	2202.3333333333335	0.0
590	1932.8333333333333	0.0
600	2521.6666666666665	0.0
610	2507.5	0.0
620	2397.1666666666665	0.0
630	2366.0	0.0
640	2503.5	0.0
650	2133.6666666666665	0.0
660	2365.0	0.0
670	2534.0	0.0
680	2443.3333333333335	0.0
690	2487.5	0.0
700	2495.0	0.0
710	2399.6666666666665	0.0
720	2267.1666666666665	0.0
730	2750.6666666666665	0.0
740	2375.6666666666665	0.0
750	2334.3333333333335	0.0
760	2448.6666666666665	0.0
770	2093.5	0.0
780	2381.0	0.0
790	2288.0	0.0
800	2246.3333333333335	0.0
810	2289.6666666666665	0.0
820	2431.0	0.0
830	2413.0	0.0
840	2499.6666666666665	0.0
850	1980.3333333333333	0.0
860	1799.3333333333333	0.0
870	1898.6666666666667	0.0
880	1662.0	0.0
890	1960.1666666666667	0.0
900	1943.3333333333333	0.0
910	2243.6666666666665	0.0
920	2568.3333333333335	0.0
930	2214.0	0.0
940	2278.8333333333335	0.0
950	2529.3333333333335	0.0
960	2205.5	0.0
970	1883.6666666666667	0.0
980	1661.5	0.0
990	1529.5	0.0
1000	2050.0	0.0
