0	268.0	0.0
10	70.0	353.0
20	70.0	550.0
30	70.0	97.0
40	70.0	0.0
50	70.0	0.0
60	70.0	0.0
70	70.0	0.0
80	70.33333333333333	0.0
90	75.0	0.0
100	76.33333333333333	0.0
110	77.33333333333333	0.0
120	200.33333333333334	0.0
130	328.6666666666667	0.0
140	72.0	0.0
150	368.6666666666667	0.0
160	677.6666666666666	0.0
170	273.3333333333333	0.0
180	462.6666666666667	0.0
190	366.0	0.0
200	345.0	0.0
210	375.6666666666667	0.0
220	542.0	0.0
230	466.6666666666667	0.0
240	954.6666666666666	0.0
250	780.6666666666666	0.0
260	938.6666666666666	0.0
270	2037.3333333333333	0.0
280	2220.0	0.0
290	2380.8333333333335	0.0
300	2107.3333333333335	0.0
310	1728.6666666666667	0.0
320	2217.0	0.0
330	1985.8333333333333	0.0
340	2539.1666666666665	0.0
350	2542.0	0.0
360	2454.3333333333335	0.0
370	2360.8333333333335	0.0
380	2620.6666666666665	0.0
390	2391.6666666666665	0.0
400	2238.8333333333335	0.0
410	2420.0	0.0
420	2514.1666666666665	0.0
430	2400.0	0.0
440	2362.6666666666665	0.0
450	2137.1666666666665	0.0
460	2167.3333333333335	0.0
470	2469.6666666666665	0.0
480	2461.5	0.0
490	2481.6666666666665	0.0
500	2381.1666666666665	0.0
510	2523.6666666666665	0.0
520	2090.3333333333335	0.0
530	1927.5	0.0
540	1780.3333333333333	0.0
550	2635.6666666666665	0.0
560	2459.5	0.0
570	2507.6666666666665	0.0
580	2644.1666666666665	0.0
590	2559.3333333333335	0.0
600	2299.3333333333335	0.0
610	1857.1666666666667	0.0
620	2284.5	0.0
630	2706.3333333333335	0.0
640	1753.3333333333333	0.0
650	2169.6666666666665	0.0
660	2010.0	0.0
670	2115.3333333333335	0.0
680	1925.0	0.0
690	2159.8333333333335	0.0
700	2113.8333333333335	0.0
710	1703.6666666666667	0.0
720	1876.6666666666667	0.0
730	2194.6666666666665	0.0
740	1971.3333333333333	0.0
750	2011.6666666666667	0.0
760	2558.6666666666665	0.0
770	2433.0	0.0
780	2390.0	0.0
790	2514.0	0.0
800	2413.6666666666665	0.0
810	2453.3333333333335	0.0
820	1808.5	0.0
830	2357.6666666666665	0.0
840	2542.6666666666665	0.0
850	2510.8333333333335	0.0
860	1664.3333333333333	0.0
870	1739.0	0.0
880	1908.6666666666667	0.0
890	2631.3333333333335	0.0
900	2304.8333333333335	0.0
910	2606.8333333333335	0.0
920	1919.3333333333333	0.0
930	2558.1666666666665	0.0
940	2114.1666666666665	0.0
950	2251.6666666666665	0.0
960	2459.5	0.0
970	2608.6666666666665	0.0
980	1812.1666666666667	0.0
990	1823.1666666666667	0.0
1000	1941.5	0.0
