0	263.0	0.0
10	70.0	323.0
20	71.66666666666667	187.0
30	77.66666666666667	183.0
40	70.0	84.0
50	259.0	189.0
60	310.3333333333333	34.0
70	639.3333333333334	0.0
80	2086.1666666666665	0.0
90	1950.6666666666667	0.0
100	2125.1666666666665	0.0
110	2168.0	0.0
120	2366.1666666666665	0.0
130	2188.3333333333335	0.0
140	2411.3333333333335	0.0
150	2255.6666666666665	0.0
160	2199.0	0.0
170	2382.6666666666665	0.0
180	2337.6666666666665	0.0
190	2426.6666666666665	0.0
200	2334.6666666666665	0.0
210	2244.3333333333335	0.0
220	2538.0	0.0
230	2262.1666666666665	0.0
240	2112.0	0.0
250	2210.6666666666665	0.0
260	2594.3333333333335	0.0
270	2489.8333333333335	0.0
280	2468.8333333333335	0.0
290	2344.0	0.0
300	2471.6666666666665	0.0
310	1801.0	0.0
320	1828.6666666666667	0.0
330	1971.6666666666667	0.0
340	2060.0	0.0
350	2051.1666666666665	0.0
360	2006.0	0.0
370	1929.0	0.0
380	2509.3333333333335	0.0
390	2062.3333333333335	0.0
400	1922.3333333333333	0.0
410	2283.0	0.0
420	2165.5	0.0
430	2129.1666666666665	0.0
440	2454.3333333333335	0.0
450	2129.0	0.0
460	2198.3333333333335	0.0
470	2276.0	0.0
480	2112.6666666666665	0.0
490	2168.0	0.0
500	2499.6666666666665	0.0
510	2536.0	0.0
520	2450.3333333333335	0.0
530	2441.5	0.0
540	2514.0	0.0
550	2574.8333333333335	0.0
560	2467.6666666666665	0.0
570	2755.6666666666665	0.0
580	2369.6666666666665	0.0
590	2681.0	0.0
600	2439.3333333333335	0.0
610	2291.0	0.0
620	2396.6666666666665	0.0
630	2480.3333333333335	0.0
640	2373.6666666666665	0.0
650	2378.0	0.0
660	2508.6666666666665	0.0
670	2412.8333333333335	0.0
680	2459.6666666666665	0.0
690	2583.0	0.0
700	2576.0	0.0
710	2089.3333333333335	0.0
720	2536.6666666666665	0.0
730	2497.0	0.0
740	2580.6666666666665	0.0
750	2231.0	0.0
760	2391.0	0.0
770	1453.1666666666667	0.0
780	2391.3333333333335	0.0
790	2252.3333333333335	0.0
800	1914.0	0.0
810	1859.6666666666667	0.0
820	1763.3333333333333	0.0
830	2248.5	0.0
840	1963.1666666666667	0.0
850	2215.3333333333335	0.0
860	2442.6666666666665	0.0
870	1879.0	0.0
880	1851.8333333333333	0.0
890	2373.6666666666665	0.0
900	1638.3333333333333	0.0
910	1721.0	0.0
920	2220.8333333333335	0.0
930	1591.0	0.0
940	2449.8333333333335	0.0
950	1804.6666666666667	0.0
960	1884.8333333333333	0.0
970	2024.6666666666667	0.0
980	1483.3333333333333	0.0
990	1741.0	0.0
1000	2162.6666666666665	0.0
