0	280.6666666666667	0.0
10	70.0	0.0
20	70.0	0.0
30	70.0	0.0
40	70.0	0.0
50	70.0	0.0
60	70.0	0.0
70	70.0	0.0
80	70.66666666666667	0.0
90	79.33333333333333	0.0
100	117.33333333333333	0.0
110	80.33333333333333	0.0
120	75.66666666666667	0.0
130	347.6666666666667	0.0
140	328.0	0.0
150	398.6666666666667	10.0
160	234.0	0.0
170	206.66666666666666	0.0
180	474.1666666666667	0.0
190	601.0	0.0
200	182.66666666666666	0.0
210	284.3333333333333	0.0
220	256.3333333333333	12.0
230	240.66666666666666	20.0
240	637.0	46.0
250	268.3333333333333	6.0
260	955.8333333333334	3.0
270	1711.1666666666667	21.0
280	2506.8333333333335	10.0
290	2478.1666666666665	0.0
300	2363.6666666666665	2.0
310	2337.1666666666665	4.0
320	1988.6666666666667	39.0
330	2307.3333333333335	0.0
340	1810.3333333333333	0.0
350	1838.3333333333333	3.0
360	1990.6666666666667	16.0
370	2305.6666666666665	8.0
380	2507.5	8.0
390	2394.6666666666665	1.0
400	2288.1666666666665	7.0
410	2308.3333333333335	21.0
420	2132.6666666666665	3.0
430	2338.3333333333335	9.0
440	1931.5	43.0
450	1974.5	12.0
460	2186.1666666666665	36.0
470	1670.8333333333333	7.0
480	1424.0	3.0
490	1679.3333333333333	21.0
500	2308.3333333333335	24.0
510	1376.6666666666667	5.0
520	1920.0	8.0
530	2211.6666666666665	98.0
540	2306.1666666666665	35.0
550	2349.8333333333335	57.0
560	1752.0	14.0
570	2014.5	53.0
580	1978.6666666666667	41.0
590	1965.6666666666667	2.0
600	1752.5	17.0
610	1788.5	77.0
620	1631.8333333333333	3.0
630	2512.0	10.0
640	2152.0	23.0
650	2237.6666666666665	4.0
660	2165.0	11.0
670	2130.8333333333335	2.0
680	2379.3333333333335	9.0
690	2757.3333333333335	18.0
700	2372.6666666666665	37.0
710	2416.5	1.0
720	2450.6666666666665	14.0
730	2451.6666666666665	34.0
740	2528.5	32.0
750	2666.0	0.0
760	2067.1666666666665	0.0
770	1714.5	0.0
780	2017.3333333333333	0.0
790	1885.6666666666667	0.0
800	1609.3333333333333	0.0
810	2525.5	0.0
820	1819.8333333333333	0.0
830	2307.5	0.0
840	2381.3333333333335	0.0
850	2585.5	0.0
860	1951.3333333333333	0.0
870	2038.1666666666667	0.0
880	1605.6666666666667	0.0
890	2390.0	0.0
900	1599.0	0.0
910	2011.6666666666667	0.0
920	2415.3333333333335	0.0
930	1982.8333333333333	0.0
940	2217.6666666666665	0.0
950	1858.6666666666667	0.0
960	1578.5	0.0
970	1868.8333333333333	0.0
980	2146.5	0.0
990	1626.6666666666667	0.0
1000	1752.1666666666667	0.0
