0	254.0	0.0
10	70.0	0.0
20	70.0	0.0
30	70.0	0.0
40	70.0	0.0
50	70.0	0.0
60	70.0	0.0
70	70.0	0.0
80	70.0	0.0
90	70.0	0.0
100	70.0	0.0
110	70.0	0.0
120	70.0	0.0
130	70.0	0.0
140	70.0	0.0
150	70.0	0.0
160	70.0	0.0
170	70.0	0.0
180	70.66666666666667	0.0
190	72.33333333333333	0.0
200	70.66666666666667	0.0
210	70.0	0.0
220	72.66666666666667	0.0
230	74.0	0.0
240	177.33333333333334	0.0
250	134.33333333333334	0.0
260	145.33333333333334	0.0
270	140.0	0.0
280	133.0	0.0
290	191.0	0.0
300	155.33333333333334	0.0
310	189.0	0.0
320	154.66666666666666	0.0
330	150.0	0.0
340	130.0	0.0
350	179.0	0.0
360	140.0	0.0
370	139.0	0.0
380	130.0	0.0
390	168.33333333333334	0.0
400	155.0	0.0
410	258.6666666666667	0.0
420	627.6666666666666	0.0
430	449.0	0.0
440	513.6666666666666	0.0
450	743.3333333333334	1.0
460	1002.0	0.0
470	1029.0	0.0
480	1079.0	0.0
490	1123.0	0.0
500	1366.6666666666667	0.0
510	2180.0	0.0
520	1718.0	2.0
530	1959.0	13.0
540	1667.3333333333333	0.0
550	1898.0	0.0
560	1924.3333333333333	27.0
570	2285.0	21.0
580	2147.6666666666665	4.0
590	1752.0	0.0
600	2275.3333333333335	18.0
610	2163.5	17.0
620	2356.6666666666665	0.0
630	2168.0	7.0
640	2299.0	18.0
650	2106.0	4.0
660	2148.3333333333335	5.0
670	2159.5	22.0
680	2157.5	8.0
690	2257.0	1.0
700	2161.8333333333335	12.0
710	2310.0	0.0
720	2392.8333333333335	4.0
730	2410.0	7.0
740	2525.0	0.0
750	2702.8333333333335	0.0
760	2417.6666666666665	0.0
770	2363.6666666666665	0.0
780	2715.3333333333335	23.0
790	2522.1666666666665	0.0
800	2462.3333333333335	7.0
810	2874.0	0.0
820	2686.3333333333335	14.0
830	2413.8333333333335	7.0
840	2448.3333333333335	12.0
850	2396.1666666666665	35.0
860	2218.1666666666665	0.0
870	2432.0	1.0
880	2121.0	8.0
890	2450.0	0.0
900	2663.8333333333335	0.0
910	2538.3333333333335	0.0
920	2669.5	7.0
930	2631.3333333333335	2.0
940	2840.8333333333335	18.0
950	2657.3333333333335	0.0
960	2867.6666666666665	0.0
970	2476.1666666666665	0.0
980	2832.6666666666665	0.0
990	2497.3333333333335	0.0
1000	2706.1666666666665	2.0
