0	236.66666666666666	0.0
10	70.0	0.0
20	70.0	0.0
30	70.0	0.0
40	70.0	0.0
50	70.0	0.0
60	70.0	0.0
70	70.0	0.0
80	70.0	0.0
90	71.66666666666667	0.0
100	74.66666666666667	0.0
110	71.0	24.0
120	330.3333333333333	0.0
130	266.3333333333333	0.0
140	212.0	0.0
150	460.3333333333333	0.0
160	149.33333333333334	35.0
170	485.0	0.0
180	125.66666666666667	116.0
190	495.0	35.0
200	577.0	29.0
210	701.3333333333334	21.0
220	774.3333333333334	9.0
230	1394.6666666666667	13.0
240	1278.0	127.0
250	1657.1666666666667	135.0
260	1558.0	29.0
270	1646.3333333333333	239.0
280	1859.6666666666667	188.0
290	2414.3333333333335	0.0
300	2366.0	0.0
310	2187.1666666666665	0.0
320	2408.3333333333335	0.0
330	2241.3333333333335	0.0
340	2388.0	0.0
350	2432.3333333333335	0.0
360	2366.8333333333335	0.0
370	2312.0	0.0
380	2463.0	0.0
390	2278.3333333333335	0.0
400	2090.0	0.0
410	2464.0	0.0
420	2548.6666666666665	0.0
430	2513.3333333333335	0.0
440	2499.5	0.0
450	2643.1666666666665	0.0
460	2077.3333333333335	0.0
470	1629.6666666666667	0.0
480	2600.0	0.0
490	2373.0	0.0
500	1750.3333333333333	0.0
510	2411.0	0.0
520	2487.3333333333335	0.0
530	2519.6666666666665	0.0
540	2475.0	0.0
550	2452.8333333333335	0.0
560	1823.3333333333333	0.0
570	1472.8333333333333	0.0
580	2467.1666666666665	0.0
590	2244.6666666666665	0.0
600	2359.3333333333335	0.0
610	2343.6666666666665	0.0
620	2510.8333333333335	0.0
630	1733.8333333333333	0.0
640	2595.1666666666665	0.0
650	2676.8333333333335	0.0
660	2220.0	0.0
670	2233.0	0.0
680	1822.3333333333333	0.0
690	1647.8333333333333	0.0
700	2643.0	0.0
710	2599.1666666666665	0.0
720	1697.6666666666667	0.0
730	1700.8333333333333	0.0
740	2079.6666666666665	0.0
750	2282.8333333333335	0.0
760	1730.1666666666667	0.0
770	2063.1666666666665	0.0
780	1909.0	0.0
790	2457.0	0.0
800	2436.3333333333335	0.0
810	2222.0	0.0
820	1790.1666666666667	0.0
830	1788.8333333333333	0.0
840	1765.3333333333333	0.0
850	2459.3333333333335	0.0
860	1752.6666666666667	0.0
870	1792.8333333333333	0.0
880	1872.6666666666667	0.0
890	2374.5	0.0
900	1883.3333333333333	0.0
910	2376.6666666666665	0.0
920	2054.5	0.0
930	2308.6666666666665	0.0
940	2562.6666666666665	0.0
950	2187.8333333333335	0.0
960	2458.0	0.0
970	2418.0	0.0
980	2435.6666666666665	0.0
990	2388.6666666666665	0.0
1000	1623.6666666666667	0.0
