0	293.3333333333333	0.0
10	97.66666666666667	582.0
20	90.0	418.0
30	90.66666666666667	0.0
40	93.0	0.0
50	80.33333333333333	0.0
60	70.33333333333333	0.0
70	70.0	0.0
80	70.0	0.0
90	70.33333333333333	0.0
100	72.66666666666667	0.0
110	391.0	0.0
120	130.66666666666666	0.0
130	386.0	0.0
140	2118.3333333333335	0.0
150	1161.0	0.0
160	1647.3333333333333	0.0
170	1840.0	0.0
180	1133.0	0.0
190	1355.3333333333333	0.0
200	1296.3333333333333	0.0
210	2032.0	0.0
220	1659.0	0.0
230	1906.3333333333333	0.0
240	2312.8333333333335	0.0
250	2095.0	0.0
260	2191.1666666666665	0.0
270	2348.6666666666665	0.0
280	2591.1666666666665	0.0
290	2423.5	0.0
300	2542.8333333333335	0.0
310	2191.1666666666665	0.0
320	2395.8333333333335	0.0
330	2386.1666666666665	0.0
340	2372.0	0.0
350	2359.1666666666665	0.0
360	2528.3333333333335	0.0
370	2192.0	0.0
380	2582.6666666666665	0.0
390	2355.6666666666665	0.0
400	2623.0	0.0
410	2171.6666666666665	0.0
420	2654.0	0.0
430	2587.3333333333335	0.0
440	2350.0	0.0
450	2541.3333333333335	0.0
460	2277.6666666666665	0.0
470	2313.3333333333335	0.0
480	2584.8333333333335	0.0
490	2476.0	0.0
500	2524.6666666666665	0.0
510	2670.0	0.0
520	2598.0	0.0
530	2239.0	0.0
540	2574.3333333333335	0.0
550	2521.3333333333335	0.0
560	2566.6666666666665	0.0
570	2639.0	0.0
580	2437.3333333333335	0.0
590	2596.3333333333335	0.0
600	2732.1666666666665	0.0
610	2472.5	0.0
620	2547.3333333333335	0.0
630	2077.3333333333335	0.0
640	2683.3333333333335	0.0
650	2718.6666666666665	0.0
660	2591.5	0.0
670	2667.6666666666665	0.0
680	2313.1666666666665	0.0
690	2759.1666666666665	0.0
700	2348.6666666666665	0.0
710	2558.3333333333335	0.0
720	2570.5	0.0
730	2792.8333333333335	0.0
740	2776.6666666666665	0.0
750	2695.6666666666665	0.0
760	2449.8333333333335	0.0
770	2619.0	0.0
780	2642.5	0.0
790	2527.8333333333335	0.0
800	2804.6666666666665	0.0
