0	230.0	0.0
10	70.0	0.0
20	70.0	0.0
30	70.0	0.0
40	70.0	0.0
50	70.0	0.0
60	70.0	0.0
70	70.0	0.0
80	70.0	0.0
90	70.0	0.0
100	70.0	0.0
110	70.0	0.0
120	70.0	0.0
130	70.0	0.0
140	70.0	0.0
150	70.0	0.0
160	70.0	0.0
170	70.0	0.0
180	70.0	0.0
190	70.0	0.0
200	70.66666666666667	0.0
210	73.0	0.0
220	74.33333333333333	0.0
230	74.0	0.0
240	70.66666666666667	0.0
250	122.66666666666667	0.0
260	167.33333333333334	0.0
270	133.33333333333334	0.0
280	310.3333333333333	0.0
290	154.0	0.0
300	197.0	0.0
310	160.66666666666666	0.0
320	155.33333333333334	0.0
330	163.33333333333334	0.0
340	154.66666666666666	0.0
350	130.0	0.0
360	138.0	0.0
370	196.0	0.0
380	170.0	0.0
390	148.0	0.0
400	321.0	0.0
410	286.3333333333333	0.0
420	527.6666666666666	0.0
430	722.0	0.0
440	906.3333333333334	0.0
450	836.6666666666666	0.0
460	1289.6666666666667	0.0
470	1382.0	0.0
480	1285.0	0.0
490	1802.0	0.0
500	2184.0	0.0
510	1957.3333333333333	0.0
520	2232.3333333333335	0.0
530	1788.0	0.0
540	2016.6666666666667	0.0
550	2190.3333333333335	0.0
560	2431.0	0.0
570	2126.6666666666665	0.0
580	2138.6666666666665	0.0
590	2176.6666666666665	0.0
600	2184.3333333333335	0.0
610	2290.6666666666665	0.0
620	2069.0	0.0
630	2375.5	0.0
640	2325.0	0.0
650	2519.8333333333335	0.0
660	2358.0	0.0
670	2549.1666666666665	0.0
680	2525.5	0.0
690	2503.6666666666665	0.0
700	2736.0	0.0
710	2734.5	0.0
720	2572.1666666666665	0.0
730	2720.5	0.0
740	2641.6666666666665	0.0
750	2754.5	0.0
760	2734.0	0.0
770	2448.8333333333335	0.0
780	2063.3333333333335	0.0
790	2749.5	0.0
800	2445.3333333333335	0.0
