0	233.66666666666666	0.0
10	70.0	0.0
20	70.0	0.0
30	70.0	0.0
40	70.0	0.0
50	70.0	0.0
60	70.0	0.0
70	70.0	0.0
80	70.0	0.0
90	70.0	0.0
100	70.0	0.0
110	70.0	0.0
120	70.0	0.0
130	70.0	0.0
140	70.0	0.0
150	70.0	0.0
160	70.0	0.0
170	70.0	0.0
180	70.0	0.0
190	71.0	0.0
200	71.66666666666667	0.0
210	71.0	0.0
220	74.0	0.0
230	78.33333333333333	0.0
240	117.33333333333333	0.0
250	111.33333333333333	0.0
260	235.33333333333334	0.0
270	157.0	0.0
280	178.33333333333334	0.0
290	131.0	0.0
300	139.0	0.0
310	139.0	0.0
320	131.0	0.0
330	130.0	0.0
340	148.33333333333334	0.0
350	138.0	0.0
360	202.0	0.0
370	235.33333333333334	0.0
380	192.0	0.0
390	281.6666666666667	0.0
400	336.0	0.0
410	358.6666666666667	0.0
420	284.6666666666667	0.0
430	652.6666666666666	0.0
440	547.6666666666666	0.0
450	1056.6666666666667	0.0
460	1155.6666666666667	0.0
470	1082.3333333333333	0.0
480	1669.1666666666667	0.0
490	1507.6666666666667	0.0
500	1606.3333333333333	0.0
510	1795.0	0.0
520	1995.0	0.0
530	2156.3333333333335	0.0
540	1924.6666666666667	0.0
550	2006.3333333333333	0.0
560	2062.0	0.0
570	2227.6666666666665	0.0
580	1876.5	0.0
590	2050.3333333333335	0.0
600	2158.5	0.0
610	2228.6666666666665	0.0
620	2253.0	0.0
630	2168.6666666666665	0.0
640	2276.0	0.0
650	2282.6666666666665	0.0
660	2272.5	0.0
670	2072.5	0.0
680	2408.0	0.0
690	2350.5	0.0
700	2263.6666666666665	0.0
710	2400.1666666666665	0.0
720	2531.6666666666665	0.0
730	2387.6666666666665	0.0
740	2503.3333333333335	0.0
750	2479.5	0.0
760	2575.6666666666665	0.0
770	2340.0	0.0
780	2468.6666666666665	0.0
790	2695.8333333333335	0.0
800	2241.1666666666665	0.0
