0	256.0	0.0
10	70.0	0.0
20	70.0	0.0
30	70.0	0.0
40	70.0	0.0
50	70.0	0.0
60	70.0	0.0
70	70.0	0.0
80	70.0	0.0
90	70.0	0.0
100	70.0	0.0
110	70.0	0.0
120	70.0	0.0
130	70.0	0.0
140	70.0	0.0
150	70.0	0.0
160	70.0	0.0
170	70.0	0.0
180	70.33333333333333	0.0
190	71.0	0.0
200	70.0	0.0
210	71.66666666666667	0.0
220	78.66666666666667	0.0
230	71.0	0.0
240	77.0	0.0
250	72.66666666666667	0.0
260	94.0	0.0
270	128.66666666666666	0.0
280	217.33333333333334	0.0
290	116.33333333333333	0.0
300	179.66666666666666	0.0
310	308.0	0.0
320	164.66666666666666	0.0
330	146.0	0.0
340	146.66666666666666	0.0
350	171.33333333333334	0.0
360	194.33333333333334	0.0
370	218.66666666666666	0.0
380	163.0	0.0
390	154.33333333333334	0.0
400	184.33333333333334	0.0
410	351.6666666666667	0.0
420	471.3333333333333	0.0
430	671.0	0.0
440	620.3333333333334	0.0
450	790.3333333333334	0.0
460	644.6666666666666	0.0
470	824.6666666666666	0.0
480	1163.6666666666667	0.0
490	1185.6666666666667	0.0
500	1300.6666666666667	0.0
510	1565.3333333333333	0.0
520	1999.0	0.0
530	2340.0	0.0
540	2067.6666666666665	0.0
550	1986.0	0.0
560	2154.3333333333335	0.0
570	2336.8333333333335	0.0
580	2240.6666666666665	0.0
590	2131.0	0.0
600	2490.5	0.0
610	2287.0	0.0
620	1906.3333333333333	0.0
630	2178.6666666666665	0.0
640	2391.0	0.0
650	2410.6666666666665	0.0
660	2350.3333333333335	0.0
670	2283.6666666666665	0.0
680	2123.3333333333335	0.0
690	2496.0	0.0
700	2127.0	0.0
710	2462.6666666666665	0.0
720	2434.3333333333335	0.0
730	2762.3333333333335	0.0
740	2492.5	0.0
750	2693.0	0.0
760	2818.6666666666665	0.0
770	2684.3333333333335	0.0
780	2750.0	0.0
790	2683.1666666666665	0.0
800	2574.0	0.0
