0	263.6666666666667	0.0
10	70.0	0.0
20	70.0	0.0
30	70.0	3.0
40	70.0	1.0
50	70.0	12.0
60	70.0	3.0
70	70.0	13.0
80	70.0	1.0
90	70.0	0.0
100	70.0	0.0
110	70.0	0.0
120	70.0	11.0
130	70.0	0.0
140	70.0	10.0
150	70.0	6.0
160	70.0	0.0
170	70.0	0.0
180	70.0	7.0
190	70.0	0.0
200	70.33333333333333	1.0
210	70.33333333333333	0.0
220	72.66666666666667	1.0
230	73.66666666666667	0.0
240	72.0	5.0
250	113.0	0.0
260	160.0	7.0
270	412.3333333333333	50.0
280	403.3333333333333	15.0
290	315.3333333333333	12.0
300	171.33333333333334	17.0
310	154.33333333333334	20.0
320	228.0	27.0
330	609.6666666666666	11.0
340	328.3333333333333	15.0
350	802.0	26.0
360	1051.0	23.0
370	1259.6666666666667	16.0
380	1140.6666666666667	13.0
390	1584.0	25.0
400	1264.0	17.0
410	2002.6666666666667	20.0
420	2053.3333333333335	27.0
430	1900.3333333333333	24.0
440	1498.0	32.0
450	2296.6666666666665	24.0
460	1694.3333333333333	18.0
470	2258.3333333333335	13.0
480	1756.6666666666667	17.0
490	2047.6666666666667	26.0
500	2239.0	19.0
510	2349.1666666666665	23.0
520	2401.3333333333335	20.0
530	2142.3333333333335	12.0
540	2485.0	28.0
550	2126.5	22.0
560	2193.0	18.0
570	2450.0	17.0
580	2336.3333333333335	20.0
590	2446.8333333333335	23.0
600	2408.6666666666665	23.0
610	2690.6666666666665	28.0
620	2387.1666666666665	14.0
630	2719.8333333333335	27.0
640	2343.6666666666665	23.0
650	2702.5	24.0
660	2605.3333333333335	24.0
670	2460.0	22.0
680	2679.3333333333335	35.0
690	2318.5	9.0
700	2399.6666666666665	0.0
710	2576.8333333333335	0.0
720	2336.6666666666665	0.0
730	2471.3333333333335	0.0
740	2457.8333333333335	0.0
750	2599.8333333333335	0.0
760	2514.0	0.0
770	2693.1666666666665	0.0
780	2559.6666666666665	0.0
790	2477.3333333333335	0.0
800	2606.6666666666665	0.0
