0	262.6666666666667	0.0
10	510.6666666666667	1000.0
20	469.0	0.0
30	1143.0	0.0
40	1749.0	0.0
50	1852.3333333333333	0.0
60	1943.0	0.0
70	2116.6666666666665	0.0
80	2285.3333333333335	0.0
90	2032.0	0.0
100	2048.1666666666665	0.0
110	2186.5	0.0
120	2142.0	0.0
130	2227.5	0.0
140	2090.0	0.0
150	2071.6666666666665	0.0
160	2378.6666666666665	0.0
170	2317.0	0.0
180	2581.6666666666665	0.0
190	2372.6666666666665	0.0
200	2597.0	0.0
210	2338.8333333333335	0.0
220	2642.3333333333335	0.0
230	2518.6666666666665	0.0
240	2369.6666666666665	0.0
250	1180.0	0.0
260	1167.5	0.0
270	1465.6666666666667	0.0
280	1589.0	0.0
290	1733.6666666666667	0.0
300	1770.6666666666667	0.0
310	1952.5	0.0
320	1949.0	0.0
330	1787.6666666666667	0.0
340	2109.3333333333335	0.0
350	1675.3333333333333	0.0
360	1664.0	0.0
370	2280.0	0.0
380	1852.0	0.0
390	1567.6666666666667	0.0
400	1714.6666666666667	0.0
410	2078.6666666666665	0.0
420	1450.6666666666667	0.0
430	2374.0	0.0
440	2583.3333333333335	0.0
450	1581.0	0.0
460	2568.0	0.0
470	2150.3333333333335	0.0
480	2032.3333333333333	0.0
490	2026.8333333333333	0.0
500	1938.0	0.0
510	1982.3333333333333	0.0
520	2110.6666666666665	0.0
530	2234.3333333333335	0.0
540	2054.5	0.0
550	2358.3333333333335	0.0
560	2289.6666666666665	0.0
570	2298.5	0.0
580	2232.3333333333335	0.0
590	2405.8333333333335	0.0
600	1688.3333333333333	0.0
