0	282.3333333333333	0.0
10	100.0	1000.0
20	95.0	0.0
30	102.0	0.0
40	98.0	0.0
50	125.33333333333333	0.0
60	152.66666666666666	0.0
70	1554.6666666666667	0.0
80	1778.6666666666667	0.0
90	1862.0	0.0
100	2021.3333333333333	0.0
110	2135.1666666666665	0.0
120	2119.8333333333335	0.0
130	2228.1666666666665	0.0
140	2029.0	0.0
150	2190.0	0.0
160	2084.5	0.0
170	2233.5	0.0
180	2122.3333333333335	0.0
190	2470.3333333333335	0.0
200	2203.5	0.0
210	2239.0	0.0
220	2246.8333333333335	0.0
230	2356.3333333333335	0.0
240	2161.3333333333335	0.0
250	2278.0	0.0
260	2182.3333333333335	0.0
270	2437.8333333333335	0.0
280	2369.1666666666665	0.0
290	2304.0	0.0
300	2433.6666666666665	0.0
310	1319.6666666666667	0.0
320	2065.0	0.0
330	1947.6666666666667	0.0
340	1881.3333333333333	0.0
350	1867.8333333333333	0.0
360	1666.0	0.0
370	1814.8333333333333	0.0
380	1772.6666666666667	0.0
390	1822.3333333333333	0.0
400	2192.5	0.0
410	1849.0	0.0
420	2003.6666666666667	0.0
430	1922.5	0.0
440	1784.3333333333333	0.0
450	2383.6666666666665	0.0
460	1874.5	0.0
470	2038.6666666666667	0.0
480	2390.6666666666665	0.0
490	1853.6666666666667	0.0
500	2017.1666666666667	0.0
510	1902.5	0.0
520	2202.6666666666665	0.0
530	2376.3333333333335	0.0
540	2185.6666666666665	0.0
550	2419.3333333333335	0.0
560	2302.3333333333335	0.0
570	2374.0	0.0
580	2286.0	0.0
590	2335.3333333333335	0.0
600	2181.5	0.0
