0	254.66666666666666	0.0
10	70.0	0.0
20	70.0	0.0
30	70.0	0.0
40	70.0	0.0
50	70.0	0.0
60	70.0	0.0
70	70.33333333333333	0.0
80	70.33333333333333	0.0
90	78.33333333333333	0.0
100	74.66666666666667	0.0
110	156.33333333333334	0.0
120	379.6666666666667	0.0
130	103.66666666666667	0.0
140	161.0	0.0
150	147.66666666666666	0.0
160	290.6666666666667	0.0
170	163.66666666666666	0.0
180	351.0	0.0
190	308.0	0.0
200	340.0	0.0
210	297.6666666666667	0.0
220	336.0	0.0
230	343.6666666666667	0.0
240	366.6666666666667	0.0
250	370.6666666666667	0.0
260	311.0	0.0
270	348.0	0.0
280	340.3333333333333	0.0
290	469.3333333333333	0.0
300	728.3333333333334	0.0
310	676.3333333333334	0.0
320	1099.0	0.0
330	935.6666666666666	0.0
340	1490.8333333333333	0.0
350	1725.8333333333333	0.0
360	1348.8333333333333	0.0
370	1273.0	0.0
380	1029.1666666666667	0.0
390	1795.0	0.0
400	1417.6666666666667	0.0
410	1935.8333333333333	0.0
420	1734.8333333333333	0.0
430	1038.0	0.0
440	1736.6666666666667	0.0
450	2101.8333333333335	0.0
460	1702.6666666666667	0.0
470	1855.0	0.0
480	1601.0	0.0
490	1793.5	0.0
500	1787.5	0.0
510	1795.8333333333333	0.0
520	1847.1666666666667	0.0
530	2312.3333333333335	0.0
540	1805.6666666666667	0.0
550	1784.1666666666667	0.0
560	1802.6666666666667	0.0
570	2318.3333333333335	0.0
580	2113.6666666666665	0.0
590	1734.0	0.0
600	1781.3333333333333	0.0
610	1712.5	0.0
620	1957.1666666666667	0.0
630	1522.0	0.0
640	1693.3333333333333	0.0
650	1502.0	0.0
660	1706.5	0.0
670	2435.5	0.0
680	1851.0	0.0
690	1581.1666666666667	0.0
700	1988.6666666666667	0.0
710	1410.6666666666667	0.0
720	1679.0	0.0
730	1512.0	0.0
740	1774.3333333333333	0.0
750	2038.5	0.0
760	2024.1666666666667	0.0
770	2007.3333333333333	0.0
780	2546.5	0.0
790	2351.0	0.0
800	2421.8333333333335	0.0
810	2535.3333333333335	0.0
820	2325.0	0.0
830	2506.5	0.0
840	2700.5	0.0
850	2268.6666666666665	0.0
860	2379.3333333333335	0.0
870	2427.0	0.0
880	1786.8333333333333	0.0
890	2403.3333333333335	0.0
900	2380.3333333333335	0.0
910	2565.0	0.0
920	1588.3333333333333	0.0
930	1439.5	0.0
940	1864.0	0.0
950	1751.0	0.0
960	2504.3333333333335	0.0
970	2284.6666666666665	0.0
980	1820.5	0.0
990	2184.6666666666665	0.0
1000	1763.0	0.0
