0	252.33333333333334	0.0
10	70.0	0.0
20	70.0	0.0
30	70.0	0.0
40	70.0	0.0
50	70.0	0.0
60	70.0	0.0
70	70.0	0.0
80	70.33333333333333	0.0
90	72.66666666666667	0.0
100	79.33333333333333	0.0
110	91.33333333333333	0.0
120	304.3333333333333	0.0
130	167.0	0.0
140	70.0	0.0
150	164.0	0.0
160	213.0	0.0
170	160.0	0.0
180	149.0	0.0
190	253.33333333333334	0.0
200	305.0	0.0
210	337.0	0.0
220	313.0	0.0
230	238.0	0.0
240	238.33333333333334	0.0
250	331.6666666666667	0.0
260	331.6666666666667	0.0
270	326.3333333333333	0.0
280	476.6666666666667	0.0
290	435.6666666666667	0.0
300	920.3333333333334	0.0
310	1011.0	0.0
320	1072.3333333333333	0.0
330	1436.1666666666667	0.0
340	1696.0	0.0
350	1125.6666666666667	0.0
360	2425.8333333333335	0.0
370	2136.3333333333335	0.0
380	2802.1666666666665	0.0
390	2447.3333333333335	0.0
400	2264.0	0.0
410	2683.6666666666665	0.0
420	2175.8333333333335	0.0
430	2364.6666666666665	0.0
440	2514.6666666666665	0.0
450	2476.5	0.0
460	2539.8333333333335	0.0
470	2428.3333333333335	0.0
480	2559.8333333333335	0.0
490	2432.0	0.0
500	2445.5	0.0
510	2286.0	0.0
520	2518.5	0.0
530	2430.0	0.0
540	2202.1666666666665	0.0
550	2277.5	0.0
560	1955.0	0.0
570	2414.6666666666665	0.0
580	1775.3333333333333	0.0
590	2154.1666666666665	0.0
600	2170.0	0.0
610	1987.8333333333333	0.0
620	2294.6666666666665	0.0
630	1832.3333333333333	0.0
640	1771.0	0.0
650	1979.8333333333333	0.0
660	1936.6666666666667	0.0
670	1827.8333333333333	0.0
680	1724.0	0.0
690	2433.5	0.0
700	1749.8333333333333	0.0
710	2046.0	0.0
720	2269.0	0.0
730	1705.3333333333333	0.0
740	1336.6666666666667	0.0
750	1451.1666666666667	0.0
760	1575.0	0.0
770	1156.3333333333333	0.0
780	1809.1666666666667	0.0
790	1628.5	0.0
800	1577.8333333333333	0.0
810	2094.3333333333335	0.0
820	1654.0	0.0
830	1854.8333333333333	0.0
840	2150.1666666666665	0.0
850	2522.6666666666665	0.0
860	1951.6666666666667	0.0
870	2353.6666666666665	0.0
880	2267.1666666666665	0.0
890	2882.0	0.0
900	2379.6666666666665	0.0
910	2227.6666666666665	0.0
920	2466.6666666666665	0.0
930	2389.6666666666665	0.0
940	2046.3333333333333	0.0
950	2456.5	0.0
960	2432.0	0.0
970	2605.3333333333335	0.0
980	2420.0	0.0
990	2499.6666666666665	0.0
1000	2217.8333333333335	0.0
