0	257.99999999999994	0.0
10	70.0	0.03333333333333333
20	70.0	0.03333333333333333
30	70.0	0.1
40	70.0	0.0
50	70.0	0.0
60	70.0	0.0
70	70.0	0.0
80	70.0	0.0
90	70.0	0.0
100	70.0	0.0
110	70.0	0.0
120	70.0	0.0
130	70.0	0.0
140	70.0	0.0
150	70.0	0.0
160	70.04444444444444	0.0
170	70.05555555555556	0.0
180	70.3888888888889	0.0
190	71.17777777777778	0.0
200	71.33333333333333	0.0
210	73.23333333333333	0.03333333333333333
220	73.08888888888889	0.0
230	85.78888888888888	0.0
240	109.00000000000003	0.06666666666666667
250	157.17777777777778	0.0
260	173.86666666666667	0.3333333333333333
270	196.0444444444444	0.0
280	180.7333333333333	0.16666666666666666
290	185.3222222222222	0.26666666666666666
300	173.91111111111107	0.1
310	168.91111111111113	0.43333333333333335
320	156.22222222222223	1.9666666666666666
330	158.74444444444447	0.26666666666666666
340	162.14444444444442	0.7
350	174.7333333333334	0.9
360	181.9555555555556	1.8666666666666667
370	212.79999999999998	0.7333333333333333
380	250.2444444444444	0.7333333333333333
390	246.7777777777778	0.9333333333333333
400	269.31111111111113	0.8
410	363.1555555555556	1.1333333333333333
420	392.6111111111111	1.5
430	453.488888888889	2.066666666666667
440	515.6333333333334	0.8
450	652.5166666666667	1.3666666666666667
460	713.3222222222223	1.1666666666666667
470	795.1777777777778	1.5333333333333334
480	904.5555555555555	2.1333333333333333
490	956.4444444444445	2.033333333333333
500	1017.4944444444444	2.0
510	1152.0666666666666	2.6
520	1173.283333333333	2.7333333333333334
530	1307.2555555555555	2.8333333333333335
540	1323.2222222222222	3.466666666666667
550	1428.2055555555557	2.6
560	1517.7000000000003	2.6666666666666665
570	1590.0611111111111	2.8666666666666667
580	1653.2222222222222	2.4
590	1742.9444444444446	3.0
600	1774.4333333333334	2.066666666666667
