0	269.6666666666667	0.0
10	70.0	0.0
20	70.0	0.0
30	70.0	0.0
40	70.0	0.0
50	70.0	0.0
60	70.0	0.0
70	70.0	0.0
80	70.0	0.0
90	70.0	0.0
100	70.0	0.0
110	70.0	0.0
120	70.0	0.0
130	70.0	0.0
140	70.0	0.0
150	70.0	0.0
160	70.33333333333333	0.0
170	70.0	0.0
180	70.0	0.0
190	71.66666666666667	0.0
200	71.33333333333333	0.0
210	73.66666666666667	0.0
220	73.66666666666667	0.0
230	179.66666666666666	0.0
240	145.33333333333334	0.0
250	140.0	0.0
260	134.33333333333334	0.0
270	130.0	0.0
280	138.0	0.0
290	163.0	0.0
300	138.66666666666666	0.0
310	155.66666666666666	0.0
320	130.0	0.0
330	154.0	0.0
340	138.0	0.0
350	155.0	0.0
360	138.66666666666666	0.0
370	139.66666666666666	0.0
380	192.33333333333334	0.0
390	190.66666666666666	0.0
400	155.0	0.0
410	147.66666666666666	0.0
420	223.66666666666666	0.0
430	236.66666666666666	0.0
440	332.3333333333333	0.0
450	222.0	0.0
460	235.33333333333334	2.0
470	263.0	0.0
480	371.6666666666667	0.0
490	361.6666666666667	0.0
500	423.6666666666667	1.0
510	293.3333333333333	0.0
520	456.0	3.0
530	565.0	0.0
540	847.0	3.0
550	669.0	0.0
560	709.6666666666666	0.0
570	421.0	0.0
580	797.3333333333334	0.0
590	1032.0	2.0
600	890.6666666666666	3.0
