0	245.66666666666666	0.0
10	70.0	0.0
20	70.0	0.0
30	70.0	0.0
40	70.0	0.0
50	70.0	0.0
60	70.0	0.0
70	70.0	0.0
80	70.0	0.0
90	70.0	0.0
100	70.0	0.0
110	70.0	0.0
120	70.0	0.0
130	70.0	0.0
140	70.0	0.0
150	70.0	0.0
160	70.0	0.0
170	70.0	0.0
180	70.0	0.0
190	71.33333333333333	0.0
200	70.66666666666667	0.0
210	71.66666666666667	0.0
220	73.33333333333333	0.0
230	72.66666666666667	0.0
240	77.66666666666667	2.0
250	304.0	0.0
260	359.6666666666667	0.0
270	179.0	0.0
280	155.33333333333334	0.0
290	138.0	0.0
300	155.33333333333334	1.0
310	157.0	0.0
320	139.0	0.0
330	139.0	1.0
340	130.0	0.0
350	139.66666666666666	0.0
360	130.0	0.0
370	159.0	6.0
380	259.6666666666667	0.0
390	234.0	1.0
400	191.66666666666666	2.0
410	276.0	1.0
420	670.3333333333334	1.0
430	752.6666666666666	1.0
440	896.0	0.0
450	829.6666666666666	3.0
460	820.0	0.0
470	1082.3333333333333	3.0
480	1122.0	0.0
490	1572.6666666666667	4.0
500	1599.0	0.0
510	1697.0	7.0
520	2092.1666666666665	5.0
530	1913.5	5.0
540	2012.0	3.0
550	2103.0	7.0
560	1569.3333333333333	6.0
570	2405.6666666666665	2.0
580	1898.6666666666667	2.0
590	2361.6666666666665	2.0
600	2515.6666666666665	2.0
