0	228.66666666666666	0.0
10	70.0	0.0
20	70.0	0.0
30	70.0	0.0
40	70.0	0.0
50	70.0	0.0
60	70.0	0.0
70	70.0	0.0
80	70.0	0.0
90	70.0	0.0
100	70.0	0.0
110	70.0	0.0
120	70.0	0.0
130	70.0	0.0
140	70.0	0.0
150	70.0	0.0
160	70.0	0.0
170	70.33333333333333	0.0
180	70.0	0.0
190	71.33333333333333	0.0
200	70.0	0.0
210	71.66666666666667	0.0
220	70.66666666666667	0.0
230	71.0	0.0
240	74.33333333333333	0.0
250	98.66666666666667	0.0
260	70.0	0.0
270	134.0	0.0
280	156.66666666666666	0.0
290	432.6666666666667	0.0
300	272.0	0.0
310	186.33333333333334	0.0
320	178.66666666666666	0.0
330	154.66666666666666	0.0
340	284.0	0.0
350	237.66666666666666	0.0
360	154.33333333333334	4.0
370	173.0	0.0
380	138.0	0.0
390	210.66666666666666	0.0
400	262.0	0.0
410	410.0	0.0
420	216.33333333333334	2.0
430	511.6666666666667	1.0
440	672.0	0.0
450	744.3333333333334	3.0
460	885.6666666666666	2.0
470	1007.3333333333334	2.0
480	1288.6666666666667	0.0
490	1240.6666666666667	5.0
500	1205.0	1.0
510	1650.0	1.0
520	1636.1666666666667	1.0
530	1556.3333333333333	5.0
540	2305.0	2.0
550	2327.3333333333335	1.0
560	2414.0	3.0
570	2100.6666666666665	5.0
580	1786.6666666666667	1.0
590	2132.3333333333335	5.0
600	2370.3333333333335	5.0
