0	218.0	0.0
10	70.0	0.0
20	70.0	0.0
30	70.0	0.0
40	70.0	0.0
50	70.0	0.0
60	70.0	0.0
70	70.0	0.0
80	70.0	0.0
90	70.0	0.0
100	70.0	0.0
110	70.0	0.0
120	70.0	0.0
130	70.0	0.0
140	70.0	0.0
150	70.0	0.0
160	70.33333333333333	0.0
170	70.0	0.0
180	70.0	0.0
190	71.33333333333333	0.0
200	72.0	0.0
210	72.0	0.0
220	72.0	0.0
230	71.33333333333333	0.0
240	170.33333333333334	0.0
250	122.33333333333333	0.0
260	124.66666666666667	0.0
270	193.66666666666666	0.0
280	141.33333333333334	0.0
290	154.66666666666666	0.0
300	146.66666666666666	0.0
310	172.0	0.0
320	163.0	7.0
330	138.0	0.0
340	145.66666666666666	0.0
350	146.33333333333334	0.0
360	187.33333333333334	0.0
370	242.0	1.0
380	193.33333333333334	10.0
390	130.0	1.0
400	247.0	3.0
410	597.0	0.0
420	695.3333333333334	3.0
430	682.3333333333334	0.0
440	630.0	3.0
450	1046.0	5.0
460	1242.3333333333333	2.0
470	1631.0	2.0
480	1609.6666666666667	8.0
490	1877.6666666666667	5.0
500	2057.3333333333335	9.0
510	1787.5	6.0
520	1828.0	6.0
530	2092.6666666666665	1.0
540	2006.3333333333333	1.0
550	2241.0	2.0
560	2234.5	2.0
570	2042.3333333333333	5.0
580	2224.6666666666665	2.0
590	2341.0	2.0
600	2316.0	1.0
