0	245.66666666666666	0.0
10	1126.3333333333333	550.0
20	94.0	452.0
30	80.66666666666667	0.0
40	900.3333333333334	0.0
50	1623.3333333333333	0.0
60	1848.3333333333333	0.0
70	1863.3333333333333	0.0
80	2343.5	0.0
90	2067.0	0.0
100	2465.1666666666665	0.0
110	2708.3333333333335	0.0
120	2376.3333333333335	0.0
130	2416.6666666666665	0.0
140	2344.0	0.0
150	2666.3333333333335	0.0
160	2228.3333333333335	0.0
170	2053.0	0.0
180	1842.5	0.0
190	1997.5	0.0
200	2155.0	0.0
210	2293.3333333333335	0.0
220	2338.3333333333335	0.0
230	2380.3333333333335	0.0
240	2179.6666666666665	0.0
250	2270.6666666666665	0.0
260	2531.0	0.0
270	1781.6666666666667	0.0
280	1926.0	0.0
290	1771.0	0.0
300	2279.6666666666665	0.0
310	1830.1666666666667	0.0
320	1971.1666666666667	0.0
330	1966.3333333333333	0.0
340	2242.3333333333335	0.0
350	2217.5	0.0
360	1798.3333333333333	0.0
370	1628.3333333333333	0.0
380	2266.6666666666665	0.0
390	2163.3333333333335	0.0
400	1978.3333333333333	0.0
410	1951.5	0.0
420	2097.3333333333335	0.0
430	1376.5	0.0
440	1819.0	0.0
450	2300.0	0.0
460	1871.3333333333333	0.0
470	1846.6666666666667	0.0
480	1758.3333333333333	0.0
490	1659.5	0.0
500	2514.6666666666665	0.0
510	2127.6666666666665	0.0
520	2530.6666666666665	0.0
530	2347.3333333333335	0.0
540	2413.3333333333335	0.0
550	2694.8333333333335	0.0
560	2311.3333333333335	0.0
570	1920.1666666666667	0.0
580	2345.1666666666665	0.0
590	2253.6666666666665	0.0
600	1869.3333333333333	0.0
