0	242.66666666666666	0.0
10	145.0	597.0
20	144.33333333333334	329.0
30	1312.3333333333333	83.0
40	1464.6666666666667	0.0
50	2027.6666666666667	0.0
60	2128.0	0.0
70	2433.0	0.0
80	2192.3333333333335	0.0
90	2160.6666666666665	0.0
100	2277.0	0.0
110	2285.6666666666665	0.0
120	2425.6666666666665	0.0
130	2457.8333333333335	0.0
140	2113.6666666666665	0.0
150	2642.8333333333335	0.0
160	2375.0	0.0
170	2341.8333333333335	0.0
180	2511.6666666666665	0.0
190	2413.6666666666665	0.0
200	2229.0	0.0
210	2458.6666666666665	0.0
220	2362.1666666666665	0.0
230	2416.6666666666665	0.0
240	2491.1666666666665	0.0
250	2017.1666666666667	0.0
260	1831.3333333333333	0.0
270	2304.0	0.0
280	1754.6666666666667	0.0
290	1232.3333333333333	0.0
300	1156.6666666666667	0.0
310	1346.8333333333333	0.0
320	1956.6666666666667	0.0
330	1852.0	0.0
340	2021.0	0.0
350	2010.0	0.0
360	2447.8333333333335	0.0
370	1907.3333333333333	0.0
380	2269.0	0.0
390	2539.3333333333335	0.0
400	2694.6666666666665	0.0
410	2720.0	0.0
420	2175.6666666666665	0.0
430	1800.6666666666667	0.0
440	2602.8333333333335	0.0
450	2442.0	0.0
460	2406.3333333333335	0.0
470	2504.6666666666665	0.0
480	1938.1666666666667	0.0
490	1797.0	0.0
500	2166.5	0.0
510	2239.6666666666665	0.0
520	2026.0	0.0
530	2045.0	0.0
540	1574.6666666666667	0.0
550	1418.3333333333333	0.0
560	2337.3333333333335	0.0
570	2256.6666666666665	0.0
580	2374.6666666666665	0.0
590	2152.0	0.0
600	2150.0	0.0
