0	243.33333333333334	0.0
10	143.33333333333334	599.0
20	101.0	401.0
30	70.0	0.0
40	204.33333333333334	0.0
50	1954.5	0.0
60	1922.6666666666667	0.0
70	2046.3333333333333	0.0
80	1813.0	0.0
90	2219.3333333333335	0.0
100	2216.1666666666665	0.0
110	2027.6666666666667	0.0
120	2250.0	0.0
130	2597.0	0.0
140	2420.3333333333335	0.0
150	2369.3333333333335	0.0
160	2538.0	0.0
170	2434.1666666666665	0.0
180	2215.6666666666665	0.0
190	2342.3333333333335	0.0
200	2569.3333333333335	0.0
210	2223.5	0.0
220	2303.1666666666665	0.0
230	2206.5	0.0
240	2197.3333333333335	0.0
250	2351.3333333333335	0.0
260	2428.1666666666665	0.0
270	1960.5	0.0
280	2737.5	0.0
290	2476.8333333333335	0.0
300	1877.0	0.0
310	2221.0	0.0
320	2283.3333333333335	0.0
330	1687.6666666666667	0.0
340	2048.3333333333335	0.0
350	1829.0	0.0
360	1935.5	0.0
370	1805.5	0.0
380	1778.0	0.0
390	1430.8333333333333	0.0
400	1631.5	0.0
410	2236.5	0.0
420	1366.3333333333333	0.0
430	1821.6666666666667	0.0
440	1192.8333333333333	0.0
450	1408.3333333333333	0.0
460	1586.5	0.0
470	1837.8333333333333	0.0
480	2269.5	0.0
490	1961.3333333333333	0.0
500	2108.6666666666665	0.0
510	1756.0	0.0
520	1854.0	0.0
530	1782.0	0.0
540	2385.5	0.0
550	2420.0	0.0
560	2030.6666666666667	0.0
570	1966.0	0.0
580	2305.3333333333335	0.0
590	2146.0	0.0
600	2738.8333333333335	0.0
610	1547.6666666666667	0.0
620	1975.3333333333333	0.0
630	1740.3333333333333	0.0
640	2499.6666666666665	0.0
650	1807.5	0.0
660	1567.6666666666667	0.0
670	1704.3333333333333	0.0
680	1315.6666666666667	0.0
690	1732.3333333333333	0.0
700	1531.0	0.0
710	1258.0	0.0
720	2303.5	0.0
730	2420.3333333333335	0.0
740	2471.3333333333335	0.0
750	2455.1666666666665	0.0
760	2498.5	0.0
770	2286.1666666666665	0.0
780	2356.0	0.0
790	2113.3333333333335	0.0
800	1809.6666666666667	0.0
810	2269.3333333333335	0.0
820	2270.6666666666665	0.0
830	2118.8333333333335	0.0
840	2050.3333333333335	0.0
850	1994.0	0.0
860	2445.3333333333335	0.0
870	1889.3333333333333	0.0
880	2288.0	0.0
890	1921.6666666666667	0.0
900	2530.8333333333335	0.0
910	2447.3333333333335	0.0
920	2258.6666666666665	0.0
930	2455.6666666666665	0.0
940	1822.3333333333333	0.0
950	2194.0	0.0
960	1831.5	0.0
970	1824.3333333333333	0.0
980	2568.3333333333335	0.0
990	2346.0	0.0
1000	2279.5	0.0
