0	265.0	0.0
10	1035.3333333333333	126.0
20	101.0	356.0
30	105.0	136.0
40	1452.3333333333333	142.0
50	1877.0	61.0
60	1860.6666666666667	109.0
70	2283.6666666666665	70.0
80	2143.0	0.0
90	2580.5	0.0
100	2208.0	0.0
110	2153.6666666666665	0.0
120	2172.0	0.0
130	2232.3333333333335	0.0
140	2188.1666666666665	0.0
150	2193.6666666666665	0.0
160	2282.3333333333335	0.0
170	2285.3333333333335	0.0
180	2278.0	0.0
190	2392.1666666666665	0.0
200	2318.6666666666665	0.0
210	2278.3333333333335	0.0
220	1726.5	0.0
230	2364.0	0.0
240	2552.5	0.0
250	2488.0	0.0
260	2477.3333333333335	0.0
270	2612.8333333333335	0.0
280	2532.1666666666665	0.0
290	2370.1666666666665	0.0
300	2509.1666666666665	0.0
310	2429.8333333333335	0.0
320	2377.6666666666665	0.0
330	2208.3333333333335	0.0
340	2489.0	0.0
350	2347.0	0.0
360	2109.6666666666665	0.0
370	1989.3333333333333	0.0
380	2302.5	0.0
390	2044.6666666666667	0.0
400	1932.5	0.0
410	2141.1666666666665	0.0
420	2041.3333333333333	0.0
430	2021.3333333333333	0.0
440	1569.8333333333333	0.0
450	1833.0	0.0
460	2225.6666666666665	0.0
470	2125.0	0.0
480	1499.3333333333333	0.0
490	1563.3333333333333	0.0
500	1650.5	0.0
510	1734.3333333333333	0.0
520	1669.8333333333333	0.0
530	2103.1666666666665	0.0
540	1642.0	0.0
550	2117.5	0.0
560	2194.3333333333335	0.0
570	2109.1666666666665	0.0
580	2341.3333333333335	0.0
590	1968.5	0.0
600	2768.8333333333335	0.0
610	1963.6666666666667	0.0
620	2250.6666666666665	0.0
630	2184.0	0.0
640	2102.1666666666665	0.0
650	1813.3333333333333	0.0
660	1737.6666666666667	0.0
670	2230.5	0.0
680	2464.6666666666665	0.0
690	2518.0	0.0
700	2533.0	0.0
710	2375.6666666666665	0.0
720	2519.6666666666665	0.0
730	2337.6666666666665	0.0
740	2362.6666666666665	0.0
750	2504.6666666666665	0.0
760	2306.3333333333335	0.0
770	2559.5	0.0
780	1855.3333333333333	0.0
790	2529.0	0.0
800	2460.5	0.0
810	2516.6666666666665	0.0
820	2383.0	0.0
830	2127.0	0.0
840	2385.0	0.0
850	2588.0	0.0
860	2309.6666666666665	0.0
870	2419.1666666666665	0.0
880	2460.3333333333335	0.0
890	2404.0	0.0
900	2537.1666666666665	0.0
910	2352.0	0.0
920	2520.5	0.0
930	2495.0	0.0
940	2459.8333333333335	0.0
950	2193.5	0.0
960	2401.3333333333335	0.0
970	2672.0	0.0
980	2508.6666666666665	0.0
990	2385.8333333333335	0.0
1000	2251.0	0.0
