0	260.46666666666675	0.0
10	122.54444444444444	1130.4333333333334
20	89.43333333333334	0.0
30	86.63333333333335	0.0
40	84.4777777777778	0.0
50	84.14444444444445	0.0
60	96.41111111111111	0.0
70	87.81111111111113	0.0
80	106.52222222222223	0.0
90	98.8	0.0
100	122.13333333333334	0.0
110	152.05555555555557	0.0
120	175.6888888888889	0.0
130	184.06666666666666	0.0
140	199.5888888888889	0.0
150	224.64444444444445	0.0
160	265.6666666666667	0.0
170	270.9888888888888	0.0
180	317.6333333333334	0.0
190	317.3777777777778	0.0
200	399.7277777777777	0.0
210	410.45555555555546	0.0
220	476.2722222222222	0.0
230	467.08888888888885	0.0
240	489.4055555555555	0.0
250	489.40000000000003	0.0
260	530.9166666666666	0.0
270	585.5944444444445	0.0
280	641.9722222222223	0.0
290	683.088888888889	0.0
300	737.1722222222222	0.0
310	815.1722222222222	0.0
320	859.0222222222221	0.0
330	958.9166666666665	0.0
340	1073.8277777777778	0.0
350	1199.9166666666667	0.0
360	1275.0166666666664	0.0
370	1452.7444444444445	0.0
380	1472.927777777778	0.0
390	1606.7111111111108	0.0
400	1687.211111111111	0.0
410	1760.844444444444	0.0
420	1942.833333333333	0.0
430	1969.2333333333338	0.0
440	2043.2722222222224	0.0
450	2099.8777777777777	0.0
460	2089.855555555556	0.0
470	2089.8166666666666	0.0
480	2200.4222222222224	0.0
490	2189.95	0.0
500	2172.8944444444446	0.0
510	2296.1166666666663	0.0
520	2253.9611111111103	0.0
530	2254.8333333333335	0.0
540	2323.3666666666672	0.0
550	2271.8166666666666	0.0
560	2334.1833333333334	0.0
570	2333.744444444444	0.0
580	2331.911111111111	0.0
590	2451.55	0.0
600	2406.15	0.0
610	2446.9555555555557	0.0
620	2473.8833333333337	0.0
630	2466.3888888888896	0.0
640	2496.838888888889	0.0
650	2479.1888888888893	0.0
660	2508.272222222222	0.0
670	2515.222222222222	0.0
680	2532.088888888889	0.0
690	2583.4444444444453	0.0
700	2506.1944444444453	0.0
710	2617.0444444444443	0.0
720	2511.994444444444	0.0
730	2566.8722222222223	0.0
740	2540.322222222223	0.0
750	2536.738888888888	0.0
760	2533.4277777777775	0.0
770	2502.166666666667	0.0
780	2535.6	0.0
790	2533.488888888888	0.0
800	2480.061111111112	0.0
