0	275.3333333333333	0.0
10	70.0	1078.0
20	70.0	0.0
30	70.0	0.0
40	70.0	0.0
50	70.0	0.0
60	70.0	0.0
70	70.0	0.0
80	70.0	0.0
90	70.0	0.0
100	70.0	0.0
110	70.0	0.0
120	70.0	0.0
130	70.0	0.0
140	70.0	0.0
150	70.0	0.0
160	70.33333333333333	0.0
170	72.33333333333333	0.0
180	73.0	0.0
190	147.66666666666666	0.0
200	125.66666666666667	0.0
210	148.66666666666666	0.0
220	498.3333333333333	0.0
230	477.0	0.0
240	179.33333333333334	0.0
250	200.66666666666666	0.0
260	261.3333333333333	0.0
270	138.0	0.0
280	130.33333333333334	0.0
290	162.0	0.0
300	154.66666666666666	0.0
310	130.0	0.0
320	409.3333333333333	0.0
330	655.6666666666666	0.0
340	564.6666666666666	0.0
350	557.0	0.0
360	759.6666666666666	0.0
370	843.3333333333334	0.0
380	754.3333333333334	0.0
390	831.0	0.0
400	1023.0	0.0
410	976.6666666666666	0.0
420	1173.6666666666667	0.0
430	1771.0	0.0
440	1632.6666666666667	0.0
450	1669.6666666666667	0.0
460	2242.0	0.0
470	1889.0	0.0
480	2212.6666666666665	0.0
490	1917.3333333333333	0.0
500	1932.6666666666667	0.0
510	2038.6666666666667	0.0
520	2249.0	0.0
530	2241.6666666666665	0.0
540	2342.0	0.0
550	2573.6666666666665	0.0
560	2155.8333333333335	0.0
570	2246.0	0.0
580	2235.3333333333335	0.0
590	2310.0	0.0
600	2313.0	0.0
610	2366.3333333333335	0.0
620	2211.0	0.0
630	2121.5	0.0
640	2574.3333333333335	0.0
650	2510.6666666666665	0.0
660	2558.3333333333335	0.0
670	2394.0	0.0
680	2695.6666666666665	0.0
690	2427.1666666666665	0.0
700	2571.0	0.0
710	2428.3333333333335	0.0
720	2502.0	0.0
730	2546.0	0.0
740	2584.3333333333335	0.0
750	2299.3333333333335	0.0
760	2430.8333333333335	0.0
770	2660.0	0.0
780	2445.0	0.0
790	2452.0	0.0
800	2539.6666666666665	0.0
