0	293.0	0.0
10	70.0	0.0
20	70.0	0.0
30	70.0	0.0
40	70.0	0.0
50	70.0	0.0
60	70.0	0.0
70	70.0	0.0
80	70.66666666666667	0.0
90	87.66666666666667	0.0
100	73.0	0.0
110	134.33333333333334	0.0
120	245.0	0.0
130	90.66666666666667	0.0
140	389.3333333333333	0.0
150	334.6666666666667	0.0
160	200.0	0.0
170	390.0	0.0
180	182.0	0.0
190	277.3333333333333	0.0
200	348.6666666666667	0.0
210	674.3333333333334	0.0
220	461.3333333333333	0.0
230	390.0	0.0
240	409.0	0.0
250	520.3333333333334	0.0
260	452.0	0.0
270	347.3333333333333	0.0
280	519.0	0.0
290	402.3333333333333	0.0
300	543.0	0.0
310	854.0	0.0
320	957.5	0.0
330	1398.0	0.0
340	1865.8333333333333	0.0
350	1211.0	0.0
360	1325.0	0.0
370	1837.6666666666667	0.0
380	2313.6666666666665	0.0
390	2113.0	0.0
400	2538.0	0.0
410	2292.6666666666665	0.0
420	2302.6666666666665	0.0
430	2284.0	0.0
440	2311.8333333333335	0.0
450	2560.0	0.0
460	2196.3333333333335	0.0
470	2498.0	0.0
480	1680.1666666666667	0.0
490	2324.3333333333335	0.0
500	1906.3333333333333	0.0
510	2055.6666666666665	0.0
520	1920.0	0.0
530	2250.5	0.0
540	2000.5	0.0
550	2131.8333333333335	0.0
560	2137.1666666666665	0.0
570	2096.6666666666665	0.0
580	1611.6666666666667	0.0
590	2118.3333333333335	0.0
600	2543.5	0.0
610	2272.8333333333335	0.0
620	2583.6666666666665	0.0
630	2067.6666666666665	0.0
640	1968.5	0.0
650	1914.1666666666667	0.0
660	2161.6666666666665	0.0
670	2291.0	0.0
680	2559.6666666666665	0.0
690	1735.0	0.0
700	2374.6666666666665	0.0
710	2388.3333333333335	0.0
720	2122.0	0.0
730	1840.0	0.0
740	1822.0	0.0
750	1762.1666666666667	0.0
760	2095.1666666666665	0.0
770	2588.8333333333335	0.0
780	2263.3333333333335	0.0
790	2395.3333333333335	0.0
800	2244.0	0.0
810	2529.0	0.0
820	2311.3333333333335	0.0
830	2395.8333333333335	0.0
840	2628.0	0.0
850	2366.3333333333335	0.0
860	2699.5	0.0
870	2484.0	0.0
880	2638.3333333333335	0.0
890	2459.0	0.0
900	2532.6666666666665	0.0
910	1957.3333333333333	0.0
920	2275.8333333333335	0.0
930	2432.3333333333335	0.0
940	1988.8333333333333	0.0
950	1615.1666666666667	0.0
960	1736.3333333333333	0.0
970	1801.8333333333333	0.0
980	1824.8333333333333	0.0
990	2200.3333333333335	0.0
1000	1973.3333333333333	0.0
