0	224.0	0.0
10	70.0	208.0
20	70.0	0.0
30	70.0	0.0
40	70.0	0.0
50	70.0	0.0
60	70.0	0.0
70	70.33333333333333	0.0
80	74.66666666666667	0.0
90	95.66666666666667	0.0
100	344.0	0.0
110	226.0	0.0
120	262.6666666666667	0.0
130	102.66666666666667	0.0
140	313.3333333333333	0.0
150	431.3333333333333	0.0
160	165.33333333333334	0.0
170	114.66666666666667	0.0
180	424.6666666666667	0.0
190	344.0	0.0
200	349.0	0.0
210	338.6666666666667	0.0
220	673.6666666666666	0.0
230	496.6666666666667	0.0
240	283.0	0.0
250	455.3333333333333	0.0
260	673.0	0.0
270	653.0	0.0
280	1175.3333333333333	0.0
290	1352.1666666666667	0.0
300	1419.3333333333333	0.0
310	1675.6666666666667	0.0
320	2260.3333333333335	0.0
330	1517.3333333333333	0.0
340	2352.5	0.0
350	2795.3333333333335	0.0
360	2448.8333333333335	0.0
370	2416.3333333333335	0.0
380	2508.3333333333335	0.0
390	2493.3333333333335	0.0
400	2353.6666666666665	0.0
410	2373.0	0.0
420	2473.6666666666665	0.0
430	2684.0	0.0
440	2370.0	0.0
450	1955.3333333333333	0.0
460	1966.5	0.0
470	1779.8333333333333	0.0
480	2128.1666666666665	0.0
490	2235.5	0.0
500	2025.0	0.0
510	1975.6666666666667	0.0
520	1943.5	0.0
530	2350.3333333333335	0.0
540	2057.8333333333335	0.0
550	2122.0	0.0
560	2332.6666666666665	0.0
570	1821.6666666666667	0.0
580	2043.5	0.0
590	2206.0	0.0
600	2232.6666666666665	0.0
610	2004.8333333333333	0.0
620	2012.3333333333333	0.0
630	2372.0	0.0
640	1740.0	0.0
650	2097.5	0.0
660	1984.3333333333333	0.0
670	2098.0	0.0
680	2036.6666666666667	0.0
690	1875.0	0.0
700	2203.6666666666665	0.0
710	1840.0	0.0
720	1872.6666666666667	0.0
730	1590.0	0.0
740	1471.3333333333333	0.0
750	1856.3333333333333	0.0
760	2197.1666666666665	0.0
770	2293.6666666666665	0.0
780	2411.3333333333335	0.0
790	2421.5	0.0
800	2194.0	0.0
810	2412.0	0.0
820	2619.0	0.0
830	2323.3333333333335	0.0
840	2201.6666666666665	0.0
850	2569.3333333333335	0.0
860	2010.3333333333333	0.0
870	1775.3333333333333	0.0
880	2043.0	0.0
890	2065.8333333333335	0.0
900	1730.3333333333333	0.0
910	2362.0	0.0
920	2327.5	0.0
930	2376.0	0.0
940	2573.8333333333335	0.0
950	2443.6666666666665	0.0
960	2404.8333333333335	0.0
970	2425.0	0.0
980	2457.3333333333335	0.0
990	2304.3333333333335	0.0
1000	2332.6666666666665	0.0
