0	272.6666666666667	0.0
10	70.0	217.0
20	70.0	0.0
30	70.0	0.0
40	70.0	0.0
50	70.0	0.0
60	70.0	0.0
70	87.0	0.0
80	93.0	0.0
90	198.66666666666666	0.0
100	166.66666666666666	0.0
110	317.0	0.0
120	78.33333333333333	0.0
130	91.66666666666667	0.0
140	384.3333333333333	0.0
150	162.33333333333334	0.0
160	272.6666666666667	0.0
170	195.0	0.0
180	655.6666666666666	0.0
190	478.6666666666667	0.0
200	671.3333333333334	0.0
210	1090.3333333333333	0.0
220	2372.1666666666665	0.0
230	1739.8333333333333	0.0
240	2292.3333333333335	0.0
250	2349.0	0.0
260	2302.3333333333335	0.0
270	2062.6666666666665	0.0
280	2491.3333333333335	0.0
290	1965.0	0.0
300	2407.3333333333335	0.0
310	1993.3333333333333	0.0
320	2165.8333333333335	0.0
330	2275.0	0.0
340	2601.5	0.0
350	2398.3333333333335	0.0
360	2258.6666666666665	0.0
370	2555.3333333333335	0.0
380	2413.0	0.0
390	2429.6666666666665	0.0
400	2304.0	0.0
410	1630.6666666666667	0.0
420	1850.3333333333333	0.0
430	2225.0	0.0
440	1906.1666666666667	0.0
450	1292.3333333333333	0.0
460	1945.6666666666667	0.0
470	1339.0	0.0
480	1758.6666666666667	0.0
490	1784.6666666666667	0.0
500	1804.5	0.0
510	1821.3333333333333	0.0
520	1963.5	0.0
530	1833.6666666666667	0.0
540	1962.3333333333333	0.0
550	1926.0	0.0
560	1631.3333333333333	0.0
570	2308.6666666666665	0.0
580	1652.0	0.0
590	1846.6666666666667	0.0
600	2154.6666666666665	0.0
610	1774.0	0.0
620	2460.3333333333335	0.0
630	2505.1666666666665	0.0
640	2545.0	0.0
650	2396.8333333333335	0.0
660	2560.0	0.0
670	2790.0	0.0
680	1775.1666666666667	0.0
690	2189.6666666666665	0.0
700	2078.5	0.0
710	1891.8333333333333	0.0
720	2296.6666666666665	0.0
730	2078.5	0.0
740	1876.8333333333333	0.0
750	1972.6666666666667	0.0
760	2423.1666666666665	0.0
770	2664.0	0.0
780	2458.1666666666665	0.0
790	2431.0	0.0
800	2231.3333333333335	0.0
810	2332.0	0.0
820	2419.5	0.0
830	1983.1666666666667	0.0
840	1842.0	0.0
850	1748.0	0.0
860	2078.8333333333335	0.0
870	1742.3333333333333	0.0
880	1587.0	0.0
890	2151.6666666666665	0.0
900	2068.6666666666665	0.0
910	1692.6666666666667	0.0
920	1961.6666666666667	0.0
930	1712.3333333333333	0.0
940	2274.3333333333335	0.0
950	1674.3333333333333	0.0
960	1786.3333333333333	0.0
970	2232.3333333333335	0.0
980	2786.0	0.0
990	2320.0	0.0
1000	2653.6666666666665	0.0
