0	245.0	0.0
10	96.66666666666667	219.0
20	70.33333333333333	0.0
30	70.0	0.0
40	70.0	0.0
50	70.0	0.0
60	70.0	0.0
70	72.0	0.0
80	152.33333333333334	0.0
90	454.3333333333333	0.0
100	71.66666666666667	0.0
110	88.66666666666667	0.0
120	74.0	0.0
130	464.0	0.0
140	214.33333333333334	0.0
150	246.0	0.0
160	283.0	0.0
170	230.0	0.0
180	331.3333333333333	0.0
190	572.3333333333334	0.0
200	1054.0	0.0
210	1083.3333333333333	0.0
220	1855.0	0.0
230	1987.1666666666667	0.0
240	2150.3333333333335	0.0
250	2324.0	0.0
260	2054.0	0.0
270	2275.0	0.0
280	2454.0	0.0
290	2417.8333333333335	0.0
300	2478.3333333333335	0.0
310	2156.3333333333335	0.0
320	2227.0	0.0
330	2347.3333333333335	0.0
340	2407.6666666666665	0.0
350	2634.3333333333335	0.0
360	2440.1666666666665	0.0
370	2253.6666666666665	0.0
380	2383.0	0.0
390	2366.0	0.0
400	2468.8333333333335	0.0
410	2412.3333333333335	0.0
420	2294.3333333333335	0.0
430	2221.1666666666665	0.0
440	2465.3333333333335	0.0
450	2524.3333333333335	0.0
460	2240.1666666666665	0.0
470	2430.6666666666665	0.0
480	2305.0	0.0
490	1912.3333333333333	0.0
500	1837.6666666666667	0.0
510	2062.3333333333335	0.0
520	1502.0	0.0
530	1849.6666666666667	0.0
540	2073.5	0.0
550	1978.3333333333333	0.0
560	1921.6666666666667	0.0
570	2119.0	0.0
580	1798.8333333333333	0.0
590	2228.8333333333335	0.0
600	2495.6666666666665	0.0
610	2469.3333333333335	0.0
620	1814.0	0.0
630	2028.1666666666667	0.0
640	2022.5	0.0
650	2022.3333333333333	0.0
660	2039.1666666666667	0.0
670	2192.6666666666665	0.0
680	2100.1666666666665	0.0
690	1991.8333333333333	0.0
700	2014.0	0.0
710	1826.3333333333333	0.0
720	2025.6666666666667	0.0
730	2255.3333333333335	0.0
740	2333.0	0.0
750	2440.1666666666665	0.0
760	2704.6666666666665	0.0
770	2490.5	0.0
780	1861.1666666666667	0.0
790	1743.0	0.0
800	2286.3333333333335	0.0
810	2268.6666666666665	0.0
820	2362.0	0.0
830	2334.6666666666665	0.0
840	2265.6666666666665	0.0
850	2386.3333333333335	0.0
860	1784.6666666666667	0.0
870	2058.1666666666665	0.0
880	2434.6666666666665	0.0
890	2099.0	0.0
900	2273.1666666666665	0.0
910	2074.0	0.0
920	2206.6666666666665	0.0
930	1982.5	0.0
940	2497.6666666666665	0.0
950	2338.5	0.0
960	2440.8333333333335	0.0
970	2570.3333333333335	0.0
980	2447.6666666666665	0.0
990	2503.3333333333335	0.0
1000	2744.0	0.0
