0	251.66666666666666	0.0
10	70.0	225.0
20	70.0	0.0
30	70.0	0.0
40	70.0	0.0
50	70.0	0.0
60	70.0	0.0
70	71.0	0.0
80	78.33333333333333	0.0
90	126.66666666666667	0.0
100	421.3333333333333	0.0
110	235.33333333333334	0.0
120	337.0	0.0
130	121.66666666666667	0.0
140	205.33333333333334	0.0
150	356.0	0.0
160	359.6666666666667	0.0
170	400.0	0.0
180	155.33333333333334	0.0
190	319.0	0.0
200	338.3333333333333	0.0
210	177.33333333333334	0.0
220	496.3333333333333	0.0
230	273.3333333333333	0.0
240	259.3333333333333	0.0
250	385.3333333333333	0.0
260	484.6666666666667	0.0
270	536.0	0.0
280	498.6666666666667	0.0
290	911.6666666666666	0.0
300	687.0	0.0
310	1178.6666666666667	0.0
320	1305.1666666666667	0.0
330	1873.0	0.0
340	1570.3333333333333	0.0
350	1898.0	0.0
360	1938.0	0.0
370	1361.1666666666667	0.0
380	1945.3333333333333	0.0
390	1920.6666666666667	0.0
400	2448.0	0.0
410	1952.1666666666667	0.0
420	2139.0	0.0
430	2248.0	0.0
440	2014.3333333333333	0.0
450	2466.0	0.0
460	2435.6666666666665	0.0
470	2631.6666666666665	0.0
480	2225.5	0.0
490	2675.3333333333335	0.0
500	2493.8333333333335	0.0
510	1950.6666666666667	0.0
520	1675.6666666666667	0.0
530	1595.0	0.0
540	2514.0	0.0
550	2049.3333333333335	0.0
560	1529.3333333333333	0.0
570	2112.6666666666665	0.0
580	1644.1666666666667	0.0
590	1751.0	0.0
600	1742.0	0.0
610	1987.6666666666667	0.0
620	2177.1666666666665	0.0
630	2042.5	0.0
640	1898.6666666666667	0.0
650	2291.8333333333335	0.0
660	1775.6666666666667	0.0
670	1631.6666666666667	0.0
680	2243.6666666666665	0.0
690	2264.6666666666665	0.0
700	2389.0	0.0
710	2419.3333333333335	0.0
720	2550.1666666666665	0.0
730	2567.6666666666665	0.0
740	2293.3333333333335	0.0
750	2355.6666666666665	0.0
760	2563.8333333333335	0.0
770	2347.6666666666665	0.0
780	1777.0	0.0
790	2665.6666666666665	0.0
800	2222.6666666666665	0.0
810	2447.3333333333335	0.0
820	2589.5	0.0
830	2325.5	0.0
840	2586.1666666666665	0.0
850	2253.3333333333335	0.0
860	2389.5	0.0
870	2313.3333333333335	0.0
880	2312.8333333333335	0.0
890	2523.3333333333335	0.0
900	2423.5	0.0
910	2469.3333333333335	0.0
920	2128.8333333333335	0.0
930	1957.1666666666667	0.0
940	1899.8333333333333	0.0
950	2402.3333333333335	0.0
960	2342.0	0.0
970	2362.1666666666665	0.0
980	2424.0	0.0
990	1915.6666666666667	0.0
1000	2108.6666666666665	0.0
