0	295.6666666666667	0.0
10	70.0	0.0
20	70.0	0.0
30	70.0	0.0
40	70.0	0.0
50	70.0	0.0
60	70.0	0.0
70	70.0	0.0
80	70.66666666666667	0.0
90	74.33333333333333	0.0
100	73.33333333333333	0.0
110	120.33333333333333	0.0
120	532.6666666666666	0.0
130	73.0	0.0
140	88.66666666666667	0.0
150	132.0	0.0
160	83.0	0.0
170	258.0	0.0
180	444.6666666666667	0.0
190	562.0	0.0
200	282.3333333333333	0.0
210	328.6666666666667	0.0
220	362.3333333333333	0.0
230	387.0	0.0
240	412.0	0.0
250	317.6666666666667	0.0
260	437.3333333333333	0.0
270	549.6666666666666	0.0
280	430.3333333333333	0.0
290	616.0	0.0
300	563.0	0.0
310	654.0	0.0
320	721.6666666666666	0.0
330	1070.0	0.0
340	1682.3333333333333	0.0
350	1461.0	0.0
360	2086.0	0.0
370	2463.5	0.0
380	2702.0	0.0
390	2365.1666666666665	0.0
400	2479.3333333333335	0.0
410	2621.5	0.0
420	2476.0	0.0
430	2413.8333333333335	0.0
440	2441.0	0.0
450	2581.0	0.0
460	2386.6666666666665	0.0
470	2392.6666666666665	0.0
480	2356.3333333333335	0.0
490	1629.6666666666667	0.0
500	1813.6666666666667	0.0
510	2009.0	0.0
520	2166.6666666666665	0.0
530	2069.3333333333335	0.0
540	1831.6666666666667	0.0
550	2314.0	0.0
560	2112.0	0.0
570	1848.3333333333333	0.0
580	2009.6666666666667	0.0
590	2287.6666666666665	0.0
600	2209.0	0.0
610	1943.0	0.0
620	1676.0	0.0
630	1784.3333333333333	0.0
640	2371.5	0.0
650	1863.3333333333333	0.0
660	2307.1666666666665	0.0
670	2353.0	0.0
680	2282.3333333333335	0.0
690	1829.3333333333333	0.0
700	1811.0	0.0
710	2326.1666666666665	0.0
720	2545.5	0.0
730	1646.3333333333333	0.0
740	2167.0	0.0
750	2297.3333333333335	0.0
760	2103.3333333333335	0.0
770	1663.8333333333333	0.0
780	2119.6666666666665	0.0
790	1943.6666666666667	0.0
800	2570.0	0.0
810	2378.0	0.0
820	2048.0	0.0
830	1754.8333333333333	0.0
840	2178.3333333333335	0.0
850	1676.3333333333333	0.0
860	1759.8333333333333	0.0
870	1771.3333333333333	0.0
880	1755.5	0.0
890	2434.1666666666665	0.0
900	2550.8333333333335	0.0
910	2378.0	0.0
920	2684.0	0.0
930	1779.3333333333333	0.0
940	1722.3333333333333	0.0
950	1809.6666666666667	0.0
960	2307.5	0.0
970	2314.0	0.0
980	2509.6666666666665	0.0
990	2323.6666666666665	0.0
1000	2449.5	0.0
