0	236.66666666666666	0.0
10	70.0	347.0
20	70.0	0.0
30	70.0	0.0
40	70.0	0.0
50	70.0	0.0
60	70.0	0.0
70	70.0	0.0
80	70.0	0.0
90	70.0	0.0
100	70.0	0.0
110	70.0	0.0
120	70.0	0.0
130	70.0	0.0
140	70.0	0.0
150	70.0	0.0
160	70.0	0.0
170	70.66666666666667	0.0
180	70.33333333333333	0.0
190	72.33333333333333	0.0
200	74.0	0.0
210	77.0	0.0
220	72.33333333333333	0.0
230	97.33333333333333	0.0
240	250.33333333333334	0.0
250	412.3333333333333	0.0
260	130.66666666666666	0.0
270	317.0	0.0
280	288.0	0.0
290	324.6666666666667	0.0
300	215.66666666666666	0.0
310	452.6666666666667	0.0
320	157.33333333333334	0.0
330	213.66666666666666	0.0
340	130.0	0.0
350	706.3333333333334	0.0
360	741.3333333333334	0.0
370	773.6666666666666	0.0
380	767.3333333333334	0.0
390	1370.6666666666667	0.0
400	1167.0	0.0
410	1501.5	0.0
420	1406.0	0.0
430	1387.5	0.0
440	1673.3333333333333	0.0
450	1904.3333333333333	0.0
460	1588.0	0.0
470	1959.3333333333333	0.0
480	1758.0	0.0
490	2009.0	0.0
500	2272.6666666666665	0.0
510	1920.6666666666667	0.0
520	2231.6666666666665	0.0
530	2149.3333333333335	0.0
540	2044.3333333333333	0.0
550	2198.3333333333335	0.0
560	1979.0	0.0
570	2112.0	0.0
580	2301.3333333333335	0.0
590	2325.6666666666665	0.0
600	2395.3333333333335	0.0
610	2625.5	0.0
620	2467.3333333333335	0.0
630	2391.0	0.0
640	2405.5	0.0
650	2569.0	0.0
660	2273.6666666666665	0.0
670	2494.6666666666665	0.0
680	2587.0	0.0
690	2419.0	0.0
700	2724.5	0.0
710	2522.8333333333335	0.0
720	2583.6666666666665	0.0
730	2736.1666666666665	0.0
740	2732.8333333333335	0.0
750	2880.8333333333335	0.0
760	2812.0	0.0
770	2703.3333333333335	0.0
780	2612.8333333333335	0.0
790	2568.0	0.0
800	2702.0	0.0
810	2702.6666666666665	0.0
820	2630.5	0.0
830	2631.6666666666665	0.0
840	2687.1666666666665	0.0
850	2671.3333333333335	0.0
860	2587.1666666666665	0.0
870	2843.0	0.0
880	2721.3333333333335	0.0
890	2670.3333333333335	0.0
900	2586.1666666666665	0.0
910	2591.0	0.0
920	2157.6666666666665	0.0
930	2054.6666666666665	0.0
940	1906.3333333333333	0.0
950	1924.6666666666667	0.0
960	2286.1666666666665	0.0
970	2172.5	0.0
980	2095.0	0.0
990	2346.6666666666665	0.0
1000	2476.5	0.0
