0	268.0	0.0
10	70.0	328.0
20	70.0	0.0
30	70.0	0.0
40	70.0	0.0
50	70.0	0.0
60	70.0	0.0
70	70.0	0.0
80	70.0	0.0
90	70.0	0.0
100	70.0	0.0
110	70.0	0.0
120	70.0	0.0
130	70.0	0.0
140	70.0	0.0
150	70.0	0.0
160	70.0	0.0
170	70.33333333333333	0.0
180	76.0	0.0
190	70.33333333333333	0.0
200	70.66666666666667	0.0
210	72.0	0.0
220	77.66666666666667	0.0
230	72.66666666666667	0.0
240	179.66666666666666	0.0
250	164.33333333333334	0.0
260	218.66666666666666	0.0
270	201.33333333333334	0.0
280	140.33333333333334	0.0
290	163.66666666666666	0.0
300	188.33333333333334	0.0
310	130.0	0.0
320	156.33333333333334	0.0
330	138.66666666666666	0.0
340	174.0	0.0
350	154.33333333333334	0.0
360	162.33333333333334	0.0
370	227.33333333333334	0.0
380	227.33333333333334	0.0
390	146.33333333333334	0.0
400	154.0	0.0
410	192.66666666666666	0.0
420	241.33333333333334	0.0
430	793.6666666666666	0.0
440	887.0	0.0
450	634.6666666666666	0.0
460	1063.0	0.0
470	1289.3333333333333	0.0
480	1337.3333333333333	0.0
490	1287.6666666666667	0.0
500	1709.0	0.0
510	2189.6666666666665	0.0
520	2292.3333333333335	0.0
530	1960.3333333333333	0.0
540	2151.3333333333335	0.0
550	2098.3333333333335	0.0
560	2176.6666666666665	0.0
570	1974.0	0.0
580	2099.0	0.0
590	2032.8333333333333	0.0
600	2321.0	0.0
610	2370.6666666666665	0.0
620	2228.6666666666665	0.0
630	2361.1666666666665	0.0
640	2321.6666666666665	0.0
650	2293.8333333333335	0.0
660	2288.6666666666665	0.0
670	2422.0	0.0
680	2475.3333333333335	0.0
690	2370.6666666666665	0.0
700	2653.0	0.0
710	2680.5	0.0
720	2427.3333333333335	0.0
730	2710.5	0.0
740	2526.0	0.0
750	2378.6666666666665	0.0
760	2438.1666666666665	0.0
770	2531.3333333333335	0.0
780	2551.3333333333335	0.0
790	2648.8333333333335	0.0
800	2525.8333333333335	0.0
810	2460.8333333333335	0.0
820	2596.0	0.0
830	2774.0	0.0
840	2422.6666666666665	0.0
850	2554.5	0.0
860	2347.0	0.0
870	2661.0	0.0
880	2715.6666666666665	0.0
890	2552.6666666666665	0.0
900	2465.1666666666665	0.0
910	2448.3333333333335	0.0
920	2406.6666666666665	0.0
930	2404.3333333333335	0.0
940	2162.3333333333335	0.0
950	2581.6666666666665	0.0
960	2873.0	0.0
970	2654.6666666666665	0.0
980	2826.8333333333335	0.0
990	2902.6666666666665	0.0
1000	2718.0	0.0
