0	274.6666666666667	0.0
10	70.0	0.0
20	70.0	0.0
30	70.0	0.0
40	70.0	0.0
50	70.0	0.0
60	70.0	0.0
70	70.0	0.0
80	70.0	0.0
90	70.0	0.0
100	70.0	0.0
110	70.0	0.0
120	70.0	0.0
130	70.0	0.0
140	70.0	0.0
150	70.0	0.0
160	70.33333333333333	0.0
170	70.0	0.0
180	70.0	0.0
190	70.66666666666667	0.0
200	80.66666666666667	0.0
210	71.33333333333333	0.0
220	70.66666666666667	0.0
230	134.0	0.0
240	123.0	0.0
250	167.33333333333334	0.0
260	230.66666666666666	0.0
270	172.33333333333334	0.0
280	148.66666666666666	0.0
290	130.0	0.0
300	162.66666666666666	0.0
310	147.0	0.0
320	154.33333333333334	0.0
330	138.0	0.0
340	174.33333333333334	0.0
350	242.33333333333334	0.0
360	284.6666666666667	0.0
370	442.0	0.0
380	451.3333333333333	0.0
390	618.0	0.0
400	893.0	0.0
410	719.0	0.0
420	796.6666666666666	0.0
430	832.3333333333334	0.0
440	853.0	0.0
450	1440.0	0.0
460	1926.0	0.0
470	1675.3333333333333	0.0
480	1677.3333333333333	0.0
490	1761.3333333333333	0.0
500	1928.3333333333333	0.0
510	1924.0	0.0
520	2009.0	0.0
530	2240.6666666666665	0.0
540	1950.8333333333333	0.0
550	2035.0	0.0
560	2490.3333333333335	0.0
570	2121.1666666666665	0.0
580	2475.0	0.0
590	2512.0	0.0
600	2240.6666666666665	0.0
