0	270.3333333333333	0.0
10	70.0	0.0
20	70.0	0.0
30	70.0	0.0
40	70.0	0.0
50	70.0	0.0
60	70.0	0.0
70	70.0	0.0
80	70.0	0.0
90	70.0	0.0
100	70.0	0.0
110	70.0	0.0
120	70.0	0.0
130	70.0	0.0
140	70.0	0.0
150	70.0	0.0
160	70.0	0.0
170	70.0	0.0
180	70.0	0.0
190	70.0	0.0
200	70.66666666666667	0.0
210	71.0	0.0
220	76.66666666666667	0.0
230	70.0	0.0
240	71.0	0.0
250	116.66666666666667	0.0
260	160.66666666666666	0.0
270	142.33333333333334	0.0
280	227.33333333333334	0.0
290	167.33333333333334	0.0
300	173.33333333333334	0.0
310	143.66666666666666	0.0
320	138.0	0.0
330	155.66666666666666	0.0
340	139.33333333333334	0.0
350	147.66666666666666	0.0
360	146.0	0.0
370	138.0	0.0
380	146.0	0.0
390	184.66666666666666	0.0
400	260.6666666666667	0.0
410	222.66666666666666	0.0
420	267.0	0.0
430	260.3333333333333	0.0
440	221.0	0.0
450	250.33333333333334	0.0
460	272.6666666666667	0.0
470	263.3333333333333	0.0
480	428.6666666666667	0.0
490	396.0	0.0
500	312.0	0.0
510	428.0	0.0
520	601.6666666666666	0.0
530	636.0	0.0
540	960.3333333333334	0.0
550	1308.3333333333333	0.0
560	909.0	0.0
570	1195.3333333333333	0.0
580	1454.3333333333333	0.0
590	2014.5	0.0
600	1777.5	0.0
