0	266.0	0.0
10	70.0	0.0
20	70.0	0.0
30	70.0	0.0
40	70.0	0.0
50	70.0	0.0
60	70.0	0.0
70	70.0	0.0
80	70.33333333333333	0.0
90	74.0	0.0
100	74.66666666666667	0.0
110	132.0	0.0
120	78.66666666666667	0.0
130	285.0	0.0
140	128.0	0.0
150	149.66666666666666	0.0
160	289.0	0.0
170	181.33333333333334	0.0
180	202.66666666666666	0.0
190	291.6666666666667	0.0
200	157.33333333333334	0.0
210	366.0	0.0
220	285.3333333333333	0.0
230	159.66666666666666	0.0
240	334.3333333333333	0.0
250	333.0	0.0
260	382.3333333333333	0.0
270	485.3333333333333	0.0
280	928.6666666666666	0.0
290	1020.0	0.0
300	973.3333333333334	0.0
310	823.3333333333334	0.0
320	625.3333333333334	0.0
330	988.3333333333334	0.0
340	1455.1666666666667	0.0
350	2132.0	0.0
360	1837.0	0.0
370	1613.0	0.0
380	2205.3333333333335	0.0
390	2330.0	0.0
400	2610.0	0.0
410	2290.0	0.0
420	2157.0	0.0
430	2426.0	0.0
440	2640.8333333333335	0.0
450	2347.8333333333335	0.0
460	2537.3333333333335	0.0
470	2275.3333333333335	0.0
480	2332.3333333333335	0.0
490	2490.0	0.0
500	2349.0	0.0
510	2406.6666666666665	0.0
520	2497.0	0.0
530	2248.3333333333335	0.0
540	2413.3333333333335	0.0
550	2377.6666666666665	0.0
560	2379.0	0.0
570	1693.6666666666667	0.0
580	2503.3333333333335	0.0
590	2392.5	0.0
600	2553.6666666666665	0.0
