0	262.0	0.0
10	430.6666666666667	59.0
20	79.0	38.0
30	88.66666666666667	22.0
40	140.66666666666666	2.0
50	353.5	8.0
60	1009.6666666666666	6.0
70	422.6666666666667	56.0
80	1738.3333333333333	24.0
90	1970.3333333333333	79.0
100	1873.6666666666667	29.0
110	2134.6666666666665	17.0
120	1809.5	34.0
130	2449.8333333333335	53.0
140	2380.3333333333335	38.0
150	2702.0	48.0
160	2318.0	22.0
170	2237.5	39.0
180	2346.1666666666665	27.0
190	2390.1666666666665	24.0
200	2502.0	56.0
210	2341.0	39.0
220	2137.0	33.0
230	2463.6666666666665	30.0
240	2269.6666666666665	46.0
250	2424.1666666666665	36.0
260	2513.3333333333335	14.0
270	1726.6666666666667	27.0
280	1581.3333333333333	15.0
290	1581.0	3.0
300	1218.3333333333333	24.0
310	2209.3333333333335	35.0
320	1832.5	17.0
330	2194.6666666666665	0.0
340	1878.3333333333333	0.0
350	1739.6666666666667	0.0
360	1500.3333333333333	0.0
370	1860.0	0.0
380	1352.0	0.0
390	1133.1666666666667	0.0
400	1621.3333333333333	0.0
410	2056.3333333333335	0.0
420	2032.5	0.0
430	2127.3333333333335	0.0
440	1973.3333333333333	0.0
450	1713.0	0.0
460	1485.6666666666667	0.0
470	2385.3333333333335	0.0
480	2343.3333333333335	0.0
490	2480.3333333333335	0.0
500	2346.6666666666665	0.0
510	2348.5	0.0
520	2447.3333333333335	0.0
530	2128.3333333333335	0.0
540	2327.0	0.0
550	2627.8333333333335	0.0
560	2377.6666666666665	0.0
570	2256.3333333333335	0.0
580	2324.3333333333335	0.0
590	2524.3333333333335	0.0
600	2302.3333333333335	0.0
610	2366.3333333333335	0.0
620	2482.8333333333335	0.0
630	2584.8333333333335	0.0
640	2320.8333333333335	0.0
650	2285.0	0.0
660	2499.3333333333335	0.0
670	1713.3333333333333	0.0
680	2078.1666666666665	0.0
690	2342.3333333333335	0.0
700	2270.3333333333335	0.0
710	2018.5	0.0
720	2240.3333333333335	0.0
730	2097.0	0.0
740	1644.8333333333333	0.0
750	2528.6666666666665	0.0
760	2076.6666666666665	0.0
770	2182.3333333333335	0.0
780	2596.6666666666665	0.0
790	2429.8333333333335	0.0
800	2526.3333333333335	0.0
810	2071.0	0.0
820	2388.6666666666665	0.0
830	2421.0	0.0
840	2470.0	0.0
850	2264.0	0.0
860	1820.8333333333333	0.0
870	1721.3333333333333	0.0
880	1722.6666666666667	0.0
890	1931.6666666666667	0.0
900	1535.6666666666667	0.0
910	1793.6666666666667	0.0
920	1871.3333333333333	0.0
930	2107.3333333333335	0.0
940	2554.0	0.0
950	1917.1666666666667	0.0
960	2609.6666666666665	0.0
970	2510.1666666666665	0.0
980	2195.0	0.0
990	2253.0	0.0
1000	2523.8333333333335	0.0
