0	269.6666666666667	0.0
10	70.0	0.0
20	70.0	0.0
30	70.0	0.0
40	70.0	0.0
50	70.0	0.0
60	70.0	0.0
70	70.0	0.0
80	70.0	0.0
90	70.0	0.0
100	70.0	0.0
110	70.0	0.0
120	70.0	0.0
130	70.0	0.0
140	70.0	0.0
150	70.0	0.0
160	70.0	0.0
170	70.0	0.0
180	71.0	0.0
190	70.66666666666667	0.0
200	72.33333333333333	0.0
210	70.66666666666667	0.0
220	71.0	0.0
230	77.33333333333333	0.0
240	78.0	0.0
250	85.33333333333333	0.0
260	114.66666666666667	0.0
270	159.66666666666666	0.0
280	262.0	0.0
290	312.3333333333333	0.0
300	255.33333333333334	0.0
310	173.0	0.0
320	119.66666666666667	0.0
330	174.66666666666666	0.0
340	170.0	0.0
350	138.0	0.0
360	170.0	0.0
370	162.66666666666666	0.0
380	177.33333333333334	0.0
390	339.0	0.0
400	244.33333333333334	0.0
410	230.66666666666666	0.0
420	201.66666666666666	0.0
430	293.0	0.0
440	256.6666666666667	0.0
450	237.33333333333334	0.0
460	219.33333333333334	0.0
470	289.6666666666667	0.0
480	330.0	0.0
490	299.6666666666667	0.0
500	258.3333333333333	0.0
510	338.0	0.0
520	283.3333333333333	0.0
530	334.6666666666667	0.0
540	291.0	0.0
550	883.6666666666666	0.0
560	897.0	0.0
570	702.0	0.0
580	607.3333333333334	0.0
590	858.3333333333334	0.0
600	1359.6666666666667	0.0
