0	241.33333333333334	0.0
10	70.0	0.0
20	70.0	0.0
30	70.0	0.0
40	70.0	0.0
50	70.0	0.0
60	70.0	0.0
70	70.0	0.0
80	70.0	0.0
90	70.0	0.0
100	70.0	0.0
110	70.0	0.0
120	70.0	0.0
130	70.0	0.0
140	70.0	0.0
150	70.0	0.0
160	70.0	0.0
170	70.0	0.0
180	70.0	0.0
190	70.66666666666667	0.0
200	71.66666666666667	0.0
210	79.66666666666667	0.0
220	71.66666666666667	0.0
230	73.0	0.0
240	133.33333333333334	0.0
250	300.6666666666667	0.0
260	133.33333333333334	0.0
270	168.0	0.0
280	164.66666666666666	0.0
290	132.0	0.0
300	130.0	0.0
310	131.0	0.0
320	130.0	0.0
330	130.0	0.0
340	130.0	0.0
350	130.0	0.0
360	169.66666666666666	0.0
370	151.66666666666666	0.0
380	180.33333333333334	0.0
390	403.0	0.0
400	540.3333333333334	0.0
410	713.0	0.0
420	700.3333333333334	0.0
430	690.0	0.0
440	1044.3333333333333	0.0
450	1189.6666666666667	0.0
460	1259.0	0.0
470	1824.0	0.0
480	1907.6666666666667	0.0
490	1854.0	0.0
500	1886.5	0.0
510	2376.3333333333335	0.0
520	2159.0	0.0
530	2386.0	0.0
540	2168.8333333333335	0.0
550	2122.3333333333335	0.0
560	2236.3333333333335	0.0
570	2065.0	0.0
580	2274.6666666666665	0.0
590	2274.6666666666665	0.0
600	2258.3333333333335	0.0
