0	289.0	0.0
10	70.0	0.0
20	70.0	0.0
30	70.0	0.0
40	70.0	0.0
50	70.0	0.0
60	70.0	0.0
70	70.0	0.0
80	70.0	0.0
90	70.0	0.0
100	70.0	0.0
110	70.0	0.0
120	70.0	0.0
130	70.0	0.0
140	70.0	0.0
150	70.0	0.0
160	70.0	0.0
170	70.0	0.0
180	70.33333333333333	0.0
190	70.66666666666667	0.0
200	72.0	0.0
210	76.33333333333333	0.0
220	80.0	0.0
230	80.66666666666667	0.0
240	77.66666666666667	0.0
250	105.66666666666667	0.0
260	250.66666666666666	0.0
270	280.0	1.0
280	253.0	0.0
290	358.6666666666667	2.0
300	160.66666666666666	0.0
310	155.0	1.0
320	163.0	0.0
330	138.0	1.0
340	138.0	0.0
350	131.66666666666666	0.0
360	130.0	0.0
370	147.0	1.0
380	138.33333333333334	0.0
390	150.66666666666666	0.0
400	269.0	0.0
410	212.33333333333334	0.0
420	445.0	0.0
430	676.3333333333334	0.0
440	777.0	1.0
450	763.0	3.0
460	921.6666666666666	1.0
470	1208.1666666666667	3.0
480	1106.3333333333333	3.0
490	1393.6666666666667	4.0
500	1428.0	5.0
510	1791.6666666666667	1.0
520	1973.6666666666667	3.0
530	1942.0	2.0
540	2406.3333333333335	1.0
550	2029.0	2.0
560	2082.8333333333335	2.0
570	2493.3333333333335	0.0
580	2392.1666666666665	2.0
590	2277.0	3.0
600	2302.1666666666665	2.0
610	2530.5	2.0
620	2231.1666666666665	3.0
630	2303.8333333333335	3.0
640	2458.8333333333335	1.0
650	2275.5	0.0
660	2119.1666666666665	0.0
670	2483.3333333333335	1.0
680	2715.3333333333335	2.0
690	2347.0	6.0
700	2495.6666666666665	2.0
710	2212.0	3.0
720	2593.6666666666665	1.0
730	2515.0	1.0
740	2356.0	3.0
750	2604.6666666666665	4.0
760	2404.8333333333335	3.0
770	2562.1666666666665	3.0
780	2391.0	0.0
790	2459.6666666666665	2.0
800	2681.6666666666665	2.0
810	2792.0	1.0
820	2483.3333333333335	2.0
830	2479.0	5.0
840	2597.3333333333335	1.0
850	2443.6666666666665	0.0
860	2489.3333333333335	3.0
870	2583.1666666666665	0.0
880	2426.6666666666665	4.0
890	2572.0	3.0
900	2434.6666666666665	1.0
910	2464.5	2.0
920	2710.6666666666665	3.0
930	2721.0	0.0
940	2488.8333333333335	7.0
950	2398.8333333333335	0.0
960	2312.6666666666665	3.0
970	2427.3333333333335	4.0
980	2416.5	0.0
990	2436.1666666666665	1.0
1000	2427.6666666666665	5.0
