0	276.3333333333333	0.0
10	70.0	0.0
20	70.0	0.0
30	70.0	0.0
40	70.0	0.0
50	70.0	0.0
60	70.0	0.0
70	70.0	0.0
80	70.0	0.0
90	70.0	0.0
100	70.0	0.0
110	70.0	0.0
120	70.0	0.0
130	70.0	0.0
140	70.0	0.0
150	70.0	0.0
160	70.33333333333333	0.0
170	70.0	0.0
180	70.33333333333333	0.0
190	70.66666666666667	0.0
200	70.0	0.0
210	73.0	0.0
220	77.0	0.0
230	73.0	0.0
240	111.33333333333333	0.0
250	161.33333333333334	0.0
260	192.0	4.0
270	152.33333333333334	0.0
280	171.0	1.0
290	152.0	0.0
300	136.66666666666666	1.0
310	178.66666666666666	0.0
320	180.66666666666666	0.0
330	185.33333333333334	1.0
340	170.33333333333334	0.0
350	212.66666666666666	0.0
360	296.0	0.0
370	216.33333333333334	0.0
380	379.6666666666667	0.0
390	219.66666666666666	2.0
400	179.33333333333334	1.0
410	573.0	0.0
420	866.3333333333334	2.0
430	1010.0	2.0
440	1082.3333333333333	0.0
450	1008.0	0.0
460	1252.3333333333333	2.0
470	1515.5	4.0
480	1860.3333333333333	3.0
490	1555.0	4.0
500	2020.0	1.0
510	2089.0	5.0
520	2188.6666666666665	4.0
530	1898.6666666666667	4.0
540	2035.3333333333333	1.0
550	2174.6666666666665	3.0
560	2207.3333333333335	3.0
570	2042.0	3.0
580	2023.8333333333333	4.0
590	2189.0	5.0
600	2497.3333333333335	4.0
610	2049.3333333333335	0.0
620	2214.3333333333335	2.0
630	2625.6666666666665	3.0
640	2357.0	5.0
650	2192.0	0.0
660	2326.0	3.0
670	2132.3333333333335	1.0
680	2476.6666666666665	0.0
690	2559.8333333333335	0.0
700	2696.0	5.0
710	2678.6666666666665	2.0
720	2517.5	0.0
730	2413.6666666666665	1.0
740	2643.6666666666665	5.0
750	2452.3333333333335	1.0
760	2556.8333333333335	2.0
770	2487.3333333333335	0.0
780	2508.3333333333335	1.0
790	2556.8333333333335	2.0
800	2647.1666666666665	2.0
810	2752.3333333333335	5.0
820	2329.6666666666665	1.0
830	2620.1666666666665	1.0
840	2499.5	2.0
850	2407.0	3.0
860	2612.3333333333335	2.0
870	2794.0	1.0
880	2500.6666666666665	4.0
890	2729.8333333333335	2.0
900	2565.1666666666665	2.0
910	2886.0	5.0
920	2675.5	16.0
930	2740.0	7.0
940	2587.0	2.0
950	2695.5	4.0
960	2628.1666666666665	3.0
970	2433.1666666666665	2.0
980	2460.1666666666665	1.0
990	2516.0	3.0
1000	2683.8333333333335	5.0
