0	293.3333333333333	0.0
10	70.0	0.0
20	70.0	0.0
30	70.0	0.0
40	70.0	0.0
50	70.0	0.0
60	70.0	0.0
70	70.0	0.0
80	72.33333333333333	0.0
90	70.0	0.0
100	71.33333333333333	0.0
110	159.66666666666666	0.0
120	252.66666666666666	0.0
130	92.0	0.0
140	414.0	0.0
150	512.3333333333334	0.0
160	176.0	0.0
170	333.6666666666667	0.0
180	177.0	0.0
190	346.0	0.0
200	289.0	0.0
210	240.66666666666666	0.0
220	330.6666666666667	0.0
230	334.3333333333333	0.0
240	389.6666666666667	0.0
250	292.6666666666667	0.0
260	301.3333333333333	0.0
270	412.6666666666667	0.0
280	389.6666666666667	0.0
290	338.3333333333333	0.0
300	399.3333333333333	0.0
310	370.0	0.0
320	524.0	0.0
330	775.3333333333334	0.0
340	1517.0	0.0
350	1071.3333333333333	0.0
360	1926.3333333333333	0.0
370	2383.3333333333335	0.0
380	2230.3333333333335	0.0
390	2507.5	0.0
400	2796.3333333333335	0.0
410	2574.5	0.0
420	2417.3333333333335	0.0
430	2368.3333333333335	0.0
440	2756.0	0.0
450	2255.8333333333335	0.0
460	1894.1666666666667	0.0
470	1909.6666666666667	0.0
480	2027.0	0.0
490	1899.6666666666667	0.0
500	1601.3333333333333	0.0
510	1818.3333333333333	0.0
520	2377.6666666666665	0.0
530	2364.0	0.0
540	2485.3333333333335	0.0
550	2217.0	0.0
560	2234.3333333333335	0.0
570	2448.1666666666665	0.0
580	2163.0	0.0
590	1987.6666666666667	0.0
600	2345.3333333333335	0.0
