0	252.66666666666666	0.0
10	70.0	0.0
20	70.0	0.0
30	70.0	0.0
40	70.0	0.0
50	70.0	0.0
60	70.0	0.0
70	70.0	0.0
80	70.0	0.0
90	90.33333333333333	0.0
100	153.0	0.0
110	140.66666666666666	0.0
120	84.0	0.0
130	78.33333333333333	0.0
140	308.0	0.0
150	219.0	0.0
160	103.33333333333333	0.0
170	279.3333333333333	0.0
180	371.0	0.0
190	456.0	0.0
200	322.0	0.0
210	460.3333333333333	0.0
220	670.3333333333334	0.0
230	418.3333333333333	0.0
240	306.3333333333333	0.0
250	399.6666666666667	0.0
260	348.3333333333333	0.0
270	546.0	0.0
280	411.0	0.0
290	667.3333333333334	0.0
300	789.6666666666666	0.0
310	1245.1666666666667	0.0
320	1380.8333333333333	0.0
330	1583.0	0.0
340	2425.8333333333335	0.0
350	2345.0	0.0
360	2476.0	0.0
370	2570.0	0.0
380	2257.6666666666665	0.0
390	2432.8333333333335	0.0
400	2229.0	0.0
410	2464.0	0.0
420	2339.5	0.0
430	2391.1666666666665	0.0
440	2335.3333333333335	0.0
450	2418.1666666666665	0.0
460	1875.6666666666667	0.0
470	1849.5	0.0
480	2036.5	0.0
490	1840.3333333333333	0.0
500	1941.0	0.0
510	2057.3333333333335	0.0
520	1897.8333333333333	0.0
530	1975.5	0.0
540	2164.3333333333335	0.0
550	2156.1666666666665	0.0
560	1921.0	0.0
570	2127.8333333333335	0.0
580	2113.0	0.0
590	2225.8333333333335	0.0
600	1936.0	0.0
