0	268.0	0.0
10	70.0	0.0
20	70.0	0.0
30	70.0	0.0
40	70.0	0.0
50	70.0	0.0
60	70.0	0.0
70	70.0	0.0
80	71.0	0.0
90	73.66666666666667	0.0
100	73.0	0.0
110	81.33333333333333	0.0
120	112.33333333333333	0.0
130	395.3333333333333	0.0
140	261.3333333333333	0.0
150	246.33333333333334	0.0
160	218.66666666666666	0.0
170	233.33333333333334	0.0
180	293.3333333333333	0.0
190	239.66666666666666	2.0
200	394.0	12.0
210	224.66666666666666	5.0
220	456.0	0.0
230	409.3333333333333	0.0
240	399.3333333333333	0.0
250	357.3333333333333	12.0
260	454.3333333333333	14.0
270	386.0	0.0
280	555.6666666666666	0.0
290	584.6666666666666	18.0
300	628.6666666666666	0.0
310	1104.6666666666667	0.0
320	1081.3333333333333	40.0
330	997.0	22.0
340	877.6666666666666	7.0
350	1324.0	18.0
360	1749.1666666666667	29.0
370	1650.6666666666667	2.0
380	1952.0	14.0
390	2111.5	78.0
400	2242.8333333333335	30.0
410	1509.3333333333333	11.0
420	1778.1666666666667	27.0
430	1827.6666666666667	32.0
440	1441.8333333333333	35.0
450	1550.8333333333333	16.0
460	1719.1666666666667	106.0
470	1319.6666666666667	3.0
480	1537.8333333333333	42.0
490	1813.1666666666667	1.0
500	1733.3333333333333	41.0
510	1832.1666666666667	51.0
520	1712.6666666666667	15.0
530	1683.0	53.0
540	1630.0	21.0
550	1645.0	12.0
560	1616.8333333333333	50.0
570	1979.5	14.0
580	2003.6666666666667	25.0
590	1834.1666666666667	44.0
600	1956.6666666666667	61.0
