0	305.3333333333333	0.0
10	70.0	0.0
20	70.0	0.0
30	70.0	0.0
40	70.0	0.0
50	70.0	0.0
60	70.0	0.0
70	70.0	0.0
80	70.66666666666667	0.0
90	71.0	0.0
100	72.66666666666667	0.0
110	73.0	0.0
120	292.6666666666667	0.0
130	326.3333333333333	0.0
140	208.0	0.0
150	114.0	0.0
160	114.66666666666667	0.0
170	289.0	0.0
180	433.0	0.0
190	285.0	34.0
200	270.3333333333333	5.0
210	295.6666666666667	0.0
220	340.3333333333333	0.0
230	369.3333333333333	0.0
240	315.6666666666667	0.0
250	470.6666666666667	23.0
260	732.3333333333334	3.0
270	415.6666666666667	0.0
280	585.0	11.0
290	718.3333333333334	0.0
300	893.0	1.0
310	570.0	15.0
320	1049.0	1.0
330	1215.6666666666667	24.0
340	1541.0	14.0
350	2112.3333333333335	38.0
360	2608.0	71.0
370	2024.3333333333333	33.0
380	2744.8333333333335	92.0
390	2287.1666666666665	9.0
400	2479.0	13.0
410	2162.0	47.0
420	2520.1666666666665	38.0
430	2631.0	57.0
440	2613.5	16.0
450	1387.6666666666667	1.0
460	2482.6666666666665	37.0
470	2182.0	30.0
480	1717.3333333333333	58.0
490	1770.5	51.0
500	1803.1666666666667	19.0
510	2471.0	31.0
520	1899.8333333333333	4.0
530	1735.6666666666667	96.0
540	2230.0	56.0
550	2214.1666666666665	16.0
560	2291.6666666666665	11.0
570	1533.5	0.0
580	1600.1666666666667	14.0
590	1857.0	21.0
600	2148.3333333333335	9.0
