0	243.33333333333334	0.0
10	116.33333333333333	342.0
20	100.0	0.0
30	100.0	0.0
40	100.0	0.0
50	100.0	0.0
60	100.0	0.0
70	100.0	0.0
80	100.66666666666667	0.0
90	106.0	0.0
100	106.66666666666667	0.0
110	103.0	0.0
120	82.0	0.0
130	82.33333333333333	0.0
140	80.33333333333333	0.0
150	82.33333333333333	0.0
160	74.0	0.0
170	71.0	0.0
180	71.66666666666667	0.0
190	73.66666666666667	0.0
200	70.0	0.0
210	76.66666666666667	0.0
220	83.0	0.0
230	90.66666666666667	0.0
240	83.33333333333333	0.0
250	97.66666666666667	0.0
260	109.66666666666667	0.0
270	256.3333333333333	0.0
280	157.0	0.0
290	165.66666666666666	0.0
300	171.33333333333334	0.0
310	145.66666666666666	0.0
320	479.3333333333333	0.0
330	563.6666666666666	0.0
340	400.3333333333333	0.0
350	578.3333333333334	0.0
360	532.3333333333334	0.0
370	408.3333333333333	0.0
380	530.6666666666666	0.0
390	491.6666666666667	0.0
400	487.0	0.0
410	580.0	0.0
420	746.3333333333334	0.0
430	759.6666666666666	0.0
440	1227.0	0.0
450	1537.6666666666667	0.0
460	1500.3333333333333	0.0
470	2006.6666666666667	0.0
480	1776.6666666666667	0.0
490	1920.3333333333333	0.0
500	1798.0	0.0
510	2369.0	0.0
520	2237.3333333333335	0.0
530	2222.6666666666665	0.0
540	2149.0	0.0
550	2069.3333333333335	0.0
560	2428.0	0.0
570	2371.3333333333335	0.0
580	2329.6666666666665	0.0
590	2435.3333333333335	0.0
600	2348.0	0.0
610	2412.0	0.0
620	2597.1666666666665	0.0
630	2545.3333333333335	0.0
640	2650.6666666666665	0.0
650	2659.0	0.0
660	2729.3333333333335	0.0
670	2820.6666666666665	0.0
680	2761.8333333333335	0.0
690	2712.3333333333335	0.0
700	2451.6666666666665	0.0
710	2490.6666666666665	0.0
720	2518.6666666666665	0.0
730	2558.6666666666665	0.0
740	2430.8333333333335	0.0
750	2853.0	0.0
760	2029.5	0.0
770	2179.6666666666665	0.0
780	2543.0	0.0
790	1861.0	0.0
800	2538.1666666666665	0.0
810	2145.6666666666665	0.0
820	2336.5	0.0
830	2480.3333333333335	0.0
840	2729.5	0.0
850	2835.0	0.0
860	2610.0	0.0
870	2425.3333333333335	0.0
880	2367.5	0.0
890	2221.1666666666665	0.0
900	2101.3333333333335	0.0
910	2427.8333333333335	0.0
920	2368.5	0.0
930	2609.6666666666665	0.0
940	2545.8333333333335	0.0
950	2975.0	0.0
960	2657.1666666666665	0.0
970	2892.0	0.0
980	2354.1666666666665	0.0
990	2732.0	0.0
1000	2685.3333333333335	0.0
