0	257.6666666666667	0.0
10	103.0	339.0
20	99.0	0.0
30	100.0	0.0
40	96.66666666666667	0.0
50	92.33333333333333	0.0
60	82.33333333333333	0.0
70	70.66666666666667	0.0
80	71.66666666666667	0.0
90	70.0	0.0
100	70.0	0.0
110	70.0	0.0
120	70.0	0.0
130	70.0	0.0
140	70.0	0.0
150	70.0	0.0
160	70.0	0.0
170	70.0	0.0
180	70.0	0.0
190	70.0	0.0
200	70.0	0.0
210	71.33333333333333	0.0
220	71.33333333333333	0.0
230	71.66666666666667	0.0
240	73.33333333333333	0.0
250	91.66666666666667	0.0
260	86.66666666666667	0.0
270	119.66666666666667	0.0
280	234.33333333333334	0.0
290	183.66666666666666	0.0
300	323.6666666666667	0.0
310	276.0	0.0
320	162.0	0.0
330	159.66666666666666	0.0
340	177.66666666666666	0.0
350	205.0	0.0
360	155.0	0.0
370	211.66666666666666	0.0
380	225.66666666666666	0.0
390	228.0	0.0
400	203.0	0.0
410	229.0	0.0
420	156.0	0.0
430	187.0	0.0
440	172.66666666666666	0.0
450	240.0	0.0
460	281.6666666666667	0.0
470	381.3333333333333	0.0
480	335.6666666666667	0.0
490	308.0	0.0
500	267.3333333333333	0.0
510	311.6666666666667	0.0
520	341.6666666666667	0.0
530	420.6666666666667	0.0
540	263.6666666666667	0.0
550	347.3333333333333	0.0
560	485.0	0.0
570	365.6666666666667	0.0
580	643.6666666666666	0.0
590	711.6666666666666	0.0
600	862.0	0.0
610	739.3333333333334	0.0
620	435.0	0.0
630	475.0	0.0
640	581.0	0.0
650	866.6666666666666	0.0
660	715.3333333333334	0.0
670	777.3333333333334	0.0
680	786.3333333333334	0.0
690	1049.0	0.0
700	1391.3333333333333	0.0
710	822.3333333333334	0.0
720	1132.6666666666667	0.0
730	987.1666666666666	0.0
740	1201.3333333333333	0.0
750	1035.5	0.0
760	1076.6666666666667	0.0
770	1617.1666666666667	0.0
780	2145.8333333333335	0.0
790	2365.5	0.0
800	1917.5	0.0
810	1141.5	0.0
820	1324.8333333333333	0.0
830	1043.1666666666667	0.0
840	1688.0	0.0
850	2206.1666666666665	0.0
860	1633.1666666666667	0.0
870	1771.5	0.0
880	2969.5	0.0
890	2715.1666666666665	0.0
900	2593.5	0.0
910	2215.3333333333335	0.0
920	2142.3333333333335	0.0
930	1574.6666666666667	0.0
940	2577.8333333333335	0.0
950	2496.0	0.0
960	2557.5	0.0
970	2792.6666666666665	0.0
980	2725.5	0.0
990	2521.5	0.0
1000	2669.0	0.0
