0	242.66666666666666	0.0
10	101.66666666666667	1136.0
20	105.33333333333333	0.0
30	104.0	0.0
40	104.0	0.0
50	99.66666666666667	0.0
60	92.0	0.0
70	94.66666666666667	0.0
80	92.0	0.0
90	94.0	0.0
100	98.33333333333333	0.0
110	95.0	0.0
120	97.0	0.0
130	98.0	0.0
140	95.33333333333333	0.0
150	90.33333333333333	0.0
160	93.66666666666667	0.0
170	99.0	0.0
180	97.0	0.0
190	101.66666666666667	0.0
200	137.33333333333334	0.0
210	114.33333333333333	0.0
220	166.66666666666666	0.0
230	133.66666666666666	0.0
240	297.0	0.0
250	388.6666666666667	0.0
260	485.0	0.0
270	539.0	0.0
280	761.6666666666666	0.0
290	926.6666666666666	0.0
300	874.0	0.0
310	860.0	0.0
320	692.0	0.0
330	516.3333333333334	0.0
340	799.6666666666666	0.0
350	1728.0	0.0
360	1021.6666666666666	0.0
370	1078.0	0.0
380	1263.6666666666667	0.0
390	1582.3333333333333	0.0
400	1549.3333333333333	0.0
410	1981.3333333333333	0.0
420	1959.3333333333333	0.0
430	2242.0	0.0
440	2458.0	0.0
450	2339.0	0.0
460	2207.3333333333335	0.0
470	2331.3333333333335	0.0
480	2234.3333333333335	0.0
490	2469.5	0.0
500	2038.6666666666667	0.0
510	2530.1666666666665	0.0
520	2466.5	0.0
530	2359.6666666666665	0.0
540	2688.0	0.0
550	2241.3333333333335	0.0
560	2615.6666666666665	0.0
570	2118.6666666666665	0.0
580	2560.6666666666665	0.0
590	2789.1666666666665	0.0
600	2642.6666666666665	0.0
610	2350.6666666666665	0.0
620	2580.0	0.0
630	2697.0	0.0
640	2748.0	0.0
650	2760.5	0.0
660	2517.1666666666665	0.0
670	2420.0	0.0
680	2591.6666666666665	0.0
690	2842.5	0.0
700	2651.5	0.0
710	2589.8333333333335	0.0
720	2717.6666666666665	0.0
730	2482.6666666666665	0.0
740	2773.0	0.0
750	2501.8333333333335	0.0
760	2820.6666666666665	0.0
770	2787.6666666666665	0.0
780	2535.1666666666665	0.0
790	2454.5	0.0
800	2428.5	0.0
