0	257.0	0.0
10	70.0	1224.0
20	70.0	0.0
30	70.0	0.0
40	70.0	0.0
50	70.0	0.0
60	70.0	0.0
70	70.0	0.0
80	70.0	0.0
90	70.0	0.0
100	70.0	0.0
110	70.0	0.0
120	70.66666666666667	0.0
130	71.0	0.0
140	70.0	0.0
150	70.0	0.0
160	79.0	0.0
170	71.0	0.0
180	71.66666666666667	0.0
190	136.66666666666666	0.0
200	86.66666666666667	0.0
210	164.66666666666666	0.0
220	514.3333333333334	0.0
230	162.66666666666666	0.0
240	277.6666666666667	0.0
250	130.0	0.0
260	138.33333333333334	0.0
270	181.66666666666666	0.0
280	288.6666666666667	0.0
290	602.6666666666666	0.0
300	1088.0	0.0
310	771.6666666666666	0.0
320	1096.3333333333333	0.0
330	966.3333333333334	0.0
340	1275.6666666666667	0.0
350	1358.0	0.0
360	1616.0	0.0
370	1196.0	0.0
380	1751.6666666666667	0.0
390	1659.5	0.0
400	1881.3333333333333	0.0
410	2046.0	0.0
420	2346.3333333333335	0.0
430	1451.0	0.0
440	2147.3333333333335	0.0
450	2334.6666666666665	0.0
460	2315.3333333333335	0.0
470	2049.6666666666665	0.0
480	2130.3333333333335	0.0
490	2193.3333333333335	0.0
500	2339.6666666666665	0.0
510	2144.0	0.0
520	2551.3333333333335	0.0
530	2492.0	0.0
540	2595.0	0.0
550	2090.3333333333335	0.0
560	2507.1666666666665	0.0
570	2214.6666666666665	0.0
580	2546.3333333333335	0.0
590	2270.3333333333335	0.0
600	2604.0	0.0
610	2780.8333333333335	0.0
620	2673.5	0.0
630	2831.6666666666665	0.0
640	2695.3333333333335	0.0
650	2540.5	0.0
660	2565.8333333333335	0.0
670	2401.0	0.0
680	2589.3333333333335	0.0
690	2699.8333333333335	0.0
700	2417.3333333333335	0.0
710	2617.3333333333335	0.0
720	2468.8333333333335	0.0
730	2544.8333333333335	0.0
740	2700.5	0.0
750	2555.5	0.0
760	2386.8333333333335	0.0
770	2561.6666666666665	0.0
780	2396.0	0.0
790	2548.6666666666665	0.0
800	2525.3333333333335	0.0
