0	239.0	0.0
10	86.0	1159.0
20	70.66666666666667	0.0
30	70.0	0.0
40	70.0	0.0
50	70.0	0.0
60	70.0	0.0
70	70.0	0.0
80	70.0	0.0
90	70.0	0.0
100	70.0	0.0
110	70.0	0.0
120	70.0	0.0
130	70.0	0.0
140	70.0	0.0
150	70.33333333333333	0.0
160	71.0	0.0
170	75.66666666666667	0.0
180	231.0	0.0
190	119.0	0.0
200	150.33333333333334	0.0
210	391.3333333333333	0.0
220	668.0	0.0
230	207.66666666666666	0.0
240	290.0	0.0
250	326.3333333333333	0.0
260	158.33333333333334	0.0
270	155.66666666666666	0.0
280	162.66666666666666	0.0
290	212.0	0.0
300	244.0	0.0
310	256.0	0.0
320	270.6666666666667	0.0
330	276.6666666666667	0.0
340	428.6666666666667	0.0
350	711.0	0.0
360	1167.3333333333333	0.0
370	1298.6666666666667	0.0
380	833.3333333333334	0.0
390	1454.0	0.0
400	1712.0	0.0
410	1443.0	0.0
420	1370.0	0.0
430	1497.0	0.0
440	1606.6666666666667	0.0
450	1702.3333333333333	0.0
460	1761.3333333333333	0.0
470	2055.6666666666665	0.0
480	2467.3333333333335	0.0
490	2531.3333333333335	0.0
500	2505.3333333333335	0.0
510	2196.3333333333335	0.0
520	2604.6666666666665	0.0
530	2119.0	0.0
540	2282.0	0.0
550	2537.6666666666665	0.0
560	2436.3333333333335	0.0
570	2399.3333333333335	0.0
580	2186.6666666666665	0.0
590	2489.6666666666665	0.0
600	2605.1666666666665	0.0
610	2515.6666666666665	0.0
620	2654.0	0.0
630	2676.3333333333335	0.0
640	2402.6666666666665	0.0
650	2332.1666666666665	0.0
660	2497.3333333333335	0.0
670	2581.5	0.0
680	2515.6666666666665	0.0
690	2531.6666666666665	0.0
700	2628.3333333333335	0.0
710	2644.0	0.0
720	2672.3333333333335	0.0
730	2281.6666666666665	0.0
740	2804.6666666666665	0.0
750	2731.1666666666665	0.0
760	2664.8333333333335	0.0
770	2566.0	0.0
780	2654.6666666666665	0.0
790	2739.0	0.0
800	2644.1666666666665	0.0
