0	251.66666666666666	0.0
10	96.66666666666667	1063.0
20	99.0	0.0
30	98.0	0.0
40	96.66666666666667	0.0
50	97.33333333333333	0.0
60	97.0	0.0
70	95.33333333333333	0.0
80	96.0	0.0
90	93.0	0.0
100	94.33333333333333	0.0
110	94.66666666666667	0.0
120	95.0	0.0
130	93.0	0.0
140	92.33333333333333	0.0
150	95.0	0.0
160	98.0	0.0
170	104.0	0.0
180	113.66666666666667	0.0
190	130.33333333333334	0.0
200	124.66666666666667	0.0
210	131.66666666666666	0.0
220	168.33333333333334	0.0
230	162.66666666666666	0.0
240	210.33333333333334	0.0
250	190.33333333333334	0.0
260	277.0	0.0
270	349.0	0.0
280	451.6666666666667	0.0
290	557.3333333333334	0.0
300	420.6666666666667	0.0
310	570.6666666666666	0.0
320	468.0	0.0
330	482.0	0.0
340	421.0	0.0
350	846.0	0.0
360	949.0	0.0
370	1493.0	0.0
380	1475.0	0.0
390	1315.3333333333333	0.0
400	1595.3333333333333	0.0
410	1589.6666666666667	0.0
420	1362.6666666666667	0.0
430	1518.3333333333333	0.0
440	2062.3333333333335	0.0
450	2173.0	0.0
460	2282.3333333333335	0.0
470	2302.6666666666665	0.0
480	2341.0	0.0
490	1885.3333333333333	0.0
500	2002.0	0.0
510	1994.0	0.0
520	2323.3333333333335	0.0
530	2323.6666666666665	0.0
540	2357.3333333333335	0.0
550	2266.8333333333335	0.0
560	2246.3333333333335	0.0
570	2211.6666666666665	0.0
580	2351.3333333333335	0.0
590	2440.3333333333335	0.0
600	2680.8333333333335	0.0
610	2433.3333333333335	0.0
620	2720.6666666666665	0.0
630	2518.3333333333335	0.0
640	2245.6666666666665	0.0
650	2466.5	0.0
660	2674.3333333333335	0.0
670	2779.0	0.0
680	2607.0	0.0
690	2711.8333333333335	0.0
700	2703.0	0.0
710	2792.1666666666665	0.0
720	2558.1666666666665	0.0
730	2722.8333333333335	0.0
740	2647.0	0.0
750	2596.0	0.0
760	2604.6666666666665	0.0
770	2818.6666666666665	0.0
780	2684.1666666666665	0.0
790	2586.6666666666665	0.0
800	2642.8333333333335	0.0
