0	271.6666666666667	0.0
10	71.0	1102.0
20	70.0	0.0
30	70.0	0.0
40	70.0	0.0
50	70.0	0.0
60	70.0	0.0
70	70.0	0.0
80	70.0	0.0
90	70.0	0.0
100	70.0	0.0
110	70.0	0.0
120	70.0	0.0
130	70.0	0.0
140	70.0	0.0
150	70.0	0.0
160	70.0	0.0
170	70.66666666666667	0.0
180	77.33333333333333	0.0
190	73.66666666666667	0.0
200	70.33333333333333	0.0
210	86.0	0.0
220	188.33333333333334	0.0
230	311.0	0.0
240	542.6666666666666	0.0
250	384.0	0.0
260	233.33333333333334	0.0
270	171.0	0.0
280	248.0	0.0
290	153.33333333333334	0.0
300	130.0	0.0
310	131.0	0.0
320	203.66666666666666	0.0
330	217.33333333333334	0.0
340	630.0	0.0
350	383.6666666666667	0.0
360	701.6666666666666	0.0
370	776.0	0.0
380	891.0	0.0
390	1006.3333333333334	0.0
400	1162.6666666666667	0.0
410	1372.6666666666667	0.0
420	1502.0	0.0
430	1338.3333333333333	0.0
440	1551.3333333333333	0.0
450	1848.3333333333333	0.0
460	2008.0	0.0
470	2097.3333333333335	0.0
480	2136.0	0.0
490	2235.5	0.0
500	1954.0	0.0
510	2352.3333333333335	0.0
520	2039.1666666666667	0.0
530	2214.3333333333335	0.0
540	2444.6666666666665	0.0
550	2178.3333333333335	0.0
560	2492.0	0.0
570	2352.3333333333335	0.0
580	2264.6666666666665	0.0
590	2207.3333333333335	0.0
600	2666.1666666666665	0.0
610	2523.5	0.0
620	2394.1666666666665	0.0
630	2446.0	0.0
640	2313.5	0.0
650	2500.1666666666665	0.0
660	2738.6666666666665	0.0
670	2561.3333333333335	0.0
680	2156.6666666666665	0.0
690	2353.0	0.0
700	2702.3333333333335	0.0
710	2758.6666666666665	0.0
720	2350.3333333333335	0.0
730	2843.8333333333335	0.0
740	2747.5	0.0
750	2245.0	0.0
760	2529.3333333333335	0.0
770	2504.3333333333335	0.0
780	2462.6666666666665	0.0
790	2497.6666666666665	0.0
800	2530.3333333333335	0.0
