0	295.0	0.0
10	508.6666666666667	1000.0
20	886.6666666666666	0.0
30	111.0	0.0
40	1124.6666666666667	0.0
50	2481.3333333333335	0.0
60	2177.3333333333335	0.0
70	2275.6666666666665	0.0
80	2220.5	0.0
90	2463.1666666666665	0.0
100	2369.5	0.0
110	2446.0	0.0
120	2098.0	0.0
130	2143.0	0.0
140	2410.3333333333335	0.0
150	2515.6666666666665	0.0
160	2238.6666666666665	0.0
170	2273.3333333333335	0.0
180	2744.3333333333335	0.0
190	2570.3333333333335	0.0
200	2573.6666666666665	0.0
210	2325.6666666666665	0.0
220	2310.6666666666665	0.0
230	2582.3333333333335	0.0
240	2514.8333333333335	0.0
250	1800.6666666666667	0.0
260	1710.0	0.0
270	1719.3333333333333	0.0
280	1488.0	0.0
290	1500.8333333333333	0.0
300	1993.0	0.0
310	2052.0	0.0
320	2274.6666666666665	0.0
330	1953.5	0.0
340	1825.0	0.0
350	1796.3333333333333	0.0
360	2293.1666666666665	0.0
370	1929.3333333333333	0.0
380	2159.5	0.0
390	2032.8333333333333	0.0
400	1821.0	0.0
410	2567.0	0.0
420	1729.0	0.0
430	2222.0	0.0
440	2242.0	0.0
450	2021.5	0.0
460	1973.3333333333333	0.0
470	2589.0	0.0
480	2502.5	0.0
490	2470.3333333333335	0.0
500	2442.6666666666665	0.0
510	2292.6666666666665	0.0
520	1914.5	0.0
530	2464.6666666666665	0.0
540	2261.0	0.0
550	2461.6666666666665	0.0
560	2436.0	0.0
570	1995.3333333333333	0.0
580	1957.1666666666667	0.0
590	1834.8333333333333	0.0
600	2433.3333333333335	0.0
610	1801.3333333333333	0.0
620	1943.5	0.0
630	2287.1666666666665	0.0
640	2055.0	0.0
650	2317.1666666666665	0.0
660	2069.1666666666665	0.0
670	1973.5	0.0
680	1797.0	0.0
690	1986.1666666666667	0.0
700	1727.3333333333333	0.0
710	1905.3333333333333	0.0
720	2326.3333333333335	0.0
730	2269.5	0.0
740	1969.8333333333333	0.0
750	2020.0	0.0
760	2250.3333333333335	0.0
770	2286.0	0.0
780	2305.6666666666665	0.0
790	2167.6666666666665	0.0
800	2136.5	0.0
810	2235.1666666666665	0.0
820	2378.8333333333335	0.0
830	1704.0	0.0
840	1886.0	0.0
850	1988.6666666666667	0.0
860	2307.3333333333335	0.0
870	2512.8333333333335	0.0
880	2578.0	0.0
890	2435.6666666666665	0.0
900	2469.3333333333335	0.0
910	2428.8333333333335	0.0
920	2542.0	0.0
930	2315.0	0.0
940	2597.1666666666665	0.0
950	2358.5	0.0
960	2662.3333333333335	0.0
970	2419.5	0.0
980	2618.5	0.0
990	2509.6666666666665	0.0
1000	2397.3333333333335	0.0
