0	242.66666666666666	0.0
10	95.0	1000.0
20	70.66666666666667	0.0
30	71.33333333333333	0.0
40	71.0	0.0
50	1290.3333333333333	0.0
60	1046.3333333333333	0.0
70	124.0	0.0
80	1437.6666666666667	0.0
90	2039.1666666666667	0.0
100	2009.6666666666667	0.0
110	2421.3333333333335	0.0
120	2152.0	0.0
130	2260.8333333333335	0.0
140	2502.8333333333335	0.0
150	2142.3333333333335	0.0
160	2378.0	0.0
170	2484.0	0.0
180	2285.0	0.0
190	2471.0	0.0
200	2535.3333333333335	0.0
210	2632.3333333333335	0.0
220	2395.8333333333335	0.0
230	2493.5	0.0
240	2442.8333333333335	0.0
250	2203.6666666666665	0.0
260	2266.8333333333335	0.0
270	2468.0	0.0
280	2260.6666666666665	0.0
290	2466.6666666666665	0.0
300	2593.8333333333335	0.0
310	2582.0	0.0
320	1709.0	0.0
330	1889.6666666666667	0.0
340	1861.8333333333333	0.0
350	1994.1666666666667	0.0
360	1921.0	0.0
370	2453.5	0.0
380	1540.0	0.0
390	2081.3333333333335	0.0
400	1943.3333333333333	0.0
410	2247.0	0.0
420	2099.0	0.0
430	2048.0	0.0
440	2059.0	0.0
450	2055.0	0.0
460	2178.3333333333335	0.0
470	2319.0	0.0
480	2223.0	0.0
490	2338.6666666666665	0.0
500	2008.3333333333333	0.0
510	2563.3333333333335	0.0
520	2499.8333333333335	0.0
530	2369.0	0.0
540	2596.5	0.0
550	2133.3333333333335	0.0
560	2277.3333333333335	0.0
570	2509.0	0.0
580	2404.0	0.0
590	2457.8333333333335	0.0
600	2243.5	0.0
610	2406.0	0.0
620	2367.5	0.0
630	2411.0	0.0
640	2413.1666666666665	0.0
650	2440.1666666666665	0.0
660	2351.3333333333335	0.0
670	2419.6666666666665	0.0
680	2399.3333333333335	0.0
690	2415.5	0.0
700	2211.6666666666665	0.0
710	2637.0	0.0
720	2412.6666666666665	0.0
730	2662.6666666666665	0.0
740	2493.3333333333335	0.0
750	2748.3333333333335	0.0
760	2320.6666666666665	0.0
770	2571.5	0.0
780	2195.8333333333335	0.0
790	2563.8333333333335	0.0
800	2361.0	0.0
810	1867.8333333333333	0.0
820	2360.3333333333335	0.0
830	2257.1666666666665	0.0
840	2548.8333333333335	0.0
850	1937.0	0.0
860	1635.3333333333333	0.0
870	2113.6666666666665	0.0
880	2512.1666666666665	0.0
890	2063.6666666666665	0.0
900	2407.0	0.0
910	2443.3333333333335	0.0
920	2508.8333333333335	0.0
930	2423.5	0.0
940	2522.3333333333335	0.0
950	2444.6666666666665	0.0
960	2429.8333333333335	0.0
970	2538.0	0.0
980	2634.3333333333335	0.0
990	2682.8333333333335	0.0
1000	2534.6666666666665	0.0
