0	250.0	0.0
10	70.0	1000.0
20	70.0	0.0
30	70.0	0.0
40	70.0	0.0
50	70.33333333333333	0.0
60	77.66666666666667	0.0
70	339.0	0.0
80	1528.3333333333333	0.0
90	2015.3333333333333	0.0
100	2071.1666666666665	0.0
110	1982.3333333333333	0.0
120	2556.3333333333335	0.0
130	2804.0	0.0
140	2010.5	0.0
150	1972.3333333333333	0.0
160	2282.0	0.0
170	1969.3333333333333	0.0
180	2355.6666666666665	0.0
190	2180.3333333333335	0.0
200	2152.3333333333335	0.0
210	2339.1666666666665	0.0
220	2402.1666666666665	0.0
230	2527.0	0.0
240	2282.3333333333335	0.0
250	2490.3333333333335	0.0
260	2466.3333333333335	0.0
270	2434.6666666666665	0.0
280	2366.6666666666665	0.0
290	1916.6666666666667	0.0
300	1614.6666666666667	0.0
310	2309.3333333333335	0.0
320	2011.6666666666667	0.0
330	1832.0	0.0
340	1672.6666666666667	0.0
350	1660.6666666666667	0.0
360	2003.5	0.0
370	2159.5	0.0
380	2167.6666666666665	0.0
390	2435.5	0.0
400	1596.0	0.0
410	1892.0	0.0
420	2284.1666666666665	0.0
430	1749.1666666666667	0.0
440	1876.0	0.0
450	1976.0	0.0
460	2015.0	0.0
470	2206.8333333333335	0.0
480	2282.1666666666665	0.0
490	1894.0	0.0
500	1893.6666666666667	0.0
510	2700.5	0.0
520	1841.6666666666667	0.0
530	2326.0	0.0
540	2396.6666666666665	0.0
550	2358.8333333333335	0.0
560	2544.5	0.0
570	2340.3333333333335	0.0
580	2451.0	0.0
590	2340.0	0.0
600	2491.3333333333335	0.0
610	2269.6666666666665	0.0
620	2570.8333333333335	0.0
630	2201.0	0.0
640	2162.3333333333335	0.0
650	2449.3333333333335	0.0
660	2180.6666666666665	0.0
670	2375.8333333333335	0.0
680	2349.0	0.0
690	2420.3333333333335	0.0
700	2629.6666666666665	0.0
710	1970.5	0.0
720	1994.0	0.0
730	1669.6666666666667	0.0
740	1793.0	0.0
750	2439.6666666666665	0.0
760	2325.0	0.0
770	2366.0	0.0
780	2548.5	0.0
790	2076.1666666666665	0.0
800	2713.6666666666665	0.0
810	2857.3333333333335	0.0
820	2342.8333333333335	0.0
830	2526.0	0.0
840	2643.3333333333335	0.0
850	2381.6666666666665	0.0
860	2137.3333333333335	0.0
870	2594.5	0.0
880	2334.6666666666665	0.0
890	2416.6666666666665	0.0
900	2240.3333333333335	0.0
910	1593.3333333333333	0.0
920	2612.0	0.0
930	2665.3333333333335	0.0
940	2695.3333333333335	0.0
950	2346.5	0.0
960	2472.6666666666665	0.0
970	2489.8333333333335	0.0
980	2543.8333333333335	0.0
990	2508.0	0.0
1000	2221.1666666666665	0.0
