0	256.3333333333333	0.0
10	70.0	0.0
20	70.0	0.0
30	70.0	0.0
40	70.0	0.0
50	70.0	0.0
60	70.0	0.0
70	70.0	0.0
80	70.0	0.0
90	75.66666666666667	0.0
100	77.33333333333333	0.0
110	172.0	0.0
120	239.33333333333334	0.0
130	194.66666666666666	0.0
140	411.3333333333333	0.0
150	85.0	0.0
160	343.6666666666667	0.0
170	230.66666666666666	0.0
180	180.66666666666666	0.0
190	594.3333333333334	0.0
200	587.6666666666666	0.0
210	699.0	0.0
220	378.3333333333333	0.0
230	329.6666666666667	0.0
240	319.6666666666667	0.0
250	524.0	0.0
260	356.3333333333333	0.0
270	572.6666666666666	0.0
280	737.6666666666666	0.0
290	764.6666666666666	0.0
300	681.3333333333334	0.0
310	949.6666666666666	0.0
320	960.6666666666666	0.0
330	1385.0	0.0
340	1158.3333333333333	0.0
350	1618.6666666666667	0.0
360	1288.3333333333333	0.0
370	1496.8333333333333	0.0
380	1655.6666666666667	0.0
390	2144.0	0.0
400	1956.0	0.0
410	1669.5	0.0
420	1358.0	0.0
430	1335.3333333333333	0.0
440	1392.3333333333333	0.0
450	1728.1666666666667	0.0
460	1658.3333333333333	0.0
470	1736.6666666666667	0.0
480	1953.0	0.0
490	1531.5	0.0
500	1980.1666666666667	0.0
510	1534.3333333333333	0.0
520	1535.3333333333333	0.0
530	1529.1666666666667	0.0
540	1246.3333333333333	0.0
550	1623.5	0.0
560	1611.6666666666667	0.0
570	1680.3333333333333	0.0
580	2161.0	0.0
590	1884.3333333333333	0.0
600	1649.0	0.0
