0	206.0	0.0
10	70.0	255.0
20	70.0	0.0
30	70.0	0.0
40	70.0	0.0
50	70.0	0.0
60	70.66666666666667	0.0
70	73.33333333333333	0.0
80	163.0	0.0
90	206.33333333333334	0.0
100	381.3333333333333	0.0
110	502.0	0.0
120	154.66666666666666	0.0
130	358.0	0.0
140	307.6666666666667	0.0
150	311.3333333333333	0.0
160	160.0	0.0
170	259.6666666666667	0.0
180	334.6666666666667	0.0
190	406.6666666666667	0.0
200	175.33333333333334	0.0
210	352.3333333333333	0.0
220	579.0	0.0
230	661.6666666666666	0.0
240	676.3333333333334	0.0
250	595.6666666666666	0.0
260	1118.5	0.0
270	1447.0	0.0
280	1708.8333333333333	0.0
290	1797.3333333333333	0.0
300	2127.6666666666665	0.0
310	2296.3333333333335	0.0
320	1927.1666666666667	0.0
330	2531.1666666666665	0.0
340	2096.1666666666665	0.0
350	2448.1666666666665	0.0
360	2487.5	0.0
370	2699.5	0.0
380	2443.0	0.0
390	2234.6666666666665	0.0
400	2343.3333333333335	0.0
410	2402.1666666666665	0.0
420	2507.6666666666665	0.0
430	2313.5	0.0
440	2463.1666666666665	0.0
450	1974.6666666666667	0.0
460	2641.5	0.0
470	2591.3333333333335	0.0
480	2084.8333333333335	0.0
490	2215.6666666666665	0.0
500	2227.6666666666665	0.0
510	1929.1666666666667	0.0
520	1436.6666666666667	0.0
530	1573.3333333333333	0.0
540	1771.3333333333333	0.0
550	1205.0	0.0
560	1694.3333333333333	0.0
570	1472.3333333333333	0.0
580	1628.8333333333333	0.0
590	1710.6666666666667	0.0
600	1624.6666666666667	0.0
610	1837.1666666666667	0.0
620	1886.6666666666667	0.0
630	1954.6666666666667	0.0
640	2246.0	0.0
650	1845.1666666666667	0.0
660	1683.3333333333333	0.0
670	1868.0	0.0
680	2292.0	0.0
690	1971.3333333333333	0.0
700	2039.8333333333333	0.0
710	1646.5	0.0
720	1998.0	0.0
730	1613.0	0.0
740	2106.5	0.0
750	2448.3333333333335	0.0
760	2235.3333333333335	0.0
770	2484.3333333333335	0.0
780	2525.8333333333335	0.0
790	2647.6666666666665	0.0
800	2079.3333333333335	0.0
810	2160.0	0.0
820	2312.0	0.0
830	2656.3333333333335	0.0
840	2388.3333333333335	0.0
850	2202.0	0.0
860	2148.1666666666665	0.0
870	2421.3333333333335	0.0
880	2489.6666666666665	0.0
890	2583.3333333333335	0.0
900	2804.5	0.0
910	2441.3333333333335	0.0
920	2312.0	0.0
930	2334.3333333333335	0.0
940	1676.3333333333333	0.0
950	2243.3333333333335	0.0
960	1928.6666666666667	0.0
970	2019.5	0.0
980	2120.3333333333335	0.0
990	2242.1666666666665	0.0
1000	2224.0	0.0
