0	251.66666666666666	0.0
10	70.0	238.0
20	70.0	0.0
30	70.0	0.0
40	70.0	0.0
50	70.0	0.0
60	70.0	0.0
70	77.0	0.0
80	141.33333333333334	0.0
90	280.0	0.0
100	71.33333333333333	0.0
110	222.33333333333334	0.0
120	135.0	0.0
130	173.33333333333334	0.0
140	422.3333333333333	0.0
150	514.0	0.0
160	247.0	0.0
170	573.6666666666666	0.0
180	306.0	0.0
190	214.0	0.0
200	627.0	0.0
210	774.0	0.0
220	582.3333333333334	0.0
230	441.3333333333333	0.0
240	496.6666666666667	0.0
250	964.0	0.0
260	1352.5	0.0
270	1450.1666666666667	0.0
280	2515.6666666666665	0.0
290	2301.0	0.0
300	2417.6666666666665	0.0
310	1991.0	0.0
320	2506.3333333333335	0.0
330	2054.6666666666665	0.0
340	2057.8333333333335	0.0
350	2167.6666666666665	0.0
360	2150.3333333333335	0.0
370	2195.6666666666665	0.0
380	1733.1666666666667	0.0
390	2522.6666666666665	0.0
400	2474.3333333333335	0.0
410	2201.1666666666665	0.0
420	2098.6666666666665	0.0
430	2249.0	0.0
440	1711.6666666666667	0.0
450	2175.0	0.0
460	2450.1666666666665	0.0
470	1816.1666666666667	0.0
480	1807.3333333333333	0.0
490	2142.0	0.0
500	1569.0	0.0
510	1512.6666666666667	0.0
520	2264.8333333333335	0.0
530	1978.3333333333333	0.0
540	2689.3333333333335	0.0
550	2247.3333333333335	0.0
560	2608.8333333333335	0.0
570	2446.3333333333335	0.0
580	2612.3333333333335	0.0
590	2452.3333333333335	0.0
600	2598.3333333333335	0.0
610	2103.0	0.0
620	2414.3333333333335	0.0
630	2287.0	0.0
640	2419.3333333333335	0.0
650	2132.6666666666665	0.0
660	2587.8333333333335	0.0
670	2149.0	0.0
680	2186.0	0.0
690	1863.6666666666667	0.0
700	2409.1666666666665	0.0
710	2189.0	0.0
720	2205.3333333333335	0.0
730	2227.6666666666665	0.0
740	2383.0	0.0
750	2081.1666666666665	0.0
760	2274.0	0.0
770	2504.3333333333335	0.0
780	1854.0	0.0
790	2478.0	0.0
800	2338.5	0.0
810	2188.3333333333335	0.0
820	2475.1666666666665	0.0
830	1823.0	0.0
840	2045.5	0.0
850	1906.5	0.0
860	1977.0	0.0
870	2213.6666666666665	0.0
880	1820.5	0.0
890	1780.3333333333333	0.0
900	2187.3333333333335	0.0
910	2135.5	0.0
920	2500.0	0.0
930	2686.8333333333335	0.0
940	2198.6666666666665	0.0
950	2516.5	0.0
960	2369.3333333333335	0.0
970	2069.3333333333335	0.0
980	2469.3333333333335	0.0
990	1802.6666666666667	0.0
1000	2139.0	0.0
