0	212.0	0.0
10	70.0	254.0
20	70.0	0.0
30	70.0	0.0
40	70.0	0.0
50	70.0	0.0
60	70.0	0.0
70	87.66666666666667	0.0
80	71.0	0.0
90	78.66666666666667	0.0
100	281.0	0.0
110	112.66666666666667	0.0
120	196.33333333333334	0.0
130	131.33333333333334	0.0
140	170.0	0.0
150	369.0	0.0
160	202.33333333333334	0.0
170	96.0	0.0
180	494.6666666666667	0.0
190	248.33333333333334	0.0
200	295.6666666666667	0.0
210	390.3333333333333	0.0
220	582.3333333333334	0.0
230	1267.6666666666667	0.0
240	1058.3333333333333	0.0
250	1768.3333333333333	0.0
260	2173.3333333333335	0.0
270	2429.3333333333335	0.0
280	2366.8333333333335	0.0
290	2403.5	0.0
300	2563.5	0.0
310	2557.6666666666665	0.0
320	2284.6666666666665	0.0
330	2502.6666666666665	0.0
340	2321.6666666666665	0.0
350	2644.6666666666665	0.0
360	2077.6666666666665	0.0
370	2274.0	0.0
380	2262.6666666666665	0.0
390	2256.3333333333335	0.0
400	2275.0	0.0
410	2582.1666666666665	0.0
420	2597.6666666666665	0.0
430	2330.5	0.0
440	2038.8333333333333	0.0
450	2077.0	0.0
460	2316.6666666666665	0.0
470	2751.0	0.0
480	2326.0	0.0
490	2467.8333333333335	0.0
500	2688.3333333333335	0.0
510	2589.0	0.0
520	2095.0	0.0
530	2027.6666666666667	0.0
540	1585.0	0.0
550	2367.3333333333335	0.0
560	2455.0	0.0
570	2597.5	0.0
580	1396.1666666666667	0.0
590	2348.6666666666665	0.0
600	1961.6666666666667	0.0
610	1721.3333333333333	0.0
620	2457.3333333333335	0.0
630	2535.3333333333335	0.0
640	2600.6666666666665	0.0
650	2530.0	0.0
660	2411.3333333333335	0.0
670	2131.0	0.0
680	2475.3333333333335	0.0
690	2647.8333333333335	0.0
700	2071.0	0.0
710	1945.3333333333333	0.0
720	1871.3333333333333	0.0
730	1781.1666666666667	0.0
740	1833.3333333333333	0.0
750	2344.0	0.0
760	2476.5	0.0
770	2233.6666666666665	0.0
780	1767.6666666666667	0.0
790	2397.6666666666665	0.0
800	2065.6666666666665	0.0
810	2495.8333333333335	0.0
820	2333.3333333333335	0.0
830	2385.1666666666665	0.0
840	1681.0	0.0
850	1903.5	0.0
860	1946.0	0.0
870	1762.3333333333333	0.0
880	1885.3333333333333	0.0
890	1901.8333333333333	0.0
900	1897.6666666666667	0.0
910	2090.3333333333335	0.0
920	2085.8333333333335	0.0
930	2256.8333333333335	0.0
940	1971.0	0.0
950	1868.3333333333333	0.0
960	1989.8333333333333	0.0
970	1870.0	0.0
980	1946.5	0.0
990	1966.5	0.0
1000	2600.6666666666665	0.0
