0	282.3333333333333	0.0
10	549.3333333333334	349.0
20	979.3333333333334	228.0
30	826.0	118.0
40	1116.6666666666667	158.0
50	1176.6666666666667	147.0
60	1492.0	0.0
70	2137.1666666666665	0.0
80	1499.3333333333333	0.0
90	2072.6666666666665	0.0
100	2379.8333333333335	0.0
110	2183.0	0.0
120	2456.1666666666665	0.0
130	2621.1666666666665	0.0
140	2368.0	0.0
150	2316.8333333333335	0.0
160	2264.3333333333335	0.0
170	2392.8333333333335	0.0
180	2514.6666666666665	0.0
190	2370.6666666666665	0.0
200	2008.3333333333333	0.0
210	1694.6666666666667	0.0
220	1644.0	0.0
230	1775.6666666666667	0.0
240	1877.6666666666667	0.0
250	1792.6666666666667	0.0
260	1497.3333333333333	0.0
270	1287.3333333333333	0.0
280	1967.3333333333333	0.0
290	1876.5	0.0
300	2246.1666666666665	0.0
310	2050.5	0.0
320	1560.0	0.0
330	2134.1666666666665	0.0
340	2218.3333333333335	0.0
350	2326.3333333333335	0.0
360	2448.3333333333335	0.0
370	2271.8333333333335	0.0
380	2080.8333333333335	0.0
390	2550.0	0.0
400	1809.6666666666667	0.0
410	2457.0	0.0
420	2053.3333333333335	0.0
430	1950.3333333333333	0.0
440	1849.6666666666667	0.0
450	2058.3333333333335	0.0
460	2257.0	0.0
470	2642.1666666666665	0.0
480	2412.8333333333335	0.0
490	2332.6666666666665	0.0
500	2340.8333333333335	0.0
510	1696.0	0.0
520	2264.1666666666665	0.0
530	1846.3333333333333	0.0
540	2275.3333333333335	0.0
550	2399.3333333333335	0.0
560	2305.3333333333335	0.0
570	2543.5	0.0
580	2315.6666666666665	0.0
590	2411.0	0.0
600	2063.6666666666665	0.0
610	2695.6666666666665	0.0
620	2511.8333333333335	0.0
630	2427.6666666666665	0.0
640	2627.8333333333335	0.0
650	2461.8333333333335	0.0
660	1835.8333333333333	0.0
670	2487.0	0.0
680	2496.1666666666665	0.0
690	2156.6666666666665	0.0
700	2067.1666666666665	0.0
710	1800.1666666666667	0.0
720	2190.0	0.0
730	2276.1666666666665	0.0
740	2051.6666666666665	0.0
750	2592.6666666666665	0.0
760	1539.0	0.0
770	1795.8333333333333	0.0
780	1954.1666666666667	0.0
790	1857.6666666666667	0.0
800	2457.0	0.0
810	2399.1666666666665	0.0
820	2526.3333333333335	0.0
830	2506.0	0.0
840	2064.0	0.0
850	1677.6666666666667	0.0
860	2341.8333333333335	0.0
870	2269.8333333333335	0.0
880	2496.6666666666665	0.0
890	1841.0	0.0
900	2723.0	0.0
910	2132.5	0.0
920	2368.5	0.0
930	2085.8333333333335	0.0
940	1972.6666666666667	0.0
950	1721.3333333333333	0.0
960	1652.8333333333333	0.0
970	2653.0	0.0
980	2500.6666666666665	0.0
990	2352.1666666666665	0.0
1000	2239.6666666666665	0.0
