0	254.488888888889	0.0
10	72.38888888888889	28.1
20	72.45555555555555	21.033333333333335
30	72.27777777777779	17.6
40	71.66666666666667	31.733333333333334
50	72.2	18.633333333333333
60	93.34444444444445	15.0
70	132.2111111111111	13.333333333333334
80	123.05555555555556	30.733333333333334
90	184.94444444444446	52.333333333333336
100	290.34999999999997	60.56666666666667
110	400.2388888888889	91.36666666666666
120	635.2055555555555	129.83333333333334
130	879.938888888889	147.9
140	1104.3166666666668	130.46666666666667
150	1308.4777777777776	86.53333333333333
160	1548.727777777778	46.5
170	1799.5055555555557	51.233333333333334
180	1946.4777777777779	24.466666666666665
190	2102.9500000000003	2.6333333333333333
200	2167.983333333333	0.0
210	2232.472222222222	0.0
220	2257.3555555555554	0.0
230	2287.3166666666666	0.0
240	2285.833333333334	0.0
250	2322.1944444444443	0.0
260	2330.0722222222225	0.0
270	2259.3222222222225	0.0
280	2293.027777777778	0.0
290	2277.4611111111108	0.0
300	2312.5333333333333	0.0
310	2242.0	0.0
320	2316.227777777777	0.0
330	2292.7833333333338	0.0
340	2248.244444444444	0.0
350	2127.1722222222224	0.0
360	2180.244444444444	0.0
370	2310.016666666667	0.0
380	2108.611111111111	0.0
390	2089.1555555555556	0.0
400	2036.461111111111	0.0
410	2008.122222222222	0.0
420	2133.7833333333338	0.0
430	2030.6388888888891	0.0
440	2031.6777777777781	0.0
450	2038.5833333333333	0.0
460	2022.6666666666665	0.0
470	2044.7166666666667	0.0
480	1972.7222222222222	0.0
490	2094.6	0.0
500	1986.9833333333333	0.0
510	1972.9333333333336	0.0
520	1933.2722222222224	0.0
530	2046.0222222222224	0.0
540	1981.355555555556	0.0
550	2089.4833333333327	0.0
560	2097.7	0.0
570	2087.2833333333333	0.0
580	2086.4055555555556	0.0
590	2107.333333333334	0.0
600	2080.4666666666667	0.0
610	2120.5555555555557	0.0
620	2182.2166666666667	0.0
630	2093.594444444445	0.0
640	2118.6444444444446	0.0
650	2178.3777777777777	0.0
660	2195.238888888889	0.0
670	2230.744444444445	0.0
680	2195.5777777777776	0.0
690	2262.6111111111104	0.0
700	2188.3777777777777	0.0
710	2214.7000000000003	0.0
720	2156.411111111111	0.0
730	2123.1111111111113	0.0
740	2249.3666666666672	0.0
750	2197.344444444445	0.0
760	2187.0	0.0
770	2294.8888888888896	0.0
780	2318.3111111111116	0.0
790	2226.4722222222217	0.0
800	2228.927777777778	0.0
810	2280.75	0.0
820	2301.9388888888884	0.0
830	2221.8444444444444	0.0
840	2217.5888888888885	0.0
850	2216.483333333333	0.0
860	2179.0888888888894	0.0
870	2257.005555555555	0.0
880	2244.0222222222224	0.0
890	2244.4611111111108	0.0
900	2281.216666666667	0.0
910	2240.927777777778	0.0
920	2260.3333333333335	0.0
930	2349.238888888889	0.0
940	2334.711111111111	0.0
950	2349.388888888889	0.0
960	2288.3944444444446	0.0
970	2250.511111111111	0.0
980	2227.644444444444	0.0
990	2192.338888888889	0.0
1000	2239.516666666667	0.0
