0	224.0	0.0
10	70.0	0.0
20	70.0	0.0
30	70.0	0.0
40	70.0	0.0
50	70.0	0.0
60	70.0	5.0
70	70.0	3.0
80	70.66666666666667	22.0
90	70.0	66.0
100	76.0	0.0
110	75.66666666666667	58.0
120	76.0	95.0
130	133.66666666666666	176.0
140	416.6666666666667	171.0
150	1042.6666666666667	309.0
160	1524.6666666666667	89.0
170	1928.6666666666667	6.0
180	1760.6666666666667	0.0
190	2341.5	0.0
200	2469.3333333333335	0.0
210	2143.0	0.0
220	2100.8333333333335	0.0
230	2357.1666666666665	0.0
240	2472.3333333333335	0.0
250	2591.6666666666665	0.0
260	2346.6666666666665	0.0
270	2404.6666666666665	0.0
280	2357.3333333333335	0.0
290	2494.1666666666665	0.0
300	2391.3333333333335	0.0
310	2452.5	0.0
320	2295.0	0.0
330	2433.0	0.0
340	2603.0	0.0
350	2624.1666666666665	0.0
360	2519.6666666666665	0.0
370	2497.6666666666665	0.0
380	2390.6666666666665	0.0
390	1706.0	0.0
400	1708.6666666666667	0.0
410	1579.3333333333333	0.0
420	1808.8333333333333	0.0
430	1831.0	0.0
440	1667.6666666666667	0.0
450	2322.1666666666665	0.0
460	2424.5	0.0
470	2170.6666666666665	0.0
480	1690.0	0.0
490	2294.3333333333335	0.0
500	1949.1666666666667	0.0
510	1907.6666666666667	0.0
520	2299.6666666666665	0.0
530	1557.0	0.0
540	1993.8333333333333	0.0
550	1715.0	0.0
560	2112.1666666666665	0.0
570	1880.0	0.0
580	1653.6666666666667	0.0
590	2335.3333333333335	0.0
600	1833.0	0.0
610	2063.1666666666665	0.0
620	1868.0	0.0
630	1738.1666666666667	0.0
640	1963.3333333333333	0.0
650	2283.6666666666665	0.0
660	2235.3333333333335	0.0
670	2555.0	0.0
680	1921.0	0.0
690	2219.5	0.0
700	2067.5	0.0
710	2055.6666666666665	0.0
720	2301.8333333333335	0.0
730	1716.6666666666667	0.0
740	2256.6666666666665	0.0
750	2504.0	0.0
760	2225.8333333333335	0.0
770	2421.3333333333335	0.0
780	2369.0	0.0
790	2045.0	0.0
800	2325.6666666666665	0.0
810	2591.6666666666665	0.0
820	2313.8333333333335	0.0
830	2616.0	0.0
840	2513.5	0.0
850	1787.8333333333333	0.0
860	1841.3333333333333	0.0
870	2026.0	0.0
880	2136.6666666666665	0.0
890	1983.0	0.0
900	1764.8333333333333	0.0
910	1711.5	0.0
920	2333.6666666666665	0.0
930	2340.1666666666665	0.0
940	1999.3333333333333	0.0
950	2296.3333333333335	0.0
960	1873.3333333333333	0.0
970	2194.5	0.0
980	1989.5	0.0
990	2482.3333333333335	0.0
1000	2513.1666666666665	0.0
