0	245.66666666666666	0.0
10	70.0	1.0
20	70.0	0.0
30	70.0	107.0
40	70.0	6.0
50	70.0	0.0
60	70.0	0.0
70	70.0	6.0
80	74.0	53.0
90	71.66666666666667	4.0
100	587.0	80.0
110	208.33333333333334	31.0
120	1615.3333333333333	187.0
130	1417.0	525.0
140	1774.0	0.0
150	1792.6666666666667	0.0
160	1967.5	0.0
170	2526.3333333333335	0.0
180	2447.1666666666665	0.0
190	2284.6666666666665	0.0
200	2237.3333333333335	0.0
210	2272.5	0.0
220	1898.6666666666667	0.0
230	2103.0	0.0
240	2279.3333333333335	0.0
250	2336.0	0.0
260	2520.8333333333335	0.0
270	2257.8333333333335	0.0
280	2482.0	0.0
290	2291.6666666666665	0.0
300	2232.3333333333335	0.0
310	2173.0	0.0
320	2490.0	0.0
330	2527.6666666666665	0.0
340	2423.0	0.0
350	2450.6666666666665	0.0
360	1588.6666666666667	0.0
370	1634.0	0.0
380	1691.0	0.0
390	1730.6666666666667	0.0
400	1699.3333333333333	0.0
410	1165.6666666666667	0.0
420	1471.3333333333333	0.0
430	2435.0	0.0
440	1776.3333333333333	0.0
450	1939.0	0.0
460	2027.3333333333333	0.0
470	2264.0	0.0
480	1111.6666666666667	0.0
490	2062.1666666666665	0.0
500	2197.1666666666665	0.0
510	1196.3333333333333	0.0
520	1450.6666666666667	0.0
530	1372.8333333333333	0.0
540	1266.3333333333333	0.0
550	1348.8333333333333	0.0
560	1805.1666666666667	0.0
570	1850.5	0.0
580	1865.6666666666667	0.0
590	1569.0	0.0
600	2023.3333333333333	0.0
610	1703.6666666666667	0.0
620	1862.5	0.0
630	1950.3333333333333	0.0
640	1610.3333333333333	0.0
650	2239.5	0.0
660	2421.3333333333335	0.0
670	2260.5	0.0
680	2265.6666666666665	0.0
690	2333.0	0.0
700	2389.0	0.0
710	2454.3333333333335	0.0
720	2397.5	0.0
730	2369.3333333333335	0.0
740	2274.8333333333335	0.0
750	2554.3333333333335	0.0
760	2416.6666666666665	0.0
770	2389.3333333333335	0.0
780	1816.5	0.0
790	2324.6666666666665	0.0
800	1922.3333333333333	0.0
810	1673.6666666666667	0.0
820	1979.3333333333333	0.0
830	1931.0	0.0
840	2344.6666666666665	0.0
850	2607.6666666666665	0.0
860	1839.8333333333333	0.0
870	2003.6666666666667	0.0
880	1778.3333333333333	0.0
890	1817.0	0.0
900	1802.5	0.0
910	1863.6666666666667	0.0
920	1880.0	0.0
930	2200.8333333333335	0.0
940	2341.8333333333335	0.0
950	2551.5	0.0
960	2301.3333333333335	0.0
970	2417.0	0.0
980	2196.3333333333335	0.0
990	2498.0	0.0
1000	2488.6666666666665	0.0
