0	231.66666666666666	0.0
10	70.0	56.0
20	70.0	12.0
30	70.0	0.0
40	70.0	68.0
50	70.0	6.0
60	70.0	5.0
70	70.33333333333333	0.0
80	70.33333333333333	50.0
90	72.33333333333333	114.0
100	87.0	24.0
110	341.3333333333333	392.0
120	136.0	122.0
130	584.3333333333334	151.0
140	728.3333333333334	0.0
150	82.0	0.0
160	1607.0	0.0
170	1964.3333333333333	0.0
180	2060.3333333333335	0.0
190	2480.3333333333335	0.0
200	2507.5	0.0
210	2485.8333333333335	0.0
220	2090.0	0.0
230	2228.0	0.0
240	2184.6666666666665	0.0
250	2605.0	0.0
260	2257.5	0.0
270	2408.8333333333335	0.0
280	2431.1666666666665	0.0
290	2187.0	0.0
300	2152.6666666666665	0.0
310	2280.0	0.0
320	2488.3333333333335	0.0
330	2334.6666666666665	0.0
340	2318.3333333333335	0.0
350	2342.6666666666665	0.0
360	1777.0	0.0
370	2989.3333333333335	0.0
380	1415.3333333333333	0.0
390	1117.8333333333333	0.0
400	1752.5	0.0
410	1428.0	0.0
420	1922.5	0.0
430	1889.0	0.0
440	2162.1666666666665	0.0
450	2053.0	0.0
460	1796.3333333333333	0.0
470	2353.5	0.0
480	2478.1666666666665	0.0
490	2034.1666666666667	0.0
500	2005.5	0.0
510	1932.3333333333333	0.0
520	1914.6666666666667	0.0
530	2307.6666666666665	0.0
540	2280.0	0.0
550	2014.0	0.0
560	2317.8333333333335	0.0
570	2375.3333333333335	0.0
580	2552.6666666666665	0.0
590	2425.3333333333335	0.0
600	2078.6666666666665	0.0
610	1889.3333333333333	0.0
620	2022.0	0.0
630	2518.6666666666665	0.0
640	2428.0	0.0
650	1977.1666666666667	0.0
660	2055.5	0.0
670	2235.1666666666665	0.0
680	2259.5	0.0
690	2180.3333333333335	0.0
700	2269.0	0.0
710	1963.5	0.0
720	2245.3333333333335	0.0
730	2207.0	0.0
740	1868.5	0.0
750	2133.1666666666665	0.0
760	2350.6666666666665	0.0
770	2452.1666666666665	0.0
780	2386.3333333333335	0.0
790	2767.6666666666665	0.0
800	2473.6666666666665	0.0
810	2441.0	0.0
820	2553.6666666666665	0.0
830	2528.8333333333335	0.0
840	2407.1666666666665	0.0
850	2499.3333333333335	0.0
860	2586.0	0.0
870	1769.3333333333333	0.0
880	2616.1666666666665	0.0
890	2250.3333333333335	0.0
900	2531.8333333333335	0.0
910	2505.0	0.0
920	2351.0	0.0
930	2802.6666666666665	0.0
940	2099.6666666666665	0.0
950	2452.0	0.0
960	2472.6666666666665	0.0
970	1647.0	0.0
980	1977.8333333333333	0.0
990	2013.0	0.0
1000	1772.0	0.0
