0	248.0	0.0
10	70.0	0.0
20	70.0	0.0
30	70.0	0.0
40	70.0	0.0
50	70.0	0.0
60	70.0	0.0
70	70.0	0.0
80	70.0	0.0
90	70.0	0.0
100	70.0	0.0
110	70.0	0.0
120	70.0	0.0
130	70.0	0.0
140	70.0	0.0
150	70.0	0.0
160	70.0	0.0
170	70.0	0.0
180	70.0	0.0
190	70.0	0.0
200	70.66666666666667	0.0
210	71.33333333333333	0.0
220	70.0	0.0
230	72.66666666666667	0.0
240	72.66666666666667	0.0
250	168.33333333333334	0.0
260	125.66666666666667	0.0
270	244.66666666666666	0.0
280	360.0	0.0
290	210.0	0.0
300	228.33333333333334	0.0
310	253.33333333333334	0.0
320	146.0	0.0
330	147.33333333333334	0.0
340	153.0	0.0
350	178.66666666666666	0.0
360	173.0	0.0
370	157.0	0.0
380	236.0	0.0
390	194.0	0.0
400	272.3333333333333	0.0
410	231.33333333333334	0.0
420	234.33333333333334	0.0
430	153.66666666666666	0.0
440	305.0	0.0
450	271.3333333333333	0.0
460	300.3333333333333	0.0
470	326.3333333333333	0.0
480	312.0	0.0
490	350.6666666666667	0.0
500	346.6666666666667	0.0
510	914.0	0.0
520	585.6666666666666	0.0
530	792.6666666666666	0.0
540	959.6666666666666	0.0
550	1670.6666666666667	0.0
560	1318.0	0.0
570	1691.0	0.0
580	1415.3333333333333	0.0
590	1508.6666666666667	0.0
600	2177.3333333333335	0.0
