0	263.6666666666667	0.0
10	70.0	0.0
20	70.0	0.0
30	70.0	0.0
40	70.0	0.0
50	70.0	0.0
60	70.0	0.0
70	70.0	0.0
80	70.0	0.0
90	70.0	0.0
100	70.0	0.0
110	70.0	0.0
120	70.0	0.0
130	70.0	0.0
140	70.0	0.0
150	70.0	0.0
160	70.0	0.0
170	70.0	0.0
180	70.33333333333333	0.0
190	73.0	0.0
200	71.0	0.0
210	73.66666666666667	0.0
220	73.0	0.0
230	71.66666666666667	0.0
240	95.33333333333333	0.0
250	153.33333333333334	0.0
260	159.66666666666666	0.0
270	175.0	0.0
280	159.0	0.0
290	205.66666666666666	0.0
300	154.66666666666666	0.0
310	169.0	0.0
320	179.0	0.0
330	138.33333333333334	0.0
340	146.33333333333334	0.0
350	146.0	0.0
360	154.0	0.0
370	146.0	0.0
380	149.0	0.0
390	138.0	0.0
400	156.0	0.0
410	472.6666666666667	0.0
420	441.0	0.0
430	513.0	0.0
440	618.6666666666666	0.0
450	590.3333333333334	0.0
460	722.3333333333334	0.0
470	795.0	0.0
480	909.6666666666666	0.0
490	1287.3333333333333	0.0
500	1599.0	0.0
510	1846.6666666666667	0.0
520	2070.0	0.0
530	1665.0	0.0
540	1633.6666666666667	0.0
550	1739.6666666666667	0.0
560	1946.0	0.0
570	1443.8333333333333	0.0
580	2098.5	0.0
590	2354.6666666666665	0.0
600	2079.3333333333335	0.0
