0	287.0	0.0
10	1375.0	221.0
20	131.0	0.0
30	94.66666666666667	0.0
40	70.33333333333333	0.0
50	70.66666666666667	0.0
60	286.3333333333333	0.0
70	955.6666666666666	0.0
80	443.3333333333333	0.0
90	274.6666666666667	0.0
100	820.3333333333334	0.0
110	1196.6666666666667	0.0
120	1062.6666666666667	0.0
130	967.0	0.0
140	1403.0	0.0
150	1969.3333333333333	0.0
160	1116.3333333333333	0.0
170	1435.6666666666667	0.0
180	2071.3333333333335	0.0
190	1515.6666666666667	0.0
200	1940.6666666666667	0.0
210	2216.0	0.0
220	2083.8333333333335	0.0
230	1965.0	0.0
240	2028.6666666666667	0.0
250	2042.0	0.0
260	1964.0	0.0
270	1781.3333333333333	0.0
280	2295.3333333333335	0.0
290	2358.3333333333335	0.0
300	2194.8333333333335	0.0
310	2262.8333333333335	0.0
320	2458.1666666666665	0.0
330	2479.1666666666665	0.0
340	2285.5	0.0
350	2230.0	0.0
360	2504.1666666666665	0.0
370	2536.8333333333335	0.0
380	2185.3333333333335	0.0
390	2257.0	0.0
400	2477.3333333333335	0.0
410	2688.6666666666665	0.0
420	2322.6666666666665	0.0
430	2530.5	0.0
440	2380.6666666666665	0.0
450	2567.3333333333335	0.0
460	2235.6666666666665	0.0
470	2752.3333333333335	0.0
480	2418.1666666666665	0.0
490	2346.6666666666665	0.0
500	2551.5	0.0
510	2547.3333333333335	0.0
520	2432.8333333333335	0.0
530	2545.0	0.0
540	2413.0	0.0
550	2511.0	0.0
560	2479.3333333333335	0.0
570	2581.0	0.0
580	2554.6666666666665	0.0
590	2549.5	0.0
600	2667.3333333333335	0.0
610	1901.5	0.0
620	2527.1666666666665	0.0
630	2521.3333333333335	0.0
640	2358.0	0.0
650	2732.6666666666665	0.0
660	2765.8333333333335	0.0
670	2872.6666666666665	0.0
680	2373.0	0.0
690	2750.3333333333335	0.0
700	2785.3333333333335	0.0
710	2771.6666666666665	0.0
720	2681.0	0.0
730	2970.5	0.0
740	2661.3333333333335	0.0
750	2523.3333333333335	0.0
760	2506.5	0.0
770	2501.3333333333335	0.0
780	2325.3333333333335	0.0
790	2790.3333333333335	0.0
800	2779.6666666666665	0.0
810	2516.0	0.0
820	2630.0	0.0
830	2756.6666666666665	0.0
840	2716.6666666666665	0.0
850	2305.5	0.0
860	2864.6666666666665	0.0
870	2789.6666666666665	0.0
880	2545.0	0.0
890	2558.3333333333335	0.0
900	2730.3333333333335	0.0
910	2730.0	0.0
920	2746.8333333333335	0.0
930	2601.6666666666665	0.0
940	2723.3333333333335	0.0
950	2534.6666666666665	0.0
960	2639.6666666666665	0.0
970	2320.5	0.0
980	2719.0	0.0
990	2633.1666666666665	0.0
1000	2568.1666666666665	0.0
