0	250.0	0.0
10	142.33333333333334	234.0
20	135.66666666666666	0.0
30	130.66666666666666	0.0
40	130.0	0.0
50	130.33333333333334	0.0
60	130.0	0.0
70	130.0	0.0
80	130.0	0.0
90	159.0	0.0
100	130.66666666666666	0.0
110	144.66666666666666	0.0
120	135.66666666666666	0.0
130	132.66666666666666	0.0
140	132.0	0.0
150	591.0	0.0
160	648.3333333333334	0.0
170	824.6666666666666	0.0
180	1163.0	0.0
190	980.6666666666666	0.0
200	971.6666666666666	0.0
210	1277.3333333333333	0.0
220	1013.3333333333334	0.0
230	1347.3333333333333	0.0
240	1625.0	0.0
250	1496.0	0.0
260	1629.1666666666667	0.0
270	1777.3333333333333	0.0
280	2313.6666666666665	0.0
290	2352.0	0.0
300	1901.6666666666667	0.0
310	2193.6666666666665	0.0
320	1968.0	0.0
330	2172.6666666666665	0.0
340	2043.0	0.0
350	1973.3333333333333	0.0
360	2434.0	0.0
370	2202.3333333333335	0.0
380	2345.3333333333335	0.0
390	2329.0	0.0
400	2101.0	0.0
410	2454.1666666666665	0.0
420	2329.8333333333335	0.0
430	2246.6666666666665	0.0
440	2190.6666666666665	0.0
450	2482.3333333333335	0.0
460	2204.8333333333335	0.0
470	2278.5	0.0
480	2565.8333333333335	0.0
490	2809.6666666666665	0.0
500	2343.3333333333335	0.0
510	2632.3333333333335	0.0
520	2239.5	0.0
530	2485.0	0.0
540	2617.3333333333335	0.0
550	2011.3333333333333	0.0
560	2482.8333333333335	0.0
570	2526.8333333333335	0.0
580	2527.0	0.0
590	2724.1666666666665	0.0
600	2836.1666666666665	0.0
610	2266.3333333333335	0.0
620	2462.0	0.0
630	2722.5	0.0
640	2489.0	0.0
650	2796.5	0.0
660	2488.3333333333335	0.0
670	2644.6666666666665	0.0
680	2465.3333333333335	0.0
690	2753.5	0.0
700	2623.5	0.0
710	2509.3333333333335	0.0
720	2395.0	0.0
730	2548.0	0.0
740	2820.3333333333335	0.0
750	2693.3333333333335	0.0
760	2758.8333333333335	0.0
770	2627.3333333333335	0.0
780	2784.6666666666665	0.0
790	2843.1666666666665	0.0
800	2707.3333333333335	0.0
810	2626.5	0.0
820	2474.3333333333335	0.0
830	2684.8333333333335	0.0
840	2629.5	0.0
850	2953.1666666666665	0.0
860	2654.0	0.0
870	2565.1666666666665	0.0
880	2532.5	0.0
890	2610.1666666666665	0.0
900	2345.6666666666665	0.0
910	2603.1666666666665	0.0
920	2195.3333333333335	0.0
930	2482.6666666666665	0.0
940	2400.6666666666665	0.0
950	2543.5	0.0
960	2490.6666666666665	0.0
970	2184.6666666666665	0.0
980	2732.0	0.0
990	2612.3333333333335	0.0
1000	2634.0	0.0
