0	262.6666666666667	0.0
10	70.0	0.0
20	70.0	0.0
30	70.0	0.0
40	70.0	0.0
50	70.0	0.0
60	70.0	0.0
70	70.0	0.0
80	70.0	0.0
90	70.0	0.0
100	70.0	0.0
110	70.0	0.0
120	70.0	0.0
130	70.0	0.0
140	70.0	0.0
150	70.0	0.0
160	70.0	0.0
170	70.0	0.0
180	70.0	0.0
190	70.0	0.0
200	73.0	0.0
210	70.66666666666667	0.0
220	72.66666666666667	0.0
230	77.0	0.0
240	78.0	0.0
250	70.0	0.0
260	115.66666666666667	0.0
270	163.0	0.0
280	191.0	0.0
290	496.6666666666667	0.0
300	224.66666666666666	0.0
310	141.33333333333334	0.0
320	153.0	0.0
330	154.66666666666666	0.0
340	179.0	0.0
350	139.33333333333334	0.0
360	138.0	0.0
370	130.0	0.0
380	195.66666666666666	0.0
390	195.0	0.0
400	250.0	0.0
410	291.6666666666667	0.0
420	283.6666666666667	0.0
430	384.0	0.0
440	316.3333333333333	0.0
450	345.3333333333333	0.0
460	592.6666666666666	0.0
470	695.0	0.0
480	911.3333333333334	0.0
490	905.6666666666666	0.0
500	1318.6666666666667	0.0
510	1201.0	0.0
520	1575.3333333333333	0.0
530	1965.1666666666667	0.0
540	2101.8333333333335	0.0
550	2098.8333333333335	0.0
560	1924.3333333333333	0.0
570	2359.6666666666665	0.0
580	2111.3333333333335	0.0
590	2139.6666666666665	0.0
600	1922.6666666666667	0.0
610	1636.0	0.0
620	1932.0	0.0
630	2207.5	0.0
640	2270.0	0.0
650	2423.8333333333335	0.0
660	1566.0	0.0
670	2297.3333333333335	0.0
680	2209.6666666666665	0.0
690	2755.0	0.0
700	2493.5	0.0
710	2446.3333333333335	0.0
720	2527.6666666666665	0.0
730	2364.3333333333335	0.0
740	2635.8333333333335	0.0
750	2453.0	0.0
760	2655.6666666666665	0.0
770	2266.8333333333335	0.0
780	2388.3333333333335	0.0
790	2596.3333333333335	0.0
800	2498.0	0.0
