0	255.0222222222223	0.0
10	70.0	0.0
20	70.0	0.0
30	70.0	0.0
40	70.0	0.0
50	70.0	0.0
60	70.0	0.0
70	70.0	0.0
80	70.0	0.0
90	70.0	0.0
100	70.0	0.0
110	70.0	0.0
120	70.0	0.0
130	70.0	0.0
140	70.0	0.0
150	70.0	0.0
160	70.08888888888889	0.0
170	70.02222222222221	0.0
180	70.4	0.0
190	70.6888888888889	0.0
200	71.42222222222223	0.0
210	73.34444444444445	0.0
220	74.24444444444445	0.0
230	85.26666666666667	0.0
240	117.14444444444445	0.0
250	154.39999999999998	0.0
260	178.88888888888886	0.0
270	207.6555555555556	0.0
280	187.96666666666664	0.0
290	178.13333333333335	0.0
300	170.11111111111111	0.0
310	157.42222222222225	0.0
320	152.3	0.0
330	159.8111111111111	0.0
340	165.60000000000002	0.0
350	157.76666666666668	0.0
360	166.82222222222222	0.0
370	179.16666666666669	0.0
380	217.3777777777778	0.0
390	257.32222222222225	0.0
400	331.4	0.0
410	370.4722222222223	0.0
420	404.2277777777778	0.0
430	515.9666666666667	0.0
440	579.2777777777777	0.0
450	666.3777777777777	0.0
460	763.2444444444444	0.0
470	849.0888888888888	0.0
480	908.2333333333332	0.0
490	1014.922222222222	0.0
500	1093.4444444444443	0.0
510	1200.1722222222222	0.0
520	1287.4555555555555	0.0
530	1370.9833333333331	0.0
540	1442.7944444444445	0.0
550	1566.877777777777	0.0
560	1683.5499999999997	0.0
570	1687.7111111111114	0.0
580	1750.611111111111	0.0
590	1716.4777777777783	0.0
600	1778.1111111111109	0.0
