0	292.6666666666667	0.0
10	70.0	0.0
20	70.0	0.0
30	70.0	0.0
40	70.0	0.0
50	70.0	0.0
60	70.0	0.0
70	70.0	0.0
80	70.0	0.0
90	70.0	0.0
100	70.0	0.0
110	70.0	0.0
120	70.0	0.0
130	70.0	0.0
140	70.0	0.0
150	70.0	0.0
160	70.0	0.0
170	70.0	0.0
180	71.0	0.0
190	72.66666666666667	0.0
200	71.0	0.0
210	71.0	0.0
220	86.33333333333333	0.0
230	80.66666666666667	0.0
240	76.66666666666667	0.0
250	147.66666666666666	0.0
260	112.33333333333333	0.0
270	198.33333333333334	0.0
280	155.0	0.0
290	216.66666666666666	0.0
300	144.33333333333334	0.0
310	138.66666666666666	0.0
320	145.0	0.0
330	164.66666666666666	0.0
340	132.33333333333334	0.0
350	137.33333333333334	0.0
360	146.66666666666666	0.0
370	138.0	0.0
380	157.0	0.0
390	154.33333333333334	0.0
400	201.33333333333334	0.0
410	289.0	0.0
420	243.66666666666666	0.0
430	408.0	0.0
440	398.0	0.0
450	390.6666666666667	0.0
460	707.0	0.0
470	875.0	0.0
480	864.5	0.0
490	851.6666666666666	0.0
500	445.6666666666667	0.0
510	1220.5	0.0
520	1365.3333333333333	0.0
530	1575.6666666666667	0.0
540	1745.8333333333333	0.0
550	1425.3333333333333	0.0
560	1719.6666666666667	0.0
570	1847.6666666666667	0.0
580	1564.6666666666667	0.0
590	2071.3333333333335	0.0
600	1784.0	0.0
