0	236.66666666666666	0.0
10	70.0	0.0
20	70.0	0.0
30	70.0	0.0
40	70.0	0.0
50	70.0	0.0
60	70.0	0.0
70	70.0	0.0
80	70.0	0.0
90	70.0	0.0
100	70.0	0.0
110	70.0	0.0
120	70.0	0.0
130	70.0	0.0
140	70.0	0.0
150	70.0	0.0
160	70.0	0.0
170	70.0	0.0
180	70.0	0.0
190	70.66666666666667	0.0
200	71.33333333333333	0.0
210	70.0	0.0
220	72.0	0.0
230	70.33333333333333	0.0
240	95.66666666666667	0.0
250	76.33333333333333	0.0
260	96.0	0.0
270	163.66666666666666	0.0
280	184.0	0.0
290	175.33333333333334	0.0
300	311.6666666666667	0.0
310	149.0	0.0
320	170.66666666666666	0.0
330	177.66666666666666	0.0
340	266.6666666666667	0.0
350	266.0	0.0
360	182.33333333333334	0.0
370	162.66666666666666	0.0
380	156.33333333333334	0.0
390	224.66666666666666	0.0
400	252.33333333333334	0.0
410	205.33333333333334	0.0
420	155.0	0.0
430	201.33333333333334	0.0
440	242.33333333333334	0.0
450	182.66666666666666	0.0
460	283.0	0.0
470	300.6666666666667	0.0
480	214.0	0.0
490	421.6666666666667	0.0
500	646.6666666666666	0.0
510	719.3333333333334	0.0
520	1265.0	0.0
530	740.6666666666666	0.0
540	1269.3333333333333	0.0
550	1452.6666666666667	0.0
560	1598.6666666666667	0.0
570	1619.3333333333333	0.0
580	1556.6666666666667	0.0
590	1652.3333333333333	0.0
600	1927.6666666666667	0.0
