0	273.3333333333333	0.0
10	70.0	1000.0
20	70.0	0.0
30	70.0	0.0
40	70.0	0.0
50	70.0	0.0
60	73.33333333333333	0.0
70	199.0	0.0
80	158.33333333333334	0.0
90	300.0	0.0
100	331.0	0.0
110	128.66666666666666	0.0
120	377.6666666666667	0.0
130	488.3333333333333	0.0
140	189.0	0.0
150	439.6666666666667	0.0
160	213.0	0.0
170	250.33333333333334	0.0
180	733.3333333333334	0.0
190	226.33333333333334	0.0
200	325.6666666666667	0.0
210	282.0	0.0
220	541.6666666666666	0.0
230	441.3333333333333	0.0
240	574.3333333333334	0.0
250	1130.3333333333333	0.0
260	742.3333333333334	0.0
270	1329.0	0.0
280	2078.3333333333335	0.0
290	2577.5	0.0
300	2566.3333333333335	0.0
310	2519.0	0.0
320	1714.5	0.0
330	2726.1666666666665	0.0
340	2200.8333333333335	0.0
350	2344.3333333333335	0.0
360	2330.3333333333335	0.0
370	2417.3333333333335	0.0
380	2210.3333333333335	0.0
390	2459.3333333333335	0.0
400	2149.3333333333335	0.0
410	2288.0	0.0
420	2589.6666666666665	0.0
430	1654.6666666666667	0.0
440	2465.1666666666665	0.0
450	2016.1666666666667	0.0
460	1820.1666666666667	0.0
470	1879.5	0.0
480	2303.1666666666665	0.0
490	1998.5	0.0
500	2001.8333333333333	0.0
510	1819.6666666666667	0.0
520	1489.3333333333333	0.0
530	1575.0	0.0
540	2576.6666666666665	0.0
550	1793.3333333333333	0.0
560	2399.3333333333335	0.0
570	2668.8333333333335	0.0
580	2504.8333333333335	0.0
590	2454.6666666666665	0.0
600	2303.5	0.0
610	2201.8333333333335	0.0
620	2585.3333333333335	0.0
630	2676.5	0.0
640	2530.5	0.0
650	2514.0	0.0
660	2503.3333333333335	0.0
670	2520.8333333333335	0.0
680	2386.3333333333335	0.0
690	2572.6666666666665	0.0
700	2498.3333333333335	0.0
710	1843.6666666666667	0.0
720	2186.5	0.0
730	2067.3333333333335	0.0
740	2278.8333333333335	0.0
750	2062.6666666666665	0.0
760	2416.0	0.0
770	2413.3333333333335	0.0
780	2368.8333333333335	0.0
790	1734.0	0.0
800	1729.6666666666667	0.0
810	2355.6666666666665	0.0
820	2493.6666666666665	0.0
830	2333.0	0.0
840	2250.6666666666665	0.0
850	2415.3333333333335	0.0
860	2485.0	0.0
870	2534.5	0.0
880	2444.6666666666665	0.0
890	2321.3333333333335	0.0
900	2580.3333333333335	0.0
910	2414.3333333333335	0.0
920	2379.8333333333335	0.0
930	2335.0	0.0
940	2283.0	0.0
950	2242.8333333333335	0.0
960	2458.8333333333335	0.0
970	1708.8333333333333	0.0
980	1781.0	0.0
990	1680.0	0.0
1000	2336.5	0.0
