0	230.0	0.0
10	70.0	1000.0
20	70.0	0.0
30	70.0	0.0
40	71.33333333333333	0.0
50	723.6666666666666	0.0
60	379.6666666666667	0.0
70	159.66666666666666	0.0
80	830.0	0.0
90	1051.0	0.0
100	1758.3333333333333	0.0
110	1856.0	0.0
120	2045.6666666666667	0.0
130	2126.3333333333335	0.0
140	2138.0	0.0
150	2219.1666666666665	0.0
160	2375.3333333333335	0.0
170	2263.6666666666665	0.0
180	2484.3333333333335	0.0
190	2362.6666666666665	0.0
200	2451.6666666666665	0.0
210	2335.3333333333335	0.0
220	2405.3333333333335	0.0
230	2492.5	0.0
240	2642.0	0.0
250	2008.6666666666667	0.0
260	2558.3333333333335	0.0
270	2451.6666666666665	0.0
280	2356.0	0.0
290	2404.0	0.0
300	2265.6666666666665	0.0
310	1951.8333333333333	0.0
320	1466.3333333333333	0.0
330	989.6666666666666	0.0
340	1339.0	0.0
350	1033.3333333333333	0.0
360	1534.1666666666667	0.0
370	1623.0	0.0
380	1922.1666666666667	0.0
390	2074.6666666666665	0.0
400	2220.0	0.0
410	1938.6666666666667	0.0
420	1967.3333333333333	0.0
430	1954.0	0.0
440	2200.8333333333335	0.0
450	2177.8333333333335	0.0
460	1990.0	0.0
470	1812.6666666666667	0.0
480	2051.8333333333335	0.0
490	2073.5	0.0
500	2525.1666666666665	0.0
510	2432.0	0.0
520	2685.3333333333335	0.0
530	2577.8333333333335	0.0
540	2600.0	0.0
550	2192.6666666666665	0.0
560	2405.3333333333335	0.0
570	2505.8333333333335	0.0
580	1846.8333333333333	0.0
590	2264.1666666666665	0.0
600	2516.6666666666665	0.0
610	2525.8333333333335	0.0
620	2417.3333333333335	0.0
630	1774.0	0.0
640	1798.3333333333333	0.0
650	2323.5	0.0
660	2006.0	0.0
670	2380.0	0.0
680	1866.8333333333333	0.0
690	1811.6666666666667	0.0
700	2353.0	0.0
710	2451.3333333333335	0.0
720	2388.6666666666665	0.0
730	2398.3333333333335	0.0
740	2433.6666666666665	0.0
750	2534.0	0.0
760	2273.3333333333335	0.0
770	2448.3333333333335	0.0
780	2568.6666666666665	0.0
790	2332.6666666666665	0.0
800	2548.6666666666665	0.0
810	2394.5	0.0
820	2421.3333333333335	0.0
830	2608.5	0.0
840	2320.3333333333335	0.0
850	2628.6666666666665	0.0
860	2280.0	0.0
870	2436.6666666666665	0.0
880	2285.1666666666665	0.0
890	2447.0	0.0
900	2405.6666666666665	0.0
910	2527.0	0.0
920	2512.1666666666665	0.0
930	1964.8333333333333	0.0
940	1775.5	0.0
950	1849.3333333333333	0.0
960	1936.3333333333333	0.0
970	1651.6666666666667	0.0
980	1905.0	0.0
990	1877.6666666666667	0.0
1000	1697.3333333333333	0.0
