0	227.0	0.0
10	71.66666666666667	1000.0
20	70.0	0.0
30	70.0	0.0
40	70.0	0.0
50	120.66666666666667	0.0
60	496.0	0.0
70	343.0	0.0
80	153.66666666666666	0.0
90	538.3333333333334	0.0
100	1393.3333333333333	0.0
110	298.3333333333333	0.0
120	1603.3333333333333	0.0
130	2210.6666666666665	0.0
140	2347.3333333333335	0.0
150	2232.0	0.0
160	2033.5	0.0
170	2112.6666666666665	0.0
180	2306.0	0.0
190	2355.8333333333335	0.0
200	2315.5	0.0
210	2471.1666666666665	0.0
220	2339.0	0.0
230	2146.0	0.0
240	2406.0	0.0
250	2461.3333333333335	0.0
260	2366.6666666666665	0.0
270	2302.8333333333335	0.0
280	2577.0	0.0
290	2363.8333333333335	0.0
300	2535.0	0.0
310	2309.6666666666665	0.0
320	2591.0	0.0
330	2479.5	0.0
340	2325.6666666666665	0.0
350	2686.6666666666665	0.0
360	1519.3333333333333	0.0
370	1241.8333333333333	0.0
380	1075.0	0.0
390	1981.3333333333333	0.0
400	1914.0	0.0
410	1458.0	0.0
420	1847.6666666666667	0.0
430	1194.3333333333333	0.0
440	1502.8333333333333	0.0
450	2325.3333333333335	0.0
460	1836.3333333333333	0.0
470	2051.6666666666665	0.0
480	1981.0	0.0
490	1946.5	0.0
500	2175.0	0.0
510	1936.3333333333333	0.0
520	2325.6666666666665	0.0
530	2056.5	0.0
540	1937.0	0.0
550	1998.5	0.0
560	1776.8333333333333	0.0
570	1542.8333333333333	0.0
580	1888.6666666666667	0.0
590	1653.3333333333333	0.0
600	1845.1666666666667	0.0
610	2131.3333333333335	0.0
620	2155.6666666666665	0.0
630	1965.1666666666667	0.0
640	2439.5	0.0
650	1761.0	0.0
660	1816.1666666666667	0.0
670	2197.5	0.0
680	2309.3333333333335	0.0
690	1744.8333333333333	0.0
700	2028.3333333333333	0.0
710	2663.3333333333335	0.0
720	2271.3333333333335	0.0
730	2223.0	0.0
740	2425.1666666666665	0.0
750	2485.8333333333335	0.0
760	2417.0	0.0
770	2502.6666666666665	0.0
780	2579.0	0.0
790	2469.1666666666665	0.0
800	2238.0	0.0
810	2318.0	0.0
820	2260.6666666666665	0.0
830	2162.6666666666665	0.0
840	2414.0	0.0
850	2506.0	0.0
860	2365.6666666666665	0.0
870	2405.5	0.0
880	2349.1666666666665	0.0
890	2477.3333333333335	0.0
900	2343.3333333333335	0.0
910	2322.3333333333335	0.0
920	2275.8333333333335	0.0
930	2487.8333333333335	0.0
940	2289.6666666666665	0.0
950	2527.3333333333335	0.0
960	2400.0	0.0
970	2423.0	0.0
980	2393.3333333333335	0.0
990	2164.0	0.0
1000	2082.3333333333335	0.0
