0	245.0	0.0
10	115.33333333333333	1000.0
20	114.33333333333333	0.0
30	79.66666666666667	0.0
40	79.66666666666667	0.0
50	160.0	0.0
60	1595.6666666666667	0.0
70	1584.3333333333333	0.0
80	1875.6666666666667	0.0
90	1473.6666666666667	0.0
100	2156.3333333333335	0.0
110	2108.0	0.0
120	2163.3333333333335	0.0
130	2178.1666666666665	0.0
140	2622.6666666666665	0.0
150	2098.0	0.0
160	2183.3333333333335	0.0
170	2116.6666666666665	0.0
180	1809.6666666666667	0.0
190	2257.6666666666665	0.0
200	2569.5	0.0
210	1612.3333333333333	0.0
220	2636.8333333333335	0.0
230	2366.6666666666665	0.0
240	2492.3333333333335	0.0
250	2375.0	0.0
260	2521.0	0.0
270	2421.3333333333335	0.0
280	2464.6666666666665	0.0
290	2524.6666666666665	0.0
300	2185.3333333333335	0.0
310	1809.6666666666667	0.0
320	1795.6666666666667	0.0
330	1604.3333333333333	0.0
340	2199.3333333333335	0.0
350	1856.6666666666667	0.0
360	1657.6666666666667	0.0
370	1674.6666666666667	0.0
380	2450.3333333333335	0.0
390	1849.0	0.0
400	1767.0	0.0
410	2022.8333333333333	0.0
420	1928.5	0.0
430	2222.8333333333335	0.0
440	1981.6666666666667	0.0
450	2077.0	0.0
460	1776.0	0.0
470	1458.3333333333333	0.0
480	2131.6666666666665	0.0
490	1966.8333333333333	0.0
500	1580.1666666666667	0.0
510	2169.3333333333335	0.0
520	2510.8333333333335	0.0
530	2556.0	0.0
540	2465.8333333333335	0.0
550	2581.8333333333335	0.0
560	2326.6666666666665	0.0
570	2398.0	0.0
580	2441.0	0.0
590	2490.1666666666665	0.0
600	2618.0	0.0
610	2295.0	0.0
620	2423.5	0.0
630	1883.6666666666667	0.0
640	2203.0	0.0
650	2052.0	0.0
660	2149.0	0.0
670	1746.5	0.0
680	1676.3333333333333	0.0
690	2291.0	0.0
700	2183.3333333333335	0.0
710	2503.6666666666665	0.0
720	2178.8333333333335	0.0
730	2314.6666666666665	0.0
740	1911.8333333333333	0.0
750	2581.8333333333335	0.0
760	2429.3333333333335	0.0
770	2300.0	0.0
780	2499.1666666666665	0.0
790	2220.6666666666665	0.0
800	2309.6666666666665	0.0
810	2443.0	0.0
820	2380.6666666666665	0.0
830	2614.8333333333335	0.0
840	2746.3333333333335	0.0
850	2643.3333333333335	0.0
860	2342.6666666666665	0.0
870	2565.3333333333335	0.0
880	2589.8333333333335	0.0
890	2461.8333333333335	0.0
900	2749.3333333333335	0.0
910	2309.0	0.0
920	2310.6666666666665	0.0
930	2064.6666666666665	0.0
940	1827.0	0.0
950	1827.0	0.0
960	2186.0	0.0
970	1674.5	0.0
980	1711.6666666666667	0.0
990	1986.0	0.0
1000	2300.0	0.0
