0	247.33333333333334	0.0
10	70.0	0.0
20	70.0	0.0
30	70.0	0.0
40	70.0	0.0
50	70.0	0.0
60	70.0	0.0
70	70.0	0.0
80	70.0	0.0
90	70.0	0.0
100	70.0	0.0
110	70.0	0.0
120	70.0	0.0
130	70.0	0.0
140	70.0	0.0
150	70.0	0.0
160	70.33333333333333	0.0
170	70.0	0.0
180	70.0	0.0
190	70.0	0.0
200	71.0	0.0
210	75.0	0.0
220	70.0	0.0
230	70.0	0.0
240	76.0	0.0
250	111.0	0.0
260	138.33333333333334	0.0
270	187.66666666666666	0.0
280	140.66666666666666	0.0
290	150.0	0.0
300	152.66666666666666	0.0
310	182.0	0.0
320	138.0	0.0
330	169.66666666666666	0.0
340	146.0	0.0
350	138.0	0.0
360	168.33333333333334	0.0
370	211.33333333333334	0.0
380	224.66666666666666	0.0
390	241.0	0.0
400	279.6666666666667	0.0
410	146.0	0.0
420	239.66666666666666	0.0
430	281.6666666666667	0.0
440	278.3333333333333	0.0
450	323.6666666666667	0.0
460	373.3333333333333	0.0
470	419.0	0.0
480	491.0	0.0
490	549.0	0.0
500	1036.8333333333333	0.0
510	1138.8333333333333	0.0
520	887.6666666666666	0.0
530	1170.6666666666667	0.0
540	1786.3333333333333	0.0
550	1618.6666666666667	0.0
560	1658.3333333333333	0.0
570	1781.8333333333333	0.0
580	1958.6666666666667	0.0
590	2101.1666666666665	0.0
600	1886.1666666666667	0.0
610	2059.1666666666665	0.0
620	2282.6666666666665	0.0
630	2229.3333333333335	0.0
640	2040.3333333333333	0.0
650	2557.6666666666665	0.0
660	2254.8333333333335	0.0
670	2279.0	0.0
680	2529.5	0.0
690	2157.3333333333335	0.0
700	2252.3333333333335	0.0
710	2110.0	0.0
720	2454.1666666666665	0.0
730	2443.6666666666665	0.0
740	2216.6666666666665	0.0
750	2308.5	0.0
760	2175.0	0.0
770	2322.8333333333335	0.0
780	2333.0	0.0
790	2631.5	0.0
800	2513.8333333333335	0.0
810	2793.5	0.0
820	2792.6666666666665	0.0
830	2674.3333333333335	0.0
840	3007.3333333333335	0.0
850	2450.5	0.0
860	2756.8333333333335	0.0
870	2404.0	0.0
880	2189.0	0.0
890	2516.6666666666665	0.0
900	2627.6666666666665	0.0
910	2664.3333333333335	0.0
920	2677.3333333333335	0.0
930	2750.5	0.0
940	2791.8333333333335	0.0
950	2773.6666666666665	0.0
960	2345.0	0.0
970	2776.5	0.0
980	2546.0	0.0
990	2708.8333333333335	0.0
1000	2471.0	0.0
