0	276.3333333333333	0.0
10	70.0	0.0
20	70.0	0.0
30	70.0	0.0
40	70.0	0.0
50	70.0	0.0
60	70.0	0.0
70	70.0	0.0
80	70.0	0.0
90	70.0	0.0
100	70.0	0.0
110	70.0	0.0
120	70.0	0.0
130	70.0	0.0
140	70.0	0.0
150	70.0	0.0
160	70.0	0.0
170	70.66666666666667	0.0
180	70.0	0.0
190	71.0	0.0
200	71.66666666666667	0.0
210	71.33333333333333	0.0
220	90.33333333333333	0.0
230	106.0	0.0
240	133.0	0.0
250	394.6666666666667	0.0
260	160.0	0.0
270	138.0	0.0
280	163.0	0.0
290	154.66666666666666	0.0
300	154.66666666666666	0.0
310	138.66666666666666	0.0
320	156.33333333333334	0.0
330	146.66666666666666	0.0
340	139.0	0.0
350	143.66666666666666	0.0
360	130.0	0.0
370	231.0	0.0
380	230.33333333333334	0.0
390	404.6666666666667	0.0
400	605.0	0.0
410	703.0	0.0
420	969.3333333333334	0.0
430	998.3333333333334	0.0
440	1414.0	0.0
450	1341.8333333333333	0.0
460	938.3333333333334	0.0
470	1216.0	0.0
480	1051.3333333333333	0.0
490	1076.0	0.0
500	1665.3333333333333	0.0
510	1782.0	0.0
520	1973.0	0.0
530	2412.6666666666665	0.0
540	2301.0	0.0
550	1780.3333333333333	0.0
560	2391.3333333333335	0.0
570	2442.5	0.0
580	1699.6666666666667	0.0
590	2121.8333333333335	0.0
600	2308.0	0.0
610	2404.6666666666665	0.0
620	2449.1666666666665	0.0
630	2494.3333333333335	0.0
640	2366.5	0.0
650	2449.0	0.0
660	2344.3333333333335	0.0
670	2256.0	0.0
680	2583.1666666666665	0.0
690	2379.0	0.0
700	2337.6666666666665	0.0
710	2630.5	0.0
720	2342.3333333333335	0.0
730	2741.6666666666665	0.0
740	2388.8333333333335	0.0
750	2883.5	0.0
760	2821.1666666666665	0.0
770	2765.6666666666665	0.0
780	2435.8333333333335	0.0
790	2622.0	0.0
800	2705.6666666666665	0.0
810	2773.1666666666665	0.0
820	2849.0	0.0
830	2716.3333333333335	0.0
840	2699.5	0.0
850	2890.8333333333335	0.0
860	2237.0	0.0
870	2630.6666666666665	0.0
880	2595.0	0.0
890	2821.3333333333335	0.0
900	2480.6666666666665	0.0
910	2836.5	0.0
920	2660.3333333333335	0.0
930	2776.3333333333335	0.0
940	2535.3333333333335	0.0
950	2930.0	0.0
960	2788.6666666666665	0.0
970	2747.6666666666665	0.0
980	2601.0	0.0
990	2909.6666666666665	0.0
1000	2768.8333333333335	0.0
