0	255.33333333333334	0.0
10	70.0	0.0
20	70.0	0.0
30	70.0	0.0
40	70.0	0.0
50	70.0	0.0
60	70.0	0.0
70	70.0	0.0
80	70.0	0.0
90	70.0	0.0
100	70.0	0.0
110	70.0	0.0
120	70.0	0.0
130	70.0	0.0
140	70.0	0.0
150	70.0	0.0
160	70.0	0.0
170	70.0	0.0
180	70.66666666666667	0.0
190	70.33333333333333	0.0
200	71.33333333333333	0.0
210	71.0	0.0
220	71.33333333333333	0.0
230	108.66666666666667	0.0
240	180.33333333333334	0.0
250	269.3333333333333	0.0
260	164.0	0.0
270	170.33333333333334	0.0
280	155.33333333333334	0.0
290	138.0	0.0
300	139.0	0.0
310	138.0	0.0
320	146.33333333333334	0.0
330	131.0	0.0
340	146.33333333333334	0.0
350	155.0	0.0
360	163.33333333333334	0.0
370	153.66666666666666	0.0
380	226.66666666666666	0.0
390	178.66666666666666	0.0
400	258.6666666666667	0.0
410	212.66666666666666	0.0
420	300.3333333333333	0.0
430	236.0	0.0
440	223.0	0.0
450	203.66666666666666	0.0
460	338.3333333333333	0.0
470	254.33333333333334	0.0
480	236.33333333333334	0.0
490	338.6666666666667	0.0
500	309.0	0.0
510	359.3333333333333	0.0
520	302.3333333333333	0.0
530	535.6666666666666	0.0
540	614.6666666666666	0.0
550	565.0	0.0
560	397.6666666666667	0.0
570	797.0	0.0
580	807.6666666666666	0.0
590	685.6666666666666	0.0
600	866.3333333333334	0.0
