0	265.0	0.0
10	70.0	0.0
20	70.0	0.0
30	70.0	0.0
40	70.0	0.0
50	70.0	0.0
60	70.0	0.0
70	70.0	0.0
80	70.0	0.0
90	70.0	0.0
100	70.0	0.0
110	70.0	0.0
120	70.0	0.0
130	70.0	0.0
140	70.0	0.0
150	70.0	0.0
160	70.0	0.0
170	70.0	0.0
180	71.0	0.0
190	70.0	0.0
200	70.66666666666667	0.0
210	70.33333333333333	0.0
220	71.0	0.0
230	72.66666666666667	0.0
240	75.0	0.0
250	115.33333333333333	0.0
260	158.66666666666666	0.0
270	181.66666666666666	0.0
280	347.0	0.0
290	130.0	0.0
300	193.66666666666666	0.0
310	180.0	0.0
320	187.66666666666666	0.0
330	237.66666666666666	0.0
340	244.66666666666666	0.0
350	201.33333333333334	0.0
360	238.0	0.0
370	164.66666666666666	0.0
380	180.66666666666666	0.0
390	189.0	0.0
400	213.33333333333334	0.0
410	218.33333333333334	0.0
420	165.0	0.0
430	188.66666666666666	0.0
440	272.6666666666667	0.0
450	416.3333333333333	0.0
460	223.33333333333334	0.0
470	310.0	0.0
480	453.3333333333333	0.0
490	334.0	0.0
500	761.3333333333334	0.0
510	692.0	0.0
520	721.3333333333334	0.0
530	1277.3333333333333	0.0
540	1178.0	0.0
550	1122.6666666666667	0.0
560	1462.6666666666667	0.0
570	1494.3333333333333	0.0
580	1517.3333333333333	0.0
590	1447.6666666666667	0.0
600	2120.3333333333335	0.0
610	2085.6666666666665	0.0
620	1933.0	0.0
630	2139.1666666666665	0.0
640	2100.5	0.0
650	2356.6666666666665	0.0
660	2109.6666666666665	0.0
670	2386.5	0.0
680	2131.8333333333335	0.0
690	2184.3333333333335	0.0
700	2614.3333333333335	0.0
710	2456.0	0.0
720	2752.5	0.0
730	2544.3333333333335	0.0
740	2432.5	0.0
750	2422.3333333333335	0.0
760	2636.5	0.0
770	2392.8333333333335	0.0
780	2494.0	0.0
790	2277.1666666666665	0.0
800	2592.6666666666665	0.0
810	2580.3333333333335	1.0
820	2469.6666666666665	0.0
830	2409.3333333333335	0.0
840	2507.6666666666665	0.0
850	2615.0	1.0
860	2586.6666666666665	0.0
870	2232.6666666666665	0.0
880	2467.3333333333335	0.0
890	2441.6666666666665	0.0
900	2643.0	1.0
910	2379.6666666666665	0.0
920	2562.3333333333335	0.0
930	2441.0	0.0
940	2725.3333333333335	0.0
950	2829.3333333333335	0.0
960	2517.6666666666665	0.0
970	2616.6666666666665	0.0
980	2466.8333333333335	0.0
990	2638.0	1.0
1000	2525.8333333333335	0.0
