0	254.0	0.0
10	70.0	0.0
20	70.0	0.0
30	70.0	0.0
40	70.0	0.0
50	70.0	0.0
60	70.0	0.0
70	70.0	0.0
80	70.0	0.0
90	70.0	0.0
100	70.0	0.0
110	70.0	0.0
120	70.0	0.0
130	70.0	0.0
140	70.0	0.0
150	70.0	0.0
160	70.0	0.0
170	70.0	0.0
180	70.0	0.0
190	72.0	0.0
200	70.66666666666667	0.0
210	72.66666666666667	0.0
220	77.0	0.0
230	70.66666666666667	0.0
240	117.33333333333333	0.0
250	223.33333333333334	0.0
260	369.3333333333333	0.0
270	318.3333333333333	0.0
280	184.33333333333334	0.0
290	178.0	0.0
300	154.0	0.0
310	155.33333333333334	0.0
320	148.33333333333334	0.0
330	130.33333333333334	0.0
340	138.0	0.0
350	131.0	0.0
360	138.66666666666666	0.0
370	162.0	0.0
380	157.66666666666666	0.0
390	146.0	0.0
400	299.0	0.0
410	247.0	0.0
420	298.0	0.0
430	313.3333333333333	0.0
440	335.3333333333333	0.0
450	492.0	0.0
460	813.0	0.0
470	1095.3333333333333	0.0
480	1042.3333333333333	0.0
490	1035.0	0.0
500	877.0	0.0
510	1262.6666666666667	0.0
520	966.3333333333334	0.0
530	1154.3333333333333	0.0
540	1197.3333333333333	0.0
550	1514.3333333333333	0.0
560	1159.6666666666667	0.0
570	2006.1666666666667	0.0
580	1924.0	0.0
590	2233.5	0.0
600	1320.0	0.0
610	2307.1666666666665	0.0
620	1859.3333333333333	0.0
630	2309.3333333333335	1.0
640	2439.0	2.0
650	2402.3333333333335	0.0
660	2306.0	0.0
670	2621.5	0.0
680	2188.6666666666665	0.0
690	2405.0	0.0
700	2251.6666666666665	0.0
710	2279.8333333333335	0.0
720	2433.5	0.0
730	2291.3333333333335	0.0
740	2553.0	0.0
750	2608.6666666666665	0.0
760	2321.6666666666665	0.0
770	2554.1666666666665	0.0
780	2854.8333333333335	0.0
790	2840.6666666666665	0.0
800	2714.5	0.0
810	2585.3333333333335	0.0
820	2600.1666666666665	0.0
830	2779.8333333333335	0.0
840	2401.5	0.0
850	2735.3333333333335	0.0
860	2557.8333333333335	0.0
870	2767.0	0.0
880	2733.3333333333335	0.0
890	2623.1666666666665	0.0
900	2634.8333333333335	0.0
910	2727.3333333333335	0.0
920	2520.5	0.0
930	2410.6666666666665	0.0
940	2499.3333333333335	0.0
950	2645.3333333333335	0.0
960	2574.8333333333335	0.0
970	2571.6666666666665	0.0
980	2645.8333333333335	0.0
990	2551.0	0.0
1000	2477.1666666666665	0.0
