0	252.66666666666666	0.0
10	70.0	0.0
20	70.0	0.0
30	70.0	0.0
40	70.0	0.0
50	70.0	0.0
60	70.0	0.0
70	70.66666666666667	0.0
80	70.33333333333333	0.0
90	71.66666666666667	0.0
100	103.33333333333333	0.0
110	77.66666666666667	0.0
120	231.33333333333334	0.0
130	436.3333333333333	0.0
140	398.6666666666667	0.0
150	159.66666666666666	0.0
160	133.33333333333334	0.0
170	147.0	0.0
180	210.0	0.0
190	595.3333333333334	0.0
200	357.6666666666667	0.0
210	366.6666666666667	0.0
220	139.66666666666666	0.0
230	289.3333333333333	0.0
240	339.0	0.0
250	448.0	0.0
260	422.3333333333333	0.0
270	557.6666666666666	0.0
280	433.0	0.0
290	643.3333333333334	0.0
300	728.3333333333334	0.0
310	588.3333333333334	0.0
320	943.1666666666666	0.0
330	1282.0	0.0
340	1528.3333333333333	0.0
350	1975.6666666666667	0.0
360	1620.6666666666667	0.0
370	1568.6666666666667	0.0
380	2106.5	0.0
390	2239.6666666666665	0.0
400	2426.3333333333335	0.0
410	2231.0	0.0
420	1892.1666666666667	0.0
430	1825.8333333333333	0.0
440	1863.3333333333333	0.0
450	2341.1666666666665	0.0
460	1859.8333333333333	0.0
470	2204.0	0.0
480	2341.1666666666665	0.0
490	1218.1666666666667	0.0
500	1207.0	0.0
510	1289.3333333333333	0.0
520	1388.0	0.0
530	2185.6666666666665	0.0
540	1733.3333333333333	0.0
550	1574.3333333333333	0.0
560	2401.3333333333335	0.0
570	1811.6666666666667	0.0
580	1816.6666666666667	0.0
590	2142.6666666666665	0.0
600	2013.8333333333333	0.0
610	2610.1666666666665	0.0
620	1941.3333333333333	0.0
630	2450.3333333333335	0.0
640	1544.0	0.0
650	1580.6666666666667	0.0
660	1894.1666666666667	0.0
670	1738.6666666666667	0.0
680	2015.1666666666667	0.0
690	2196.1666666666665	0.0
700	2060.1666666666665	0.0
710	1778.1666666666667	0.0
720	2072.0	0.0
730	2318.8333333333335	0.0
740	1855.0	0.0
750	2053.0	0.0
760	1856.8333333333333	0.0
770	1693.6666666666667	0.0
780	2272.6666666666665	0.0
790	2669.0	0.0
800	2493.0	0.0
810	2359.5	0.0
820	2664.3333333333335	0.0
830	2464.1666666666665	0.0
840	1870.1666666666667	0.0
850	1893.3333333333333	0.0
860	1755.6666666666667	0.0
870	1827.1666666666667	0.0
880	1655.3333333333333	0.0
890	2588.0	0.0
900	1704.6666666666667	0.0
910	2490.8333333333335	0.0
920	2491.1666666666665	0.0
930	2295.0	0.0
940	2299.0	0.0
950	2451.1666666666665	0.0
960	2288.0	0.0
970	2470.0	0.0
980	2290.6666666666665	0.0
990	2537.6666666666665	0.0
1000	2664.3333333333335	0.0
