0	258.51111111111106	0.0
10	106.54444444444442	1000.0
20	134.23333333333332	0.0
30	166.5888888888889	0.0
40	155.32222222222222	0.0
50	216.5388888888889	0.0
60	467.26111111111106	0.0
70	678.6777777777777	0.0
80	897.3888888888889	0.0
90	1111.6888888888889	0.0
100	1352.2722222222224	0.0
110	1644.322222222222	0.0
120	1842.5444444444445	0.0
130	1898.138888888889	0.0
140	1906.5777777777782	0.0
150	2065.8722222222223	0.0
160	2150.85	0.0
170	2194.9777777777776	0.0
180	2236.5666666666666	0.0
190	2294.3333333333335	0.0
200	2289.3166666666666	0.0
210	2294.111111111111	0.0
220	2328.5722222222225	0.0
230	2331.5444444444447	0.0
240	2374.933333333333	0.0
250	2292.5666666666666	0.0
260	2314.0777777777776	0.0
270	2313.3055555555557	0.0
280	2298.0722222222225	0.0
290	2256.1	0.0
300	2243.9777777777776	0.0
310	2326.3222222222225	0.0
320	2281.1333333333337	0.0
330	2029.3444444444444	0.0
340	2129.5944444444444	0.0
350	2184.822222222222	0.0
360	2197.8277777777776	0.0
370	2095.35	0.0
380	2030.7888888888886	0.0
390	2151.8500000000004	0.0
400	1979.2833333333335	0.0
410	2019.061111111111	0.0
420	2068.2111111111108	0.0
430	2042.894444444444	0.0
440	2061.7500000000005	0.0
450	2049.8944444444446	0.0
460	2054.683333333333	0.0
470	2116.9666666666662	0.0
480	2160.1666666666665	0.0
490	2131.977777777777	0.0
500	2182.95	0.0
510	2167.338888888889	0.0
520	2156.855555555556	0.0
530	2215.872222222222	0.0
540	2223.2833333333333	0.0
550	2133.4444444444443	0.0
560	2203.1777777777775	0.0
570	2164.7777777777783	0.0
580	2220.427777777778	0.0
590	2264.027777777778	0.0
600	2242.8444444444444	0.0
610	2242.683333333333	0.0
620	2178.6166666666663	0.0
630	2203.727777777778	0.0
640	2288.4166666666665	0.0
650	2277.677777777777	0.0
660	2277.4111111111115	0.0
670	2224.261111111111	0.0
680	2171.572222222222	0.0
690	2208.0500000000006	0.0
700	2225.194444444444	0.0
710	2149.7	0.0
720	2316.038888888889	0.0
730	2184.516666666667	0.0
740	2199.25	0.0
750	2250.466666666667	0.0
760	2256.05	0.0
770	2285.444444444445	0.0
780	2344.244444444445	0.0
790	2286.0888888888885	0.0
800	2253.366666666667	0.0
810	2264.0444444444447	0.0
820	2282.15	0.0
830	2191.105555555556	0.0
840	2214.1888888888884	0.0
850	2191.7000000000003	0.0
860	2183.7611111111105	0.0
870	2233.1777777777775	0.0
880	2248.677777777778	0.0
890	2251.65	0.0
900	2302.1277777777777	0.0
910	2166.2055555555553	0.0
920	2229.6222222222223	0.0
930	2242.477777777777	0.0
940	2284.7666666666673	0.0
950	2216.0333333333333	0.0
960	2234.211111111111	0.0
970	2240.8388888888885	0.0
980	2238.266666666667	0.0
990	2262.188888888889	0.0
1000	2261.2833333333333	0.0
