0	276.3333333333333	0.0
10	70.0	1000.0
20	70.0	0.0
30	70.0	0.0
40	70.0	0.0
50	108.33333333333333	0.0
60	86.66666666666667	0.0
70	840.3333333333334	0.0
80	1820.0	0.0
90	1401.0	0.0
100	1306.6666666666667	0.0
110	1656.6666666666667	0.0
120	1663.0	0.0
130	2124.0	0.0
140	2182.6666666666665	0.0
150	2149.3333333333335	0.0
160	2087.8333333333335	0.0
170	2510.6666666666665	0.0
180	2163.3333333333335	0.0
190	2446.3333333333335	0.0
200	2285.3333333333335	0.0
210	2094.0	0.0
220	2408.0	0.0
230	2348.0	0.0
240	2399.8333333333335	0.0
250	2372.0	0.0
260	2465.0	0.0
270	2323.6666666666665	0.0
280	2554.0	0.0
290	2610.0	0.0
300	2353.3333333333335	0.0
310	2422.6666666666665	0.0
320	2344.6666666666665	0.0
330	2391.3333333333335	0.0
340	2220.6666666666665	0.0
350	2511.8333333333335	0.0
360	2577.0	0.0
370	2410.6666666666665	0.0
380	2477.8333333333335	0.0
390	2037.3333333333333	0.0
400	1929.8333333333333	0.0
410	1708.5	0.0
420	2188.1666666666665	0.0
430	2314.0	0.0
440	2308.3333333333335	0.0
450	2450.5	0.0
460	2515.5	0.0
470	1666.6666666666667	0.0
480	1800.8333333333333	0.0
490	2448.1666666666665	0.0
500	1501.3333333333333	0.0
510	1396.1666666666667	0.0
520	2138.8333333333335	0.0
530	1877.6666666666667	0.0
540	1998.0	0.0
550	2332.1666666666665	0.0
560	2074.1666666666665	0.0
570	2045.3333333333333	0.0
580	1688.8333333333333	0.0
590	2529.6666666666665	0.0
600	2413.0	0.0
610	2269.0	0.0
620	2602.5	0.0
630	2486.3333333333335	0.0
640	2623.3333333333335	0.0
650	2192.6666666666665	0.0
660	2546.6666666666665	0.0
670	1946.0	0.0
680	1535.3333333333333	0.0
690	1881.0	0.0
700	1855.6666666666667	0.0
710	2093.3333333333335	0.0
720	2130.1666666666665	0.0
730	2193.8333333333335	0.0
740	1713.6666666666667	0.0
750	1764.3333333333333	0.0
760	2144.0	0.0
770	1800.8333333333333	0.0
780	2274.3333333333335	0.0
790	2459.3333333333335	0.0
800	1914.1666666666667	0.0
810	2165.6666666666665	0.0
820	2593.0	0.0
830	2594.3333333333335	0.0
840	2429.8333333333335	0.0
850	2401.5	0.0
860	2657.6666666666665	0.0
870	2434.8333333333335	0.0
880	2411.0	0.0
890	2398.3333333333335	0.0
900	2436.8333333333335	0.0
910	2354.3333333333335	0.0
920	2030.5	0.0
930	2440.1666666666665	0.0
940	2540.0	0.0
950	2546.0	0.0
960	2209.3333333333335	0.0
970	2484.3333333333335	0.0
980	2717.0	0.0
990	2626.0	0.0
1000	2577.6666666666665	0.0
