0	242.0	0.0
10	70.66666666666667	1000.0
20	70.0	0.0
30	70.0	0.0
40	70.0	0.0
50	70.0	0.0
60	176.66666666666666	0.0
70	153.66666666666666	0.0
80	165.66666666666666	0.0
90	149.66666666666666	0.0
100	144.0	0.0
110	113.66666666666667	0.0
120	114.0	0.0
130	493.3333333333333	0.0
140	323.0	0.0
150	781.3333333333334	0.0
160	1386.0	0.0
170	1353.6666666666667	0.0
180	2333.6666666666665	0.0
190	2289.6666666666665	0.0
200	2197.1666666666665	0.0
210	2246.0	0.0
220	2200.3333333333335	0.0
230	2210.3333333333335	0.0
240	2547.6666666666665	0.0
250	2719.8333333333335	0.0
260	2349.6666666666665	0.0
270	2227.8333333333335	0.0
280	2060.5	0.0
290	2294.3333333333335	0.0
300	2087.3333333333335	0.0
310	1919.8333333333333	0.0
320	2382.6666666666665	0.0
330	1599.0	0.0
340	1950.0	0.0
350	2511.0	0.0
360	1630.3333333333333	0.0
370	1766.8333333333333	0.0
380	1611.6666666666667	0.0
390	2512.3333333333335	0.0
400	1499.3333333333333	0.0
410	1696.6666666666667	0.0
420	2621.8333333333335	0.0
430	2374.6666666666665	0.0
440	2392.5	0.0
450	2201.1666666666665	0.0
460	2198.8333333333335	0.0
470	2287.5	0.0
480	2346.0	0.0
490	2549.3333333333335	0.0
500	2504.3333333333335	0.0
510	2456.3333333333335	0.0
520	2324.6666666666665	0.0
530	2515.0	0.0
540	2390.6666666666665	0.0
550	2428.6666666666665	0.0
560	2403.0	0.0
570	2464.0	0.0
580	1839.1666666666667	0.0
590	2269.6666666666665	0.0
600	2429.0	0.0
610	2270.5	0.0
620	2245.6666666666665	0.0
630	1901.8333333333333	0.0
640	1954.0	0.0
650	2193.3333333333335	0.0
660	2349.0	0.0
670	2121.3333333333335	0.0
680	2092.3333333333335	0.0
690	2125.0	0.0
700	1838.3333333333333	0.0
710	2080.8333333333335	0.0
720	2396.1666666666665	0.0
730	1777.6666666666667	0.0
740	1882.5	0.0
750	2443.6666666666665	0.0
760	2337.0	0.0
770	2645.1666666666665	0.0
780	2449.3333333333335	0.0
790	2246.6666666666665	0.0
800	2524.3333333333335	0.0
810	2394.1666666666665	0.0
820	2678.8333333333335	0.0
830	2474.6666666666665	0.0
840	2568.0	0.0
850	1953.3333333333333	0.0
860	2200.3333333333335	0.0
870	1715.5	0.0
880	1760.3333333333333	0.0
890	1746.0	0.0
900	1600.6666666666667	0.0
910	2645.5	0.0
920	2571.6666666666665	0.0
930	2174.0	0.0
940	2133.8333333333335	0.0
950	2341.6666666666665	0.0
960	2683.8333333333335	0.0
970	1902.0	0.0
980	2094.8333333333335	0.0
990	1702.0	0.0
1000	1895.3333333333333	0.0
