0	271.3333333333333	0.0
10	70.0	1000.0
20	70.0	0.0
30	70.0	0.0
40	72.0	0.0
50	70.0	0.0
60	190.66666666666666	0.0
70	383.0	0.0
80	967.0	0.0
90	1210.3333333333333	0.0
100	1563.1666666666667	0.0
110	1997.0	0.0
120	2165.0	0.0
130	2052.3333333333335	0.0
140	2319.3333333333335	0.0
150	2390.3333333333335	0.0
160	2193.6666666666665	0.0
170	2355.0	0.0
180	2184.8333333333335	0.0
190	1962.0	0.0
200	2213.0	0.0
210	2333.8333333333335	0.0
220	2388.6666666666665	0.0
230	2287.8333333333335	0.0
240	2457.0	0.0
250	2401.1666666666665	0.0
260	2472.3333333333335	0.0
270	2452.5	0.0
280	2480.0	0.0
290	2142.3333333333335	0.0
300	2248.6666666666665	0.0
310	1761.3333333333333	0.0
320	1936.1666666666667	0.0
330	2006.0	0.0
340	2092.6666666666665	0.0
350	1990.0	0.0
360	1825.0	0.0
370	2126.5	0.0
380	2377.1666666666665	0.0
390	1725.3333333333333	0.0
400	2124.5	0.0
410	2315.8333333333335	0.0
420	2124.1666666666665	0.0
430	2311.0	0.0
440	1836.0	0.0
450	2202.0	0.0
460	2171.6666666666665	0.0
470	1679.3333333333333	0.0
480	2338.0	0.0
490	2020.8333333333333	0.0
500	1787.1666666666667	0.0
510	2473.3333333333335	0.0
520	2340.0	0.0
530	2439.0	0.0
540	2356.3333333333335	0.0
550	2251.0	0.0
560	2367.5	0.0
570	2495.8333333333335	0.0
580	2533.0	0.0
590	2331.0	0.0
600	2445.3333333333335	0.0
610	2488.8333333333335	0.0
620	2428.8333333333335	0.0
630	2605.0	0.0
640	1885.6666666666667	0.0
650	2611.3333333333335	0.0
660	2006.0	0.0
670	1935.3333333333333	0.0
680	1933.3333333333333	0.0
690	2207.8333333333335	0.0
700	2409.3333333333335	0.0
710	2005.0	0.0
720	2612.0	0.0
730	1981.8333333333333	0.0
740	2205.0	0.0
750	1720.0	0.0
760	2179.3333333333335	0.0
770	2464.6666666666665	0.0
780	2299.5	0.0
790	2218.8333333333335	0.0
800	2499.6666666666665	0.0
810	2507.3333333333335	0.0
820	2572.3333333333335	0.0
830	2419.6666666666665	0.0
840	2783.5	0.0
850	2729.0	0.0
860	2441.3333333333335	0.0
870	2383.3333333333335	0.0
880	2357.1666666666665	0.0
890	2531.0	0.0
900	2576.8333333333335	0.0
910	2578.0	0.0
920	2549.6666666666665	0.0
930	2449.8333333333335	0.0
940	2204.6666666666665	0.0
950	2533.5	0.0
960	2606.0	0.0
970	1675.3333333333333	0.0
980	1851.8333333333333	0.0
990	1978.6666666666667	0.0
1000	2036.5	0.0
