0	230.0	0.0
10	100.0	340.0
20	101.33333333333333	0.0
30	100.66666666666667	0.0
40	100.0	0.0
50	105.66666666666667	0.0
60	131.33333333333334	0.0
70	132.66666666666666	0.0
80	130.0	0.0
90	132.66666666666666	0.0
100	130.0	0.0
110	130.0	0.0
120	130.0	0.0
130	130.0	0.0
140	130.0	0.0
150	130.0	0.0
160	131.0	0.0
170	193.0	0.0
180	297.0	0.0
190	319.6666666666667	0.0
200	482.6666666666667	0.0
210	602.0	0.0
220	556.3333333333334	0.0
230	849.0	0.0
240	737.6666666666666	0.0
250	959.3333333333334	0.0
260	1403.0	0.0
270	1438.0	0.0
280	1386.0	0.0
290	1911.0	0.0
300	1822.0	0.0
310	1360.0	0.0
320	1460.3333333333333	0.0
330	1824.6666666666667	0.0
340	2146.3333333333335	0.0
350	2130.0	0.0
360	2029.6666666666667	0.0
370	2076.8333333333335	0.0
380	1957.3333333333333	0.0
390	2149.0	0.0
400	2044.6666666666667	0.0
410	2110.3333333333335	0.0
420	2197.6666666666665	0.0
430	2328.6666666666665	0.0
440	2347.3333333333335	0.0
450	2323.3333333333335	0.0
460	2458.3333333333335	0.0
470	2358.3333333333335	0.0
480	2581.5	0.0
490	2377.5	0.0
500	2609.8333333333335	0.0
510	2696.6666666666665	0.0
520	2477.3333333333335	0.0
530	2379.8333333333335	0.0
540	2670.1666666666665	0.0
550	2772.0	0.0
560	2436.3333333333335	0.0
570	2608.3333333333335	0.0
580	2445.3333333333335	0.0
590	2860.0	0.0
600	2686.6666666666665	0.0
610	2486.3333333333335	0.0
620	2138.3333333333335	0.0
630	2629.5	0.0
640	2547.6666666666665	0.0
650	2126.1666666666665	0.0
660	2732.0	0.0
670	2514.3333333333335	0.0
680	2503.6666666666665	0.0
690	2702.1666666666665	0.0
700	2356.3333333333335	0.0
710	2529.1666666666665	0.0
720	2629.6666666666665	0.0
730	2407.0	0.0
740	2639.3333333333335	0.0
750	2629.0	0.0
760	2403.8333333333335	0.0
770	2696.6666666666665	0.0
780	2602.3333333333335	0.0
790	2557.0	0.0
800	2486.6666666666665	0.0
810	2456.0	0.0
820	2597.0	0.0
830	2658.3333333333335	0.0
840	2717.6666666666665	0.0
850	2745.0	0.0
860	2791.6666666666665	0.0
870	2583.1666666666665	0.0
880	2490.6666666666665	0.0
890	2068.8333333333335	0.0
900	1953.0	0.0
910	2014.0	0.0
920	2264.5	0.0
930	2073.0	0.0
940	1864.6666666666667	0.0
950	2073.3333333333335	0.0
960	1744.6666666666667	0.0
970	2135.0	0.0
980	1908.1666666666667	0.0
990	2001.1666666666667	0.0
1000	2056.6666666666665	0.0
