0	242.66666666666666	0.0
10	100.0	358.0
20	100.0	0.0
30	100.0	0.0
40	100.0	0.0
50	99.66666666666667	0.0
60	104.0	0.0
70	101.0	0.0
80	112.0	0.0
90	131.33333333333334	0.0
100	132.0	0.0
110	132.0	0.0
120	131.66666666666666	0.0
130	130.0	0.0
140	130.0	0.0
150	130.0	0.0
160	130.0	0.0
170	130.0	0.0
180	131.66666666666666	0.0
190	131.66666666666666	0.0
200	131.0	0.0
210	130.0	0.0
220	130.66666666666666	0.0
230	130.33333333333334	0.0
240	156.66666666666666	0.0
250	156.66666666666666	0.0
260	180.66666666666666	0.0
270	235.33333333333334	0.0
280	539.6666666666666	0.0
290	506.6666666666667	0.0
300	532.0	0.0
310	605.6666666666666	0.0
320	546.6666666666666	0.0
330	877.0	0.0
340	1426.0	0.0
350	1755.6666666666667	0.0
360	2006.5	0.0
370	2104.0	0.0
380	2112.8333333333335	0.0
390	1629.5	0.0
400	2110.5	0.0
410	1787.3333333333333	0.0
420	1811.8333333333333	0.0
430	2374.3333333333335	0.0
440	2256.1666666666665	0.0
450	2046.3333333333333	0.0
460	2117.3333333333335	0.0
470	2273.6666666666665	0.0
480	2020.6666666666667	0.0
490	2098.6666666666665	0.0
500	2467.8333333333335	0.0
510	2272.3333333333335	0.0
520	2316.6666666666665	0.0
530	2598.0	0.0
540	2611.1666666666665	0.0
550	2622.1666666666665	0.0
560	2506.0	0.0
570	2294.6666666666665	0.0
580	2647.3333333333335	0.0
590	2439.0	0.0
600	2546.6666666666665	0.0
610	2400.6666666666665	0.0
620	2778.0	0.0
630	2390.0	0.0
640	2474.8333333333335	0.0
650	2528.0	0.0
660	2437.0	0.0
670	2491.6666666666665	0.0
680	2616.8333333333335	0.0
690	2475.3333333333335	0.0
700	2863.3333333333335	0.0
710	2672.5	0.0
720	2618.3333333333335	0.0
730	2388.6666666666665	0.0
740	2293.6666666666665	0.0
750	2631.1666666666665	0.0
760	2593.3333333333335	0.0
770	2664.3333333333335	0.0
780	2625.6666666666665	0.0
790	2545.5	0.0
800	2315.3333333333335	0.0
810	2569.3333333333335	0.0
820	2586.3333333333335	0.0
830	2176.0	0.0
840	2032.0	0.0
850	2163.0	0.0
860	2022.0	0.0
870	1997.0	0.0
880	2671.5	0.0
890	2624.3333333333335	0.0
900	1992.6666666666667	0.0
910	2633.1666666666665	0.0
920	2730.6666666666665	0.0
930	2440.5	0.0
940	2756.0	0.0
950	2571.1666666666665	0.0
960	2633.1666666666665	0.0
970	2483.5	0.0
980	2572.0	0.0
990	2845.5	0.0
1000	2330.3333333333335	0.0
