0	260.6666666666667	0.0
10	130.0	342.0
20	130.0	0.0
30	130.0	0.0
40	130.0	0.0
50	130.0	0.0
60	130.0	0.0
70	130.0	0.0
80	132.66666666666666	0.0
90	156.0	0.0
100	593.0	0.0
110	673.3333333333334	0.0
120	1122.0	0.0
130	1132.0	0.0
140	1297.0	0.0
150	1303.3333333333333	0.0
160	1383.0	0.0
170	1386.3333333333333	0.0
180	1747.3333333333333	0.0
190	1547.8333333333333	0.0
200	1957.6666666666667	0.0
210	1994.0	0.0
220	2175.0	0.0
230	1746.0	0.0
240	1731.1666666666667	0.0
250	2198.0	0.0
260	2231.1666666666665	0.0
270	2557.1666666666665	0.0
280	2421.0	0.0
290	2398.3333333333335	0.0
300	2092.6666666666665	0.0
310	2418.8333333333335	0.0
320	2393.3333333333335	0.0
330	2510.5	0.0
340	2127.0	0.0
350	2383.0	0.0
360	2705.6666666666665	0.0
370	2765.6666666666665	0.0
380	2550.8333333333335	0.0
390	2149.1666666666665	0.0
400	2598.0	0.0
410	2587.5	0.0
420	2399.6666666666665	0.0
430	2683.8333333333335	0.0
440	2406.0	0.0
450	2534.3333333333335	0.0
460	2493.6666666666665	0.0
470	2657.6666666666665	0.0
480	2581.8333333333335	0.0
490	2927.8333333333335	0.0
500	2284.6666666666665	0.0
510	2417.1666666666665	0.0
520	2767.8333333333335	0.0
530	2802.6666666666665	0.0
540	2804.6666666666665	0.0
550	2844.1666666666665	0.0
560	2614.5	0.0
570	2208.1666666666665	0.0
580	2158.8333333333335	0.0
590	2586.1666666666665	0.0
600	2555.6666666666665	0.0
610	2568.0	0.0
620	2824.3333333333335	0.0
630	2695.6666666666665	0.0
640	2364.3333333333335	0.0
650	1905.6666666666667	0.0
660	2393.6666666666665	0.0
670	2572.1666666666665	0.0
680	2407.0	0.0
690	2825.0	0.0
700	2501.0	0.0
710	2590.3333333333335	0.0
720	2751.8333333333335	0.0
730	2570.6666666666665	0.0
740	2778.0	0.0
750	2469.6666666666665	0.0
760	2368.3333333333335	0.0
770	2165.3333333333335	0.0
780	2698.3333333333335	0.0
790	2546.3333333333335	0.0
800	2688.0	0.0
810	2359.6666666666665	0.0
820	2368.3333333333335	0.0
830	2528.3333333333335	0.0
840	2532.5	0.0
850	2573.0	0.0
860	2585.6666666666665	0.0
870	2617.6666666666665	0.0
880	2391.3333333333335	0.0
890	2460.3333333333335	0.0
900	2475.3333333333335	0.0
910	2378.6666666666665	0.0
920	2520.8333333333335	0.0
930	2405.8333333333335	0.0
940	2363.6666666666665	0.0
950	2564.8333333333335	0.0
960	2458.5	0.0
970	2609.3333333333335	0.0
980	2575.0	0.0
990	2498.0	0.0
1000	2380.3333333333335	0.0
