0	271.0	0.0
10	70.0	344.0
20	70.0	0.0
30	70.0	0.0
40	70.0	0.0
50	70.0	0.0
60	70.0	0.0
70	70.0	0.0
80	70.0	0.0
90	70.0	0.0
100	70.0	0.0
110	70.0	0.0
120	70.0	0.0
130	70.0	0.0
140	70.0	0.0
150	70.0	0.0
160	70.0	0.0
170	70.66666666666667	0.0
180	70.33333333333333	0.0
190	71.0	0.0
200	82.0	0.0
210	72.66666666666667	0.0
220	76.66666666666667	0.0
230	95.66666666666667	0.0
240	141.0	0.0
250	134.33333333333334	0.0
260	236.66666666666666	0.0
270	313.3333333333333	0.0
280	169.0	0.0
290	259.0	0.0
300	174.66666666666666	0.0
310	156.33333333333334	0.0
320	171.0	0.0
330	138.0	0.0
340	180.33333333333334	0.0
350	487.3333333333333	0.0
360	583.0	0.0
370	715.3333333333334	0.0
380	755.3333333333334	0.0
390	555.0	0.0
400	1130.3333333333333	0.0
410	831.0	0.0
420	1134.3333333333333	0.0
430	1293.6666666666667	0.0
440	1438.6666666666667	0.0
450	1595.0	0.0
460	2252.0	0.0
470	2219.6666666666665	0.0
480	2082.6666666666665	0.0
490	2056.0	0.0
500	1770.3333333333333	0.0
510	1869.6666666666667	0.0
520	1835.3333333333333	0.0
530	2040.3333333333333	0.0
540	1543.3333333333333	0.0
550	2376.0	0.0
560	2311.1666666666665	0.0
570	2161.6666666666665	0.0
580	1811.0	0.0
590	1871.3333333333333	0.0
600	2024.6666666666667	0.0
610	2015.5	0.0
620	2075.6666666666665	0.0
630	2232.5	0.0
640	2296.8333333333335	0.0
650	2075.3333333333335	0.0
660	2143.6666666666665	0.0
670	2104.5	0.0
680	2329.3333333333335	0.0
690	2432.0	0.0
700	2558.3333333333335	0.0
710	2449.6666666666665	0.0
720	2646.5	0.0
730	2614.0	0.0
740	2637.3333333333335	0.0
750	2631.8333333333335	0.0
760	2657.3333333333335	0.0
770	2565.3333333333335	0.0
780	2699.5	0.0
790	2491.8333333333335	0.0
800	2652.3333333333335	0.0
810	2667.5	0.0
820	2611.5	0.0
830	2478.0	0.0
840	2381.6666666666665	0.0
850	2532.6666666666665	0.0
860	2705.6666666666665	0.0
870	2737.3333333333335	0.0
880	2593.6666666666665	0.0
890	2564.6666666666665	0.0
900	2096.0	0.0
910	1865.3333333333333	0.0
920	2050.6666666666665	0.0
930	2694.5	0.0
940	2385.0	0.0
950	2859.1666666666665	0.0
960	1894.8333333333333	0.0
970	2421.3333333333335	0.0
980	2493.0	0.0
990	2575.3333333333335	0.0
1000	2581.1666666666665	0.0
