0	252.33333333333334	0.0
10	70.0	329.0
20	70.0	0.0
30	70.0	0.0
40	70.0	0.0
50	70.0	0.0
60	70.0	0.0
70	70.0	0.0
80	70.0	0.0
90	70.0	0.0
100	70.0	0.0
110	70.0	0.0
120	70.0	0.0
130	70.0	0.0
140	70.0	0.0
150	70.0	0.0
160	70.0	0.0
170	70.0	0.0
180	70.0	0.0
190	72.33333333333333	0.0
200	79.33333333333333	0.0
210	71.0	0.0
220	75.33333333333333	0.0
230	155.66666666666666	0.0
240	116.33333333333333	0.0
250	407.6666666666667	0.0
260	417.3333333333333	0.0
270	190.66666666666666	0.0
280	148.33333333333334	0.0
290	133.66666666666666	0.0
300	137.0	0.0
310	130.33333333333334	0.0
320	176.33333333333334	0.0
330	163.66666666666666	0.0
340	205.33333333333334	0.0
350	356.3333333333333	0.0
360	417.0	0.0
370	693.6666666666666	0.0
380	1002.0	0.0
390	746.3333333333334	0.0
400	1435.0	0.0
410	1159.3333333333333	0.0
420	1416.0	0.0
430	1453.3333333333333	0.0
440	1727.1666666666667	0.0
450	1976.6666666666667	0.0
460	1955.6666666666667	0.0
470	1608.6666666666667	0.0
480	1796.0	0.0
490	2125.6666666666665	0.0
500	2440.6666666666665	0.0
510	2318.3333333333335	0.0
520	2200.6666666666665	0.0
530	2118.3333333333335	0.0
540	1958.0	0.0
550	2458.8333333333335	0.0
560	2350.0	0.0
570	2406.6666666666665	0.0
580	2590.6666666666665	0.0
590	2270.0	0.0
600	2324.0	0.0
610	2292.6666666666665	0.0
620	2510.6666666666665	0.0
630	2706.8333333333335	0.0
640	2211.6666666666665	0.0
650	2428.1666666666665	0.0
660	2393.1666666666665	0.0
670	2194.0	0.0
680	2772.0	0.0
690	2742.1666666666665	0.0
700	2466.3333333333335	0.0
710	2704.8333333333335	0.0
720	2636.3333333333335	0.0
730	2699.1666666666665	0.0
740	2757.6666666666665	0.0
750	2507.3333333333335	0.0
760	2673.0	0.0
770	2329.0	0.0
780	2632.3333333333335	0.0
790	2478.5	0.0
800	2500.8333333333335	0.0
810	2500.0	0.0
820	2277.6666666666665	0.0
830	2555.0	0.0
840	2660.8333333333335	0.0
850	2418.8333333333335	0.0
860	2564.6666666666665	0.0
870	2646.6666666666665	0.0
880	2950.6666666666665	0.0
890	2636.1666666666665	0.0
900	2382.3333333333335	0.0
910	2520.6666666666665	0.0
920	2637.0	0.0
930	2596.0	0.0
940	2688.0	0.0
950	2631.6666666666665	0.0
960	2627.6666666666665	0.0
970	2498.6666666666665	0.0
980	2713.0	0.0
990	2444.0	0.0
1000	1857.1666666666667	0.0
