0	283.6666666666667	0.0
10	70.0	0.0
20	70.0	0.0
30	70.0	0.0
40	70.0	0.0
50	70.0	0.0
60	70.0	0.0
70	70.0	0.0
80	70.0	0.0
90	70.0	0.0
100	70.0	0.0
110	70.0	0.0
120	70.0	0.0
130	70.0	0.0
140	70.0	0.0
150	70.0	0.0
160	70.0	0.0
170	70.0	0.0
180	70.0	0.0
190	71.33333333333333	0.0
200	70.66666666666667	0.0
210	71.0	0.0
220	72.0	0.0
230	72.33333333333333	0.0
240	71.66666666666667	0.0
250	152.33333333333334	0.0
260	324.6666666666667	0.0
270	126.66666666666667	0.0
280	147.0	0.0
290	155.33333333333334	0.0
300	144.66666666666666	0.0
310	131.0	0.0
320	154.66666666666666	0.0
330	145.66666666666666	0.0
340	146.0	0.0
350	162.0	0.0
360	214.33333333333334	0.0
370	152.0	0.0
380	259.6666666666667	0.0
390	371.0	0.0
400	486.6666666666667	0.0
410	483.6666666666667	0.0
420	672.6666666666666	0.0
430	1229.0	0.0
440	889.6666666666666	0.0
450	1280.6666666666667	0.0
460	1099.3333333333333	0.0
470	1245.0	0.0
480	1292.0	0.0
490	1726.0	0.0
500	1521.6666666666667	0.0
510	2145.6666666666665	0.0
520	1879.3333333333333	0.0
530	1586.0	0.0
540	2338.1666666666665	0.0
550	2051.3333333333335	0.0
560	2067.3333333333335	0.0
570	2071.3333333333335	0.0
580	2196.0	0.0
590	2100.3333333333335	0.0
600	2284.6666666666665	0.0
