0	258.3333333333333	0.0
10	121.33333333333333	1000.0
20	823.6666666666666	0.0
30	1815.6666666666667	0.0
40	1813.3333333333333	0.0
50	1952.6666666666667	0.0
60	1713.3333333333333	0.0
70	2035.3333333333333	0.0
80	2429.8333333333335	0.0
90	2105.0	0.0
100	2130.0	0.0
110	2306.1666666666665	0.0
120	2266.6666666666665	0.0
130	2603.1666666666665	0.0
140	2500.0	0.0
150	2337.0	0.0
160	2339.3333333333335	0.0
170	2428.3333333333335	0.0
180	2500.1666666666665	0.0
190	2435.0	0.0
200	2464.1666666666665	0.0
210	2480.5	0.0
220	2332.3333333333335	0.0
230	2511.3333333333335	0.0
240	2380.0	0.0
250	1812.0	0.0
260	2155.3333333333335	0.0
270	2478.3333333333335	0.0
280	2364.0	0.0
290	1708.8333333333333	0.0
300	2054.8333333333335	0.0
310	1864.3333333333333	0.0
320	1829.3333333333333	0.0
330	2407.3333333333335	0.0
340	1597.8333333333333	0.0
350	2385.6666666666665	0.0
360	1904.6666666666667	0.0
370	1760.8333333333333	0.0
380	2354.6666666666665	0.0
390	2269.6666666666665	0.0
400	2364.6666666666665	0.0
410	2382.8333333333335	0.0
420	2148.3333333333335	0.0
430	2287.6666666666665	0.0
440	2016.3333333333333	0.0
450	2418.0	0.0
460	1858.0	0.0
470	1739.0	0.0
480	2162.5	0.0
490	2752.6666666666665	0.0
500	1694.6666666666667	0.0
510	2123.8333333333335	0.0
520	1729.6666666666667	0.0
530	2411.0	0.0
540	2047.6666666666667	0.0
550	2194.0	0.0
560	1537.1666666666667	0.0
570	2255.8333333333335	0.0
580	2090.0	0.0
590	2162.3333333333335	0.0
600	2336.6666666666665	0.0
610	2085.0	0.0
620	2538.0	0.0
630	2203.1666666666665	0.0
640	2437.5	0.0
650	2414.1666666666665	0.0
660	1788.6666666666667	0.0
670	1826.0	0.0
680	1854.8333333333333	0.0
690	2023.1666666666667	0.0
700	2667.1666666666665	0.0
710	2307.6666666666665	0.0
720	2081.8333333333335	0.0
730	1784.5	0.0
740	2088.5	0.0
750	1904.6666666666667	0.0
760	2285.5	0.0
770	1715.6666666666667	0.0
780	1833.1666666666667	0.0
790	2491.8333333333335	0.0
800	2008.3333333333333	0.0
810	1860.6666666666667	0.0
820	1997.3333333333333	0.0
830	1759.6666666666667	0.0
840	2143.6666666666665	0.0
850	2469.1666666666665	0.0
860	2316.3333333333335	0.0
870	2375.0	0.0
880	2542.6666666666665	0.0
890	2568.6666666666665	0.0
900	2355.5	0.0
910	2561.6666666666665	0.0
920	2395.0	0.0
930	2588.3333333333335	0.0
940	2632.0	0.0
950	2305.0	0.0
960	2433.1666666666665	0.0
970	1826.8333333333333	0.0
980	1947.1666666666667	0.0
990	1712.6666666666667	0.0
1000	1770.6666666666667	0.0
