0	283.0	0.0
10	101.0	1000.0
20	93.66666666666667	0.0
30	121.66666666666667	0.0
40	119.0	0.0
50	389.6666666666667	0.0
60	1913.6666666666667	0.0
70	1717.6666666666667	0.0
80	1702.0	0.0
90	2334.5	0.0
100	2302.0	0.0
110	2246.6666666666665	0.0
120	2346.6666666666665	0.0
130	2260.0	0.0
140	2329.5	0.0
150	2385.6666666666665	0.0
160	2142.3333333333335	0.0
170	1892.1666666666667	0.0
180	2442.0	0.0
190	1614.0	0.0
200	2537.3333333333335	0.0
210	2383.3333333333335	0.0
220	2617.3333333333335	0.0
230	2259.6666666666665	0.0
240	2181.6666666666665	0.0
250	2170.0	0.0
260	2053.5	0.0
270	1821.3333333333333	0.0
280	2060.3333333333335	0.0
290	2496.3333333333335	0.0
300	2001.5	0.0
310	1982.6666666666667	0.0
320	1880.3333333333333	0.0
330	2525.0	0.0
340	1765.6666666666667	0.0
350	1394.1666666666667	0.0
360	1609.1666666666667	0.0
370	1630.8333333333333	0.0
380	2391.0	0.0
390	2697.0	0.0
400	2383.3333333333335	0.0
410	2440.8333333333335	0.0
420	2260.6666666666665	0.0
430	2637.0	0.0
440	2321.6666666666665	0.0
450	2572.5	0.0
460	2422.3333333333335	0.0
470	1618.3333333333333	0.0
480	2451.0	0.0
490	1870.0	0.0
500	2013.6666666666667	0.0
510	1468.6666666666667	0.0
520	2154.0	0.0
530	2530.6666666666665	0.0
540	2084.6666666666665	0.0
550	2479.6666666666665	0.0
560	2538.6666666666665	0.0
570	2562.3333333333335	0.0
580	2603.6666666666665	0.0
590	2262.0	0.0
600	1907.3333333333333	0.0
610	2383.3333333333335	0.0
620	2484.6666666666665	0.0
630	1874.0	0.0
640	1818.3333333333333	0.0
650	2183.1666666666665	0.0
660	2216.0	0.0
670	2058.0	0.0
680	1858.1666666666667	0.0
690	1581.1666666666667	0.0
700	2528.1666666666665	0.0
710	2215.8333333333335	0.0
720	2516.3333333333335	0.0
730	2528.6666666666665	0.0
740	1683.1666666666667	0.0
750	1973.8333333333333	0.0
760	1575.3333333333333	0.0
770	1698.3333333333333	0.0
780	1618.6666666666667	0.0
790	2592.8333333333335	0.0
800	2138.0	0.0
810	1893.5	0.0
820	2190.1666666666665	0.0
830	1817.3333333333333	0.0
840	2114.3333333333335	0.0
850	2213.8333333333335	0.0
860	2326.6666666666665	0.0
870	2027.5	0.0
880	1831.8333333333333	0.0
890	1943.8333333333333	0.0
900	1980.3333333333333	0.0
910	2352.6666666666665	0.0
920	2537.6666666666665	0.0
930	2700.1666666666665	0.0
940	1898.0	0.0
950	1848.3333333333333	0.0
960	2013.8333333333333	0.0
970	1856.3333333333333	0.0
980	1795.8333333333333	0.0
990	2354.3333333333335	0.0
1000	2490.1666666666665	0.0
