0	245.66666666666666	0.0
10	120.0	891.0
20	96.33333333333333	109.0
30	1150.3333333333333	0.0
40	1497.0	0.0
50	230.0	0.0
60	1839.1666666666667	0.0
70	2305.6666666666665	0.0
80	2277.3333333333335	0.0
90	2133.5	0.0
100	2155.3333333333335	0.0
110	2571.5	0.0
120	2465.3333333333335	0.0
130	2242.3333333333335	0.0
140	2257.3333333333335	0.0
150	2505.6666666666665	0.0
160	2462.3333333333335	0.0
170	2313.3333333333335	0.0
180	2513.6666666666665	0.0
190	2452.6666666666665	0.0
200	2237.5	0.0
210	2338.1666666666665	0.0
220	2438.0	0.0
230	2101.6666666666665	0.0
240	2288.5	0.0
250	1807.5	0.0
260	1125.8333333333333	0.0
270	1016.6666666666666	0.0
280	1766.0	0.0
290	1660.5	0.0
300	2205.6666666666665	0.0
310	1646.3333333333333	0.0
320	2006.3333333333333	0.0
330	1917.0	0.0
340	2068.3333333333335	0.0
350	1853.3333333333333	0.0
360	1582.3333333333333	0.0
370	2149.3333333333335	0.0
380	2356.8333333333335	0.0
390	2364.3333333333335	0.0
400	2281.0	0.0
410	2303.8333333333335	0.0
420	2119.0	0.0
430	2172.1666666666665	0.0
440	2514.8333333333335	0.0
450	2256.3333333333335	0.0
460	2255.0	0.0
470	2294.3333333333335	0.0
480	2276.3333333333335	0.0
490	2622.5	0.0
500	2150.3333333333335	0.0
510	2307.3333333333335	0.0
520	2426.0	0.0
530	2247.6666666666665	0.0
540	2129.3333333333335	0.0
550	2092.6666666666665	0.0
560	2062.6666666666665	0.0
570	2397.5	0.0
580	1838.3333333333333	0.0
590	1828.0	0.0
600	1968.3333333333333	0.0
610	1937.6666666666667	0.0
620	2336.5	0.0
630	2336.0	0.0
640	2543.3333333333335	0.0
650	2374.1666666666665	0.0
660	2429.0	0.0
670	2302.3333333333335	0.0
680	2424.3333333333335	0.0
690	2054.3333333333335	0.0
700	1897.6666666666667	0.0
710	2387.3333333333335	0.0
720	2254.1666666666665	0.0
730	1908.5	0.0
740	1685.0	0.0
750	1685.6666666666667	0.0
760	1883.5	0.0
770	2146.6666666666665	0.0
780	2142.3333333333335	0.0
790	2201.0	0.0
800	1763.6666666666667	0.0
810	1818.5	0.0
820	1693.6666666666667	0.0
830	2489.3333333333335	0.0
840	2350.3333333333335	0.0
850	2011.3333333333333	0.0
860	2013.3333333333333	0.0
870	2076.0	0.0
880	2008.3333333333333	0.0
890	1823.6666666666667	0.0
900	2075.0	0.0
910	2200.0	0.0
920	2298.3333333333335	0.0
930	2458.8333333333335	0.0
940	1755.6666666666667	0.0
950	2124.1666666666665	0.0
960	1868.3333333333333	0.0
970	1920.0	0.0
980	2518.5	0.0
990	2766.6666666666665	0.0
1000	2572.1666666666665	0.0
