0	283.0	0.0
10	70.0	0.0
20	70.0	0.0
30	70.0	0.0
40	70.0	0.0
50	70.0	0.0
60	70.0	0.0
70	70.0	0.0
80	70.33333333333333	0.0
90	73.33333333333333	0.0
100	84.33333333333333	0.0
110	134.33333333333334	0.0
120	86.66666666666667	0.0
130	315.0	0.0
140	74.33333333333333	0.0
150	152.0	0.0
160	238.66666666666666	0.0
170	403.3333333333333	0.0
180	390.6666666666667	0.0
190	441.6666666666667	0.0
200	456.0	0.0
210	375.0	0.0
220	190.33333333333334	0.0
230	185.66666666666666	0.0
240	292.6666666666667	0.0
250	312.3333333333333	0.0
260	392.0	0.0
270	487.6666666666667	0.0
280	417.3333333333333	0.0
290	421.6666666666667	0.0
300	415.3333333333333	0.0
310	375.0	0.0
320	633.6666666666666	0.0
330	487.3333333333333	0.0
340	578.0	0.0
350	564.0	0.0
360	724.0	0.0
370	1181.3333333333333	0.0
380	1012.3333333333334	0.0
390	1619.0	0.0
400	1963.1666666666667	0.0
410	1723.3333333333333	0.0
420	1340.5	0.0
430	778.0	0.0
440	734.6666666666666	0.0
450	1594.6666666666667	0.0
460	1736.6666666666667	0.0
470	1445.3333333333333	0.0
480	1650.3333333333333	0.0
490	1617.6666666666667	0.0
500	1956.6666666666667	0.0
510	1832.3333333333333	0.0
520	1756.6666666666667	0.0
530	1511.3333333333333	0.0
540	1963.6666666666667	0.0
550	1960.5	0.0
560	1849.0	0.0
570	1775.0	0.0
580	1966.6666666666667	0.0
590	1784.3333333333333	0.0
600	1799.5	0.0
610	2470.5	0.0
620	1972.0	0.0
630	1582.6666666666667	0.0
640	2261.3333333333335	0.0
650	2393.5	0.0
660	2186.0	0.0
670	2256.6666666666665	0.0
680	2296.8333333333335	0.0
690	1796.6666666666667	0.0
700	1978.0	0.0
710	2315.5	0.0
720	1963.6666666666667	0.0
730	1874.3333333333333	0.0
740	2323.8333333333335	0.0
750	2327.0	0.0
760	2342.3333333333335	0.0
770	2427.0	0.0
780	2621.0	0.0
790	2466.6666666666665	0.0
800	2405.6666666666665	0.0
810	2563.0	0.0
820	2295.3333333333335	0.0
830	2462.5	0.0
840	2483.6666666666665	0.0
850	2298.0	0.0
860	2179.8333333333335	0.0
870	2437.0	0.0
880	2460.3333333333335	0.0
890	1872.0	0.0
900	2332.6666666666665	0.0
910	2473.6666666666665	0.0
920	2353.8333333333335	0.0
930	1983.0	0.0
940	2073.3333333333335	0.0
950	2050.0	0.0
960	2238.0	0.0
970	1990.5	0.0
980	1716.8333333333333	0.0
990	2096.6666666666665	0.0
1000	2071.5	0.0
