0	227.0	0.0
10	70.0	0.0
20	70.0	0.0
30	70.0	0.0
40	70.0	0.0
50	70.0	0.0
60	70.0	0.0
70	70.33333333333333	0.0
80	71.66666666666667	0.0
90	75.0	0.0
100	83.66666666666667	0.0
110	122.33333333333333	0.0
120	74.33333333333333	0.0
130	129.66666666666666	0.0
140	118.66666666666667	0.0
150	388.0	0.0
160	251.33333333333334	0.0
170	383.3333333333333	0.0
180	137.66666666666666	0.0
190	200.33333333333334	0.0
200	314.6666666666667	0.0
210	341.0	0.0
220	441.0	0.0
230	301.6666666666667	0.0
240	296.3333333333333	0.0
250	366.0	0.0
260	239.33333333333334	0.0
270	463.6666666666667	0.0
280	465.0	0.0
290	482.6666666666667	0.0
300	403.3333333333333	0.0
310	773.0	0.0
320	897.3333333333334	0.0
330	816.3333333333334	0.0
340	763.6666666666666	0.0
350	1044.3333333333333	0.0
360	1024.8333333333333	0.0
370	1677.6666666666667	0.0
380	1686.3333333333333	0.0
390	2205.0	0.0
400	2068.6666666666665	0.0
410	2231.8333333333335	0.0
420	2581.5	0.0
430	2471.0	0.0
440	2456.0	0.0
450	2229.3333333333335	0.0
460	1066.6666666666667	0.0
470	1571.8333333333333	0.0
480	1758.0	0.0
490	1639.0	0.0
500	1924.1666666666667	0.0
510	1505.6666666666667	0.0
520	1523.6666666666667	0.0
530	1155.3333333333333	0.0
540	1637.0	0.0
550	1675.0	0.0
560	1705.8333333333333	0.0
570	2116.6666666666665	0.0
580	1415.3333333333333	0.0
590	2195.3333333333335	0.0
600	1587.0	0.0
610	1609.1666666666667	0.0
620	1710.3333333333333	0.0
630	1880.0	0.0
640	1886.5	0.0
650	1991.3333333333333	0.0
660	1929.0	0.0
670	1285.1666666666667	0.0
680	1976.3333333333333	0.0
690	1697.1666666666667	0.0
700	1759.1666666666667	0.0
710	2036.0	0.0
720	1515.6666666666667	0.0
730	1934.1666666666667	0.0
740	2188.1666666666665	0.0
750	2153.8333333333335	0.0
760	2155.5	0.0
770	1733.6666666666667	0.0
780	1893.1666666666667	0.0
790	1979.0	0.0
800	1958.0	0.0
810	1609.1666666666667	0.0
820	1962.0	0.0
830	1725.1666666666667	0.0
840	2050.0	0.0
850	1907.6666666666667	0.0
860	2073.5	0.0
870	2333.0	0.0
880	1721.3333333333333	0.0
890	2317.8333333333335	0.0
900	1704.1666666666667	0.0
910	1945.3333333333333	0.0
920	2025.1666666666667	0.0
930	2229.0	0.0
940	1846.5	0.0
950	2323.8333333333335	0.0
960	2313.5	0.0
970	1641.6666666666667	0.0
980	1574.6666666666667	0.0
990	1826.1666666666667	0.0
1000	2415.6666666666665	0.0
