0	235.33333333333334	0.0
10	100.66666666666667	1000.0
20	99.0	0.0
30	70.33333333333333	0.0
40	70.66666666666667	0.0
50	78.66666666666667	0.0
60	996.0	0.0
70	954.6666666666666	0.0
80	1384.3333333333333	0.0
90	1769.3333333333333	0.0
100	1957.6666666666667	0.0
110	1762.0	0.0
120	1997.5	0.0
130	2525.1666666666665	0.0
140	2570.1666666666665	0.0
150	2265.6666666666665	0.0
160	2144.8333333333335	0.0
170	2374.1666666666665	0.0
180	2239.3333333333335	0.0
190	2362.6666666666665	0.0
200	2426.0	0.0
210	2195.5	0.0
220	2142.5	0.0
230	2078.8333333333335	0.0
240	2093.3333333333335	0.0
250	2547.5	0.0
260	2427.0	0.0
270	2613.6666666666665	0.0
280	1328.6666666666667	0.0
290	1005.1666666666666	0.0
300	1192.0	0.0
310	1560.6666666666667	0.0
320	1787.1666666666667	0.0
330	1765.5	0.0
340	1905.3333333333333	0.0
350	2186.1666666666665	0.0
360	1866.5	0.0
370	1796.6666666666667	0.0
380	1935.6666666666667	0.0
390	1813.1666666666667	0.0
400	1429.3333333333333	0.0
410	1511.1666666666667	0.0
420	1637.0	0.0
430	1878.6666666666667	0.0
440	1819.6666666666667	0.0
450	1728.6666666666667	0.0
460	1849.8333333333333	0.0
470	1856.5	0.0
480	2103.6666666666665	0.0
490	2317.6666666666665	0.0
500	2122.3333333333335	0.0
510	1717.0	0.0
520	1704.3333333333333	0.0
530	2490.5	0.0
540	2405.0	0.0
550	2335.1666666666665	0.0
560	2396.0	0.0
570	2149.3333333333335	0.0
580	2349.6666666666665	0.0
590	1679.0	0.0
600	1853.6666666666667	0.0
610	1632.8333333333333	0.0
620	2168.5	0.0
630	2741.0	0.0
640	2469.3333333333335	0.0
650	2461.8333333333335	0.0
660	2386.0	0.0
670	2517.3333333333335	0.0
680	2450.3333333333335	0.0
690	2512.8333333333335	0.0
700	2676.6666666666665	0.0
710	2492.6666666666665	0.0
720	2601.0	0.0
730	2523.8333333333335	0.0
740	2312.6666666666665	0.0
750	2600.0	0.0
760	2439.6666666666665	0.0
770	2568.3333333333335	0.0
780	2232.0	0.0
790	2493.6666666666665	0.0
800	2353.0	0.0
810	2357.5	0.0
820	2421.3333333333335	0.0
830	2028.0	0.0
840	2125.3333333333335	0.0
850	1912.3333333333333	0.0
860	1802.6666666666667	0.0
870	1769.1666666666667	0.0
880	1924.3333333333333	0.0
890	2078.1666666666665	0.0
900	2626.3333333333335	0.0
910	2674.3333333333335	0.0
920	2417.3333333333335	0.0
930	2472.5	0.0
940	2440.3333333333335	0.0
950	2481.3333333333335	0.0
960	2480.3333333333335	0.0
970	2195.0	0.0
980	2494.3333333333335	0.0
990	2391.0	0.0
1000	2420.8333333333335	0.0
