0	245.0	0.0
10	70.0	0.0
20	70.0	0.0
30	70.0	0.0
40	70.0	0.0
50	70.0	0.0
60	70.0	0.0
70	70.0	0.0
80	70.0	0.0
90	70.0	0.0
100	70.0	0.0
110	70.0	0.0
120	70.0	0.0
130	70.0	0.0
140	70.0	0.0
150	70.0	0.0
160	70.0	0.0
170	70.0	0.0
180	70.66666666666667	0.0
190	71.33333333333333	0.0
200	70.0	0.0
210	71.0	0.0
220	74.33333333333333	0.0
230	71.66666666666667	0.0
240	77.0	0.0
250	118.66666666666667	0.0
260	216.66666666666666	0.0
270	283.3333333333333	0.0
280	193.0	0.0
290	145.66666666666666	0.0
300	154.66666666666666	0.0
310	140.0	0.0
320	160.33333333333334	0.0
330	148.0	0.0
340	203.66666666666666	0.0
350	147.33333333333334	0.0
360	130.33333333333334	0.0
370	130.0	0.0
380	147.0	0.0
390	202.0	0.0
400	130.0	0.0
410	132.0	0.0
420	279.0	0.0
430	469.6666666666667	0.0
440	516.0	0.0
450	650.0	0.0
460	803.0	0.0
470	1093.0	0.0
480	661.6666666666666	0.0
490	1150.6666666666667	0.0
500	963.3333333333334	0.0
510	1745.0	0.0
520	1647.0	0.0
530	1616.3333333333333	0.0
540	1689.0	0.0
550	1536.6666666666667	0.0
560	2062.3333333333335	0.0
570	1909.3333333333333	0.0
580	1537.6666666666667	0.0
590	1959.8333333333333	0.0
600	1850.6666666666667	0.0
