0	270.3333333333333	0.0
10	70.0	0.0
20	70.0	0.0
30	70.0	0.0
40	70.0	0.0
50	70.0	0.0
60	70.0	0.0
70	70.0	0.0
80	70.0	0.0
90	70.0	0.0
100	70.0	0.0
110	70.0	0.0
120	70.0	0.0
130	70.0	0.0
140	70.0	0.0
150	70.0	0.0
160	70.33333333333333	0.0
170	70.0	0.0
180	70.33333333333333	0.0
190	70.0	0.0
200	73.0	0.0
210	74.33333333333333	0.0
220	72.0	0.0
230	73.0	0.0
240	157.66666666666666	0.0
250	419.3333333333333	0.0
260	353.6666666666667	0.0
270	204.33333333333334	0.0
280	130.66666666666666	0.0
290	171.33333333333334	0.0
300	130.0	0.0
310	138.33333333333334	0.0
320	130.0	0.0
330	138.0	0.0
340	138.0	0.0
350	147.0	0.0
360	138.0	0.0
370	161.33333333333334	0.0
380	191.66666666666666	0.0
390	515.6666666666666	0.0
400	511.3333333333333	0.0
410	381.3333333333333	0.0
420	672.6666666666666	0.0
430	588.6666666666666	0.0
440	932.0	0.0
450	955.3333333333334	0.0
460	950.0	0.0
470	920.3333333333334	0.0
480	1179.3333333333333	0.0
490	1697.6666666666667	0.0
500	1541.6666666666667	0.0
510	1641.3333333333333	0.0
520	2263.6666666666665	0.0
530	2169.0	0.0
540	2107.0	0.0
550	2149.6666666666665	0.0
560	2110.3333333333335	0.0
570	2436.3333333333335	0.0
580	2090.6666666666665	0.0
590	1930.1666666666667	0.0
600	2261.1666666666665	0.0
610	2148.3333333333335	0.0
620	2004.6666666666667	0.0
630	2256.3333333333335	0.0
640	1991.0	0.0
650	1910.3333333333333	0.0
660	2391.6666666666665	0.0
670	2395.6666666666665	0.0
680	2303.0	0.0
690	2429.6666666666665	0.0
700	2695.3333333333335	0.0
710	2023.6666666666667	0.0
720	2722.8333333333335	0.0
730	2649.3333333333335	0.0
740	2704.3333333333335	0.0
750	2610.5	0.0
760	2918.8333333333335	0.0
770	2549.0	0.0
780	2628.3333333333335	0.0
790	2733.0	0.0
800	2531.0	0.0
