0	257.0	0.0
10	70.0	0.0
20	70.0	0.0
30	70.0	0.0
40	70.0	0.0
50	70.0	0.0
60	70.0	0.0
70	70.0	0.0
80	70.0	0.0
90	70.0	0.0
100	70.0	0.0
110	70.0	0.0
120	70.0	0.0
130	70.0	0.0
140	70.0	0.0
150	70.0	0.0
160	70.33333333333333	0.0
170	70.0	0.0
180	70.66666666666667	0.0
190	70.0	0.0
200	71.33333333333333	0.0
210	70.33333333333333	0.0
220	90.0	0.0
230	77.0	0.0
240	168.66666666666666	0.0
250	309.3333333333333	0.0
260	265.0	0.0
270	201.0	0.0
280	152.66666666666666	0.0
290	171.0	0.0
300	138.66666666666666	0.0
310	146.0	0.0
320	138.33333333333334	0.0
330	156.0	0.0
340	138.0	0.0
350	155.66666666666666	0.0
360	139.33333333333334	0.0
370	179.66666666666666	0.0
380	164.33333333333334	0.0
390	210.66666666666666	0.0
400	288.0	0.0
410	362.6666666666667	0.0
420	281.6666666666667	0.0
430	564.6666666666666	0.0
440	802.6666666666666	0.0
450	920.0	0.0
460	965.0	0.0
470	1123.3333333333333	0.0
480	1208.3333333333333	0.0
490	1211.0	0.0
500	1706.0	0.0
510	2131.6666666666665	0.0
520	1853.6666666666667	0.0
530	2482.6666666666665	0.0
540	2396.3333333333335	0.0
550	1849.6666666666667	0.0
560	2295.0	0.0
570	2071.3333333333335	0.0
580	2136.6666666666665	0.0
590	2149.1666666666665	0.0
600	2327.5	0.0
610	2274.3333333333335	0.0
620	2238.5	0.0
630	2202.3333333333335	0.0
640	2320.6666666666665	0.0
650	2395.5	0.0
660	2337.0	0.0
670	2322.6666666666665	0.0
680	2253.5	0.0
690	2546.3333333333335	0.0
700	2336.1666666666665	0.0
710	2385.6666666666665	0.0
720	2561.6666666666665	0.0
730	2493.5	0.0
740	2489.5	0.0
750	2632.3333333333335	0.0
760	2183.8333333333335	0.0
770	2540.0	0.0
780	2735.0	0.0
790	2603.1666666666665	0.0
800	2573.8333333333335	0.0
