0	342.6666666666667	0.0
10	70.0	0.0
20	70.0	0.0
30	70.0	0.0
40	70.0	0.0
50	70.0	0.0
60	70.0	0.0
70	70.0	0.0
80	70.0	0.0
90	70.0	0.0
100	70.0	0.0
110	70.0	0.0
120	70.0	0.0
130	70.0	0.0
140	70.0	0.0
150	70.0	0.0
160	70.0	0.0
170	70.0	0.0
180	70.0	0.0
190	70.66666666666667	0.0
200	70.33333333333333	0.0
210	73.33333333333333	0.0
220	72.66666666666667	0.0
230	78.0	0.0
240	127.33333333333333	0.0
250	247.0	0.0
260	416.0	0.0
270	275.3333333333333	0.0
280	154.0	0.0
290	137.0	0.0
300	130.0	0.0
310	147.33333333333334	0.0
320	130.0	0.0
330	172.66666666666666	0.0
340	172.0	0.0
350	146.0	0.0
360	130.0	0.0
370	162.33333333333334	0.0
380	163.0	0.0
390	130.0	0.0
400	184.33333333333334	0.0
410	558.3333333333334	0.0
420	536.6666666666666	0.0
430	861.0	0.0
440	717.6666666666666	0.0
450	481.3333333333333	0.0
460	1101.6666666666667	0.0
470	1166.0	0.0
480	1262.6666666666667	0.0
490	1375.0	0.0
500	1112.3333333333333	0.0
510	1292.6666666666667	0.0
520	1694.8333333333333	0.0
530	1918.6666666666667	0.0
540	1537.6666666666667	0.0
550	1558.0	0.0
560	2022.0	0.0
570	2240.6666666666665	0.0
580	2100.6666666666665	0.0
590	1958.3333333333333	0.0
600	1948.6666666666667	0.0
