0	252.33333333333334	0.0
10	70.0	0.0
20	70.0	0.0
30	70.0	0.0
40	70.0	0.0
50	70.0	0.0
60	70.0	0.0
70	70.0	0.0
80	70.0	0.0
90	70.0	0.0
100	70.0	0.0
110	70.0	0.0
120	70.0	0.0
130	70.0	0.0
140	70.0	0.0
150	70.0	0.0
160	70.0	0.0
170	70.0	0.0
180	73.0	0.0
190	71.0	0.0
200	73.0	0.0
210	71.33333333333333	0.0
220	71.66666666666667	0.0
230	83.0	0.0
240	110.0	0.0
250	158.33333333333334	0.0
260	174.66666666666666	0.0
270	145.0	0.0
280	109.33333333333333	0.0
290	202.0	0.0
300	172.0	0.0
310	146.66666666666666	0.0
320	154.66666666666666	0.0
330	164.0	0.0
340	130.0	0.0
350	170.33333333333334	0.0
360	183.0	0.0
370	227.33333333333334	0.0
380	276.6666666666667	0.0
390	221.0	0.0
400	194.0	0.0
410	217.0	0.0
420	291.6666666666667	0.0
430	287.0	0.0
440	307.3333333333333	0.0
450	282.3333333333333	0.0
460	301.0	0.0
470	295.3333333333333	0.0
480	321.0	0.0
490	228.66666666666666	0.0
500	262.6666666666667	0.0
510	309.6666666666667	0.0
520	300.0	0.0
530	542.6666666666666	0.0
540	582.6666666666666	0.0
550	375.6666666666667	0.0
560	454.6666666666667	0.0
570	385.3333333333333	0.0
580	483.0	0.0
590	684.8333333333334	0.0
600	633.0	0.0
