0	248.33333333333334	0.0
10	70.0	0.0
20	70.0	0.0
30	70.0	0.0
40	70.0	0.0
50	70.0	0.0
60	70.0	0.0
70	70.0	0.0
80	70.66666666666667	0.0
90	72.66666666666667	0.0
100	73.66666666666667	0.0
110	128.66666666666666	0.0
120	210.0	0.0
130	144.33333333333334	0.0
140	324.6666666666667	0.0
150	147.0	0.0
160	224.0	0.0
170	190.66666666666666	0.0
180	208.66666666666666	0.0
190	342.6666666666667	0.0
200	263.6666666666667	0.0
210	454.0	0.0
220	436.3333333333333	0.0
230	382.6666666666667	0.0
240	242.33333333333334	2.0
250	467.0	0.0
260	241.33333333333334	0.0
270	324.3333333333333	0.0
280	287.0	0.0
290	482.6666666666667	0.0
300	432.6666666666667	0.0
310	854.5	0.0
320	821.3333333333334	0.0
330	753.6666666666666	0.0
340	888.6666666666666	0.0
350	1104.0	0.0
360	879.3333333333334	0.0
370	1270.3333333333333	1.0
380	985.3333333333334	0.0
390	1393.3333333333333	0.0
400	1681.6666666666667	0.0
410	2025.3333333333333	0.0
420	2128.3333333333335	2.0
430	1858.0	0.0
440	1821.3333333333333	0.0
450	1271.6666666666667	0.0
460	1450.3333333333333	1.0
470	1740.3333333333333	0.0
480	1684.5	0.0
490	1618.3333333333333	0.0
500	1851.6666666666667	0.0
510	1736.5	0.0
520	1943.1666666666667	0.0
530	1568.0	0.0
540	1443.8333333333333	0.0
550	1754.0	2.0
560	2026.5	0.0
570	1511.6666666666667	0.0
580	1595.0	0.0
590	1347.5	0.0
600	1499.3333333333333	0.0
610	1877.3333333333333	0.0
620	1225.3333333333333	0.0
630	1935.6666666666667	2.0
640	1839.8333333333333	0.0
650	1708.8333333333333	0.0
660	2105.0	0.0
670	1821.8333333333333	0.0
680	1690.0	1.0
690	1483.5	0.0
700	1493.0	0.0
710	1410.0	0.0
720	2110.1666666666665	0.0
730	1725.5	1.0
740	1524.5	0.0
750	1472.0	0.0
760	1966.3333333333333	0.0
770	2206.3333333333335	1.0
780	2023.0	0.0
790	1883.0	0.0
800	2062.8333333333335	2.0
810	1691.3333333333333	0.0
820	1929.6666666666667	0.0
830	1577.0	0.0
840	2496.3333333333335	0.0
850	2095.6666666666665	0.0
860	2545.8333333333335	0.0
870	2537.1666666666665	0.0
880	2588.8333333333335	0.0
890	2761.0	0.0
900	2359.1666666666665	1.0
910	2442.0	1.0
920	2481.3333333333335	1.0
930	2333.8333333333335	0.0
940	2448.0	0.0
950	2355.6666666666665	0.0
960	2295.0	0.0
970	2412.5	0.0
980	2347.3333333333335	0.0
990	2455.8333333333335	0.0
1000	2285.6666666666665	0.0
