0	264.3333333333333	0.0
10	70.0	0.0
20	70.0	0.0
30	70.0	0.0
40	70.0	0.0
50	70.0	0.0
60	70.0	0.0
70	70.0	0.0
80	70.66666666666667	0.0
90	75.33333333333333	0.0
100	80.33333333333333	0.0
110	114.66666666666667	0.0
120	90.33333333333333	0.0
130	84.33333333333333	0.0
140	265.6666666666667	0.0
150	368.3333333333333	0.0
160	126.66666666666667	0.0
170	252.33333333333334	0.0
180	263.0	0.0
190	711.3333333333334	0.0
200	514.3333333333334	0.0
210	137.33333333333334	0.0
220	298.6666666666667	0.0
230	456.6666666666667	0.0
240	350.0	0.0
250	417.0	0.0
260	525.3333333333334	0.0
270	537.3333333333334	0.0
280	578.6666666666666	0.0
290	730.6666666666666	0.0
300	632.3333333333334	0.0
310	1256.1666666666667	0.0
320	1170.0	0.0
330	1905.0	0.0
340	1513.1666666666667	0.0
350	2475.0	0.0
360	2258.3333333333335	0.0
370	2789.6666666666665	0.0
380	2263.5	0.0
390	2230.5	0.0
400	2752.6666666666665	0.0
410	2027.6666666666667	0.0
420	2188.1666666666665	0.0
430	2583.6666666666665	0.0
440	2277.6666666666665	0.0
450	2585.3333333333335	0.0
460	1593.3333333333333	1.0
470	2366.6666666666665	0.0
480	2480.6666666666665	0.0
490	2397.5	0.0
500	2537.8333333333335	1.0
510	2454.5	0.0
520	2434.6666666666665	0.0
530	2308.5	0.0
540	2421.1666666666665	1.0
550	2375.3333333333335	0.0
560	2433.0	0.0
570	2227.0	0.0
580	2385.3333333333335	0.0
590	2419.5	0.0
600	2658.0	0.0
610	1908.5	0.0
620	1780.0	0.0
630	2363.3333333333335	0.0
640	1666.0	0.0
650	1641.3333333333333	0.0
660	2465.3333333333335	0.0
670	2333.3333333333335	0.0
680	2163.6666666666665	0.0
690	2634.3333333333335	0.0
700	1716.6666666666667	0.0
710	1641.6666666666667	0.0
720	1816.1666666666667	0.0
730	1960.0	1.0
740	1712.6666666666667	0.0
750	2300.3333333333335	0.0
760	2464.5	0.0
770	2278.5	0.0
780	1763.1666666666667	0.0
790	1654.6666666666667	0.0
800	2282.3333333333335	0.0
810	2197.5	0.0
820	2129.8333333333335	0.0
830	2096.5	0.0
840	1872.6666666666667	0.0
850	2148.0	0.0
860	2101.0	0.0
870	1955.3333333333333	0.0
880	2225.3333333333335	0.0
890	1836.6666666666667	0.0
900	2468.8333333333335	0.0
910	2120.1666666666665	0.0
920	2005.6666666666667	0.0
930	2588.5	0.0
940	2380.5	0.0
950	2638.1666666666665	0.0
960	2386.0	0.0
970	2475.6666666666665	0.0
980	2566.6666666666665	0.0
990	2512.5	0.0
1000	2355.6666666666665	0.0
