0	245.0	0.0
10	70.0	25.0
20	70.0	0.0
30	70.0	0.0
40	70.0	0.0
50	70.0	1.0
60	70.0	44.0
70	70.0	1.0
80	70.0	0.0
90	70.0	49.0
100	70.0	51.0
110	70.0	2.0
120	70.0	10.0
130	70.0	0.0
140	70.0	0.0
150	70.0	28.0
160	70.0	0.0
170	70.0	82.0
180	70.0	0.0
190	70.33333333333333	0.0
200	70.66666666666667	0.0
210	73.33333333333333	0.0
220	99.33333333333333	6.0
230	106.66666666666667	23.0
240	139.66666666666666	0.0
250	316.3333333333333	20.0
260	260.6666666666667	14.0
270	146.0	14.0
280	148.0	4.0
290	399.3333333333333	3.0
300	568.3333333333334	8.0
310	645.3333333333334	13.0
320	750.0	35.0
330	864.0	10.0
340	935.0	13.0
350	1513.5	14.0
360	881.3333333333334	10.0
370	1959.0	21.0
380	2101.5	24.0
390	1622.6666666666667	13.0
400	1997.3333333333333	7.0
410	1732.0	11.0
420	2058.3333333333335	18.0
430	1922.0	30.0
440	2239.6666666666665	14.0
450	2493.6666666666665	16.0
460	2446.3333333333335	13.0
470	2122.6666666666665	14.0
480	2122.0	17.0
490	2403.5	30.0
500	2444.3333333333335	16.0
510	2597.0	25.0
520	2405.3333333333335	18.0
530	2074.1666666666665	16.0
540	2442.3333333333335	27.0
550	2405.3333333333335	19.0
560	2299.8333333333335	19.0
570	2582.8333333333335	27.0
580	2610.1666666666665	24.0
590	2780.0	38.0
600	2562.3333333333335	54.0
610	2757.8333333333335	9.0
620	2540.5	0.0
630	2784.1666666666665	0.0
640	2088.0	0.0
650	2313.5	0.0
660	2232.8333333333335	0.0
670	2654.3333333333335	0.0
680	2626.8333333333335	0.0
690	2424.3333333333335	0.0
700	2685.8333333333335	0.0
710	2391.0	0.0
720	2174.8333333333335	0.0
730	2476.5	0.0
740	2461.0	0.0
750	2461.8333333333335	0.0
760	2351.6666666666665	0.0
770	2425.8333333333335	0.0
780	2580.0	0.0
790	2460.1666666666665	0.0
800	2319.3333333333335	0.0
810	2600.6666666666665	0.0
820	2833.8333333333335	0.0
830	2633.5	0.0
840	2440.0	0.0
850	2414.6666666666665	0.0
860	2757.6666666666665	0.0
870	2463.6666666666665	0.0
880	2591.1666666666665	0.0
890	2589.0	0.0
900	2410.3333333333335	0.0
910	2617.3333333333335	0.0
920	2589.8333333333335	0.0
930	2612.5	0.0
940	2506.8333333333335	0.0
950	2575.1666666666665	0.0
960	2506.8333333333335	0.0
970	2611.3333333333335	0.0
980	2563.0	0.0
990	2547.8333333333335	0.0
1000	2383.1666666666665	0.0
