0	259.0	0.0
10	70.0	0.0
20	70.0	59.0
30	70.0	1.0
40	70.0	46.0
50	70.0	41.0
60	70.0	0.0
70	70.0	31.0
80	70.0	0.0
90	70.0	0.0
100	70.0	0.0
110	70.0	25.0
120	70.0	0.0
130	70.0	0.0
140	70.0	17.0
150	70.0	1.0
160	70.0	70.0
170	70.33333333333333	1.0
180	70.0	0.0
190	72.33333333333333	0.0
200	70.0	17.0
210	72.0	23.0
220	82.33333333333333	4.0
230	147.66666666666666	22.0
240	123.66666666666667	3.0
250	394.6666666666667	15.0
260	452.6666666666667	11.0
270	442.0	17.0
280	710.6666666666666	15.0
290	629.3333333333334	7.0
300	733.0	11.0
310	760.6666666666666	23.0
320	857.3333333333334	8.0
330	841.0	13.0
340	964.6666666666666	15.0
350	1140.6666666666667	14.0
360	1047.0	17.0
370	2133.3333333333335	10.0
380	2031.3333333333333	21.0
390	1773.6666666666667	16.0
400	1881.0	16.0
410	1934.6666666666667	16.0
420	2111.1666666666665	14.0
430	1971.6666666666667	14.0
440	2397.0	25.0
450	2393.0	34.0
460	2281.8333333333335	12.0
470	1848.6666666666667	28.0
480	2363.3333333333335	21.0
490	2261.6666666666665	21.0
500	2443.6666666666665	25.0
510	2254.3333333333335	15.0
520	2545.0	23.0
530	2454.5	20.0
540	2391.5	10.0
550	2489.5	16.0
560	2607.3333333333335	30.0
570	2511.5	26.0
580	2306.6666666666665	36.0
590	2489.0	24.0
600	2638.5	0.0
610	2504.3333333333335	0.0
620	2550.3333333333335	0.0
630	2396.5	0.0
640	2505.0	0.0
650	2291.0	0.0
660	2403.8333333333335	0.0
670	2765.5	0.0
680	2418.6666666666665	0.0
690	2560.0	0.0
700	2549.0	0.0
710	2467.3333333333335	0.0
720	2373.8333333333335	0.0
730	2838.5	0.0
740	2180.6666666666665	0.0
750	2132.0	0.0
760	2423.3333333333335	0.0
770	2693.8333333333335	0.0
780	2824.3333333333335	0.0
790	2181.6666666666665	0.0
800	2483.0	0.0
810	2938.5	0.0
820	2676.6666666666665	0.0
830	2498.5	0.0
840	2878.6666666666665	0.0
850	2939.3333333333335	0.0
860	2611.3333333333335	0.0
870	2719.5	0.0
880	2985.8333333333335	0.0
890	2597.3333333333335	0.0
900	2871.0	0.0
910	2782.3333333333335	0.0
920	2807.6666666666665	0.0
930	2843.5	0.0
940	1750.8333333333333	0.0
950	2704.3333333333335	0.0
960	2114.6666666666665	0.0
970	2627.0	0.0
980	2725.6666666666665	0.0
990	2754.1666666666665	0.0
1000	2468.5	0.0
