0	250.0	0.0
10	70.0	39.0
20	70.0	25.0
30	70.0	0.0
40	70.0	38.0
50	70.0	30.0
60	70.0	63.0
70	70.0	0.0
80	70.0	0.0
90	70.0	0.0
100	70.0	0.0
110	70.0	76.0
120	70.0	0.0
130	70.0	50.0
140	70.0	9.0
150	70.0	7.0
160	70.0	0.0
170	70.0	0.0
180	70.0	26.0
190	70.0	0.0
200	77.0	13.0
210	124.0	5.0
220	223.66666666666666	5.0
230	356.6666666666667	0.0
240	116.33333333333333	11.0
250	240.0	3.0
260	228.0	7.0
270	903.6666666666666	9.0
280	1898.0	1.0
290	1269.6666666666667	9.0
300	1213.3333333333333	17.0
310	1006.6666666666666	34.0
320	1187.3333333333333	19.0
330	1671.3333333333333	20.0
340	1438.0	13.0
350	1342.6666666666667	10.0
360	1888.6666666666667	17.0
370	1695.3333333333333	11.0
380	1947.0	6.0
390	1939.0	48.0
400	2121.3333333333335	23.0
410	1826.0	13.0
420	2258.6666666666665	29.0
430	1984.0	28.0
440	2143.5	21.0
450	2290.6666666666665	19.0
460	2101.6666666666665	36.0
470	2157.3333333333335	13.0
480	2203.6666666666665	32.0
490	2365.0	29.0
500	2514.0	35.0
510	2344.3333333333335	9.0
520	2469.3333333333335	35.0
530	2382.0	57.0
540	2271.0	0.0
550	2475.8333333333335	0.0
560	2340.6666666666665	0.0
570	2384.5	0.0
580	2375.3333333333335	0.0
590	2609.3333333333335	0.0
600	2616.3333333333335	0.0
610	2801.5	0.0
620	2448.8333333333335	0.0
630	2339.3333333333335	0.0
640	2470.0	0.0
650	2491.3333333333335	0.0
660	2427.6666666666665	0.0
670	2322.1666666666665	0.0
680	2513.0	0.0
690	2640.8333333333335	0.0
700	2398.0	0.0
710	2510.6666666666665	0.0
720	2380.8333333333335	0.0
730	2570.5	0.0
740	2409.3333333333335	0.0
750	2406.1666666666665	0.0
760	2429.6666666666665	0.0
770	2436.6666666666665	0.0
780	2437.1666666666665	0.0
790	2446.3333333333335	0.0
800	2606.3333333333335	0.0
810	2303.0	0.0
820	2303.3333333333335	0.0
830	2388.0	0.0
840	2355.0	0.0
850	2498.1666666666665	0.0
860	2461.3333333333335	0.0
870	2357.8333333333335	0.0
880	2484.0	0.0
890	2258.6666666666665	0.0
900	2332.1666666666665	0.0
910	2612.6666666666665	0.0
920	2353.8333333333335	0.0
930	2454.0	0.0
940	2340.6666666666665	0.0
950	2463.8333333333335	0.0
960	2571.1666666666665	0.0
970	2594.0	0.0
980	2713.0	0.0
990	2424.0	0.0
1000	2509.3333333333335	0.0
