0	237.33333333333334	0.0
10	70.0	10.0
20	70.0	6.0
30	70.0	7.0
40	70.0	0.0
50	70.0	4.0
60	70.0	16.0
70	70.0	1.0
80	70.0	0.0
90	70.0	1.0
100	70.0	14.0
110	70.0	0.0
120	70.0	2.0
130	70.0	7.0
140	70.0	3.0
150	70.0	0.0
160	70.0	7.0
170	70.0	0.0
180	70.0	5.0
190	70.66666666666667	16.0
200	71.0	0.0
210	70.66666666666667	0.0
220	70.66666666666667	5.0
230	74.0	3.0
240	157.66666666666666	13.0
250	99.33333333333333	88.0
260	72.66666666666667	146.0
270	84.66666666666667	3.0
280	137.0	9.0
290	255.66666666666666	185.0
300	457.3333333333333	11.0
310	149.66666666666666	298.0
320	262.6666666666667	117.0
330	304.0	23.0
340	293.0	0.0
350	167.66666666666666	0.0
360	171.66666666666666	0.0
370	249.0	0.0
380	468.3333333333333	0.0
390	692.0	0.0
400	531.6666666666666	0.0
410	809.0	0.0
420	695.0	0.0
430	1079.6666666666667	0.0
440	1296.3333333333333	0.0
450	1366.6666666666667	0.0
460	1820.6666666666667	0.0
470	1473.3333333333333	0.0
480	1800.6666666666667	0.0
490	2537.5	0.0
500	2238.5	0.0
510	2391.0	0.0
520	1866.1666666666667	0.0
530	2153.8333333333335	0.0
540	2374.5	0.0
550	2378.3333333333335	0.0
560	2136.3333333333335	0.0
570	2326.0	0.0
580	2354.0	0.0
590	2287.0	0.0
600	2407.1666666666665	0.0
610	2368.3333333333335	0.0
620	2482.8333333333335	0.0
630	2192.3333333333335	0.0
640	2246.0	0.0
650	2406.8333333333335	0.0
660	2628.5	0.0
670	2335.6666666666665	0.0
680	2255.3333333333335	0.0
690	2323.0	0.0
700	2738.0	0.0
710	2737.0	0.0
720	2681.3333333333335	0.0
730	2490.3333333333335	0.0
740	2794.6666666666665	0.0
750	2571.0	0.0
760	2684.1666666666665	0.0
770	2692.3333333333335	0.0
780	2587.1666666666665	0.0
790	2810.8333333333335	0.0
800	2673.0	0.0
