0	247.33333333333334	0.0
10	70.0	0.0
20	70.0	6.0
30	70.0	1.0
40	70.0	12.0
50	70.0	1.0
60	70.0	11.0
70	70.0	1.0
80	70.0	19.0
90	70.0	0.0
100	70.0	0.0
110	70.0	0.0
120	70.0	1.0
130	70.0	14.0
140	70.0	2.0
150	70.0	0.0
160	70.0	4.0
170	70.0	6.0
180	70.0	17.0
190	71.0	1.0
200	76.66666666666667	0.0
210	71.0	0.0
220	77.0	5.0
230	88.0	0.0
240	193.33333333333334	0.0
250	393.6666666666667	117.0
260	274.3333333333333	96.0
270	384.6666666666667	80.0
280	211.33333333333334	245.0
290	213.66666666666666	303.0
300	170.33333333333334	58.0
310	293.3333333333333	0.0
320	157.0	0.0
330	487.0	0.0
340	194.66666666666666	0.0
350	444.6666666666667	0.0
360	700.6666666666666	0.0
370	661.0	0.0
380	724.0	0.0
390	648.0	0.0
400	837.6666666666666	0.0
410	1140.3333333333333	0.0
420	1547.3333333333333	0.0
430	1822.3333333333333	0.0
440	1771.3333333333333	0.0
450	2058.6666666666665	0.0
460	1977.5	0.0
470	1997.3333333333333	0.0
480	1968.3333333333333	0.0
490	1900.6666666666667	0.0
500	2018.6666666666667	0.0
510	2484.0	0.0
520	1787.0	0.0
530	2164.5	0.0
540	2188.8333333333335	0.0
550	2156.8333333333335	0.0
560	2240.5	0.0
570	2415.3333333333335	0.0
580	2289.5	0.0
590	2313.6666666666665	0.0
600	2462.6666666666665	0.0
610	2455.0	0.0
620	2703.8333333333335	0.0
630	2459.0	0.0
640	2492.5	0.0
650	2555.8333333333335	0.0
660	2348.3333333333335	0.0
670	2458.8333333333335	0.0
680	2368.8333333333335	0.0
690	2791.0	0.0
700	2851.0	0.0
710	2660.5	0.0
720	2523.6666666666665	0.0
730	2746.5	0.0
740	2614.6666666666665	0.0
750	2680.5	0.0
760	2519.0	0.0
770	2597.6666666666665	0.0
780	2718.0	0.0
790	2561.3333333333335	0.0
800	2472.6666666666665	0.0
