0	260.6666666666667	0.0
10	141.33333333333334	351.0
20	144.0	0.0
30	100.33333333333333	0.0
40	140.33333333333334	0.0
50	131.33333333333334	0.0
60	130.0	0.0
70	130.0	0.0
80	130.0	0.0
90	130.0	0.0
100	130.0	0.0
110	130.0	0.0
120	130.0	0.0
130	130.0	0.0
140	156.33333333333334	0.0
150	130.0	0.0
160	158.66666666666666	0.0
170	158.66666666666666	0.0
180	130.0	0.0
190	189.33333333333334	0.0
200	130.0	0.0
210	130.0	0.0
220	165.33333333333334	0.0
230	130.33333333333334	0.0
240	151.33333333333334	0.0
250	542.6666666666666	0.0
260	431.3333333333333	0.0
270	548.6666666666666	0.0
280	895.0	0.0
290	808.0	0.0
300	1322.0	0.0
310	1283.8333333333333	0.0
320	1487.6666666666667	0.0
330	1855.0	0.0
340	1452.0	0.0
350	1571.0	0.0
360	1824.6666666666667	0.0
370	1887.3333333333333	0.0
380	1419.6666666666667	0.0
390	2159.3333333333335	0.0
400	1655.3333333333333	0.0
410	2116.6666666666665	0.0
420	2429.6666666666665	0.0
430	2124.3333333333335	0.0
440	2432.6666666666665	0.0
450	2426.1666666666665	0.0
460	2177.0	0.0
470	2192.6666666666665	0.0
480	2476.5	0.0
490	2469.3333333333335	0.0
500	2222.6666666666665	0.0
510	2384.6666666666665	0.0
520	2638.3333333333335	0.0
530	2537.3333333333335	0.0
540	2281.8333333333335	0.0
550	2545.0	0.0
560	2579.0	0.0
570	2322.6666666666665	0.0
580	2665.3333333333335	0.0
590	2464.0	0.0
600	2450.0	0.0
610	2699.8333333333335	0.0
620	2635.3333333333335	0.0
630	2448.3333333333335	0.0
640	2624.0	0.0
650	2603.3333333333335	0.0
660	2503.3333333333335	0.0
670	2648.0	0.0
680	2809.5	0.0
690	2386.0	0.0
700	2605.8333333333335	0.0
710	2467.0	0.0
720	2427.6666666666665	0.0
730	2653.0	0.0
740	2503.0	0.0
750	2525.1666666666665	0.0
760	2480.0	0.0
770	2509.6666666666665	0.0
780	2418.6666666666665	0.0
790	2493.5	0.0
800	2495.6666666666665	0.0
810	2547.8333333333335	0.0
820	2413.8333333333335	0.0
830	2482.1666666666665	0.0
840	2529.3333333333335	0.0
850	2558.6666666666665	0.0
860	2791.5	0.0
870	2641.5	0.0
880	2420.1666666666665	0.0
890	2728.0	0.0
900	2458.6666666666665	0.0
910	2674.5	0.0
920	2566.6666666666665	0.0
930	2195.3333333333335	0.0
940	1965.6666666666667	0.0
950	2299.3333333333335	0.0
960	2060.8333333333335	0.0
970	2071.1666666666665	0.0
980	2043.1666666666667	0.0
990	1731.3333333333333	0.0
1000	1900.5	0.0
