0	236.66666666666666	0.0
10	70.0	0.0
20	70.0	0.0
30	70.0	0.0
40	70.0	0.0
50	70.0	0.0
60	70.0	0.0
70	70.0	0.0
80	70.33333333333333	0.0
90	72.33333333333333	0.0
100	111.66666666666667	0.0
110	127.33333333333333	0.0
120	91.0	0.0
130	92.66666666666667	0.0
140	78.0	0.0
150	162.33333333333334	0.0
160	349.3333333333333	0.0
170	377.3333333333333	0.0
180	295.3333333333333	0.0
190	227.66666666666666	0.0
200	336.3333333333333	0.0
210	315.3333333333333	0.0
220	319.0	0.0
230	288.0	0.0
240	241.33333333333334	0.0
250	290.3333333333333	0.0
260	507.3333333333333	0.0
270	689.3333333333334	0.0
280	473.3333333333333	0.0
290	707.0	0.0
300	462.0	0.0
310	634.3333333333334	0.0
320	720.0	0.0
330	1213.5	0.0
340	1159.3333333333333	0.0
350	1526.3333333333333	0.0
360	2315.1666666666665	0.0
370	2641.8333333333335	0.0
380	2258.1666666666665	0.0
390	2534.6666666666665	0.0
400	2632.5	0.0
410	2349.6666666666665	0.0
420	2449.0	0.0
430	2004.3333333333333	0.0
440	2549.1666666666665	0.0
450	2467.3333333333335	0.0
460	2515.3333333333335	0.0
470	2236.6666666666665	0.0
480	2359.0	0.0
490	2279.0	0.0
500	2315.5	0.0
510	2558.5	0.0
520	2741.5	0.0
530	2537.0	0.0
540	2469.0	0.0
550	2201.0	0.0
560	1916.3333333333333	0.0
570	2182.0	0.0
580	2213.0	0.0
590	2390.3333333333335	0.0
600	2407.6666666666665	0.0
