0	274.0	0.0
10	70.0	0.0
20	70.0	0.0
30	70.0	0.0
40	70.0	0.0
50	70.0	0.0
60	70.0	0.0
70	70.0	0.0
80	70.0	0.0
90	71.66666666666667	0.0
100	80.66666666666667	0.0
110	125.66666666666667	0.0
120	79.66666666666667	0.0
130	280.6666666666667	0.0
140	283.6666666666667	0.0
150	388.0	0.0
160	202.33333333333334	0.0
170	132.66666666666666	0.0
180	139.66666666666666	0.0
190	318.6666666666667	0.0
200	287.0	0.0
210	344.6666666666667	0.0
220	320.0	0.0
230	350.3333333333333	0.0
240	353.0	0.0
250	300.0	0.0
260	308.0	0.0
270	474.6666666666667	0.0
280	613.3333333333334	0.0
290	702.3333333333334	0.0
300	597.6666666666666	0.0
310	1352.3333333333333	0.0
320	796.6666666666666	0.0
330	1164.0	0.0
340	1783.6666666666667	0.0
350	1445.8333333333333	0.0
360	1822.1666666666667	0.0
370	1878.0	0.0
380	1813.3333333333333	0.0
390	1912.8333333333333	0.0
400	1735.3333333333333	0.0
410	2022.0	0.0
420	1527.3333333333333	0.0
430	1716.1666666666667	0.0
440	1803.0	0.0
450	1672.3333333333333	0.0
460	1412.0	0.0
470	1780.3333333333333	0.0
480	1775.5	0.0
490	1746.1666666666667	0.0
500	1723.8333333333333	0.0
510	1904.8333333333333	0.0
520	1597.6666666666667	0.0
530	1488.3333333333333	0.0
540	1736.5	0.0
550	1579.3333333333333	0.0
560	1781.0	0.0
570	2053.8333333333335	0.0
580	1827.5	0.0
590	1680.0	0.0
600	1974.5	0.0
