0	251.0	0.0
10	141.33333333333334	544.0
20	844.3333333333334	232.0
30	1286.6666666666667	224.0
40	2089.6666666666665	0.0
50	2094.8333333333335	0.0
60	2250.3333333333335	0.0
70	2105.0	0.0
80	2273.3333333333335	0.0
90	2031.3333333333333	0.0
100	2381.0	0.0
110	2204.3333333333335	0.0
120	2539.3333333333335	0.0
130	2482.5	0.0
140	2369.3333333333335	0.0
150	2357.6666666666665	0.0
160	2306.5	0.0
170	2472.0	0.0
180	2530.5	0.0
190	2389.0	0.0
200	2492.6666666666665	0.0
210	2488.3333333333335	0.0
220	2683.3333333333335	0.0
230	2340.3333333333335	0.0
240	2505.3333333333335	0.0
250	2446.8333333333335	0.0
260	2643.6666666666665	0.0
270	2528.6666666666665	0.0
280	1080.6666666666667	0.0
290	2210.5	0.0
300	1846.3333333333333	0.0
310	2368.3333333333335	0.0
320	2433.5	0.0
330	1717.3333333333333	0.0
340	2282.6666666666665	0.0
350	1798.3333333333333	0.0
360	1867.0	0.0
370	2171.3333333333335	0.0
380	1744.5	0.0
390	1901.6666666666667	0.0
400	1952.1666666666667	0.0
410	2461.6666666666665	0.0
420	1803.3333333333333	0.0
430	1996.8333333333333	0.0
440	2107.6666666666665	0.0
450	1827.6666666666667	0.0
460	1847.0	0.0
470	1802.6666666666667	0.0
480	2415.8333333333335	0.0
490	1494.3333333333333	0.0
500	2666.0	0.0
510	2579.3333333333335	0.0
520	2554.3333333333335	0.0
530	2444.6666666666665	0.0
540	2656.6666666666665	0.0
550	2321.1666666666665	0.0
560	1952.6666666666667	0.0
570	2026.8333333333333	0.0
580	2647.6666666666665	0.0
590	2396.3333333333335	0.0
600	2427.5	0.0
610	1896.6666666666667	0.0
620	1982.3333333333333	0.0
630	1958.5	0.0
640	2288.6666666666665	0.0
650	2270.6666666666665	0.0
660	2481.3333333333335	0.0
670	2596.0	0.0
680	2472.1666666666665	0.0
690	1836.8333333333333	0.0
700	2480.5	0.0
710	2431.8333333333335	0.0
720	1711.8333333333333	0.0
730	1678.6666666666667	0.0
740	2216.0	0.0
750	1739.0	0.0
760	2309.0	0.0
770	1897.0	0.0
780	1950.3333333333333	0.0
790	2148.1666666666665	0.0
800	2252.5	0.0
810	2385.3333333333335	0.0
820	2229.6666666666665	0.0
830	2332.0	0.0
840	2340.0	0.0
850	2402.3333333333335	0.0
860	2555.1666666666665	0.0
870	2361.0	0.0
880	2389.5	0.0
890	2748.0	0.0
900	2056.5	0.0
910	2123.0	0.0
920	1658.8333333333333	0.0
930	1747.3333333333333	0.0
940	2108.0	0.0
950	1715.6666666666667	0.0
960	1984.6666666666667	0.0
970	2039.3333333333333	0.0
980	2278.8333333333335	0.0
990	2217.1666666666665	0.0
1000	1951.3333333333333	0.0
