0	262.6666666666667	0.0
10	443.3333333333333	635.0
20	1494.3333333333333	365.0
30	1397.6666666666667	0.0
40	1670.3333333333333	0.0
50	1792.6666666666667	0.0
60	2322.3333333333335	0.0
70	2299.0	0.0
80	1987.6666666666667	0.0
90	1799.1666666666667	0.0
100	2117.3333333333335	0.0
110	2172.3333333333335	0.0
120	2119.6666666666665	0.0
130	2397.6666666666665	0.0
140	2000.0	0.0
150	1916.0	0.0
160	2350.0	0.0
170	2511.0	0.0
180	2457.1666666666665	0.0
190	2430.8333333333335	0.0
200	2057.6666666666665	0.0
210	2255.6666666666665	0.0
220	2490.0	0.0
230	2304.6666666666665	0.0
240	2207.5	0.0
250	1569.6666666666667	0.0
260	1672.3333333333333	0.0
270	2521.0	0.0
280	1921.5	0.0
290	2009.6666666666667	0.0
300	1734.3333333333333	0.0
310	1907.1666666666667	0.0
320	2061.3333333333335	0.0
330	2013.8333333333333	0.0
340	1962.0	0.0
350	2143.1666666666665	0.0
360	2293.5	0.0
370	1717.8333333333333	0.0
380	2053.0	0.0
390	2256.6666666666665	0.0
400	1917.6666666666667	0.0
410	2236.8333333333335	0.0
420	1818.5	0.0
430	1164.6666666666667	0.0
440	1763.6666666666667	0.0
450	1652.0	0.0
460	1789.5	0.0
470	1462.1666666666667	0.0
480	1906.1666666666667	0.0
490	1808.6666666666667	0.0
500	1890.3333333333333	0.0
510	1741.3333333333333	0.0
520	1678.5	0.0
530	1276.3333333333333	0.0
540	1849.1666666666667	0.0
550	1641.8333333333333	0.0
560	2127.0	0.0
570	1771.8333333333333	0.0
580	1860.0	0.0
590	1833.0	0.0
600	1921.3333333333333	0.0
610	2472.5	0.0
620	2517.3333333333335	0.0
630	2323.0	0.0
640	2410.5	0.0
650	2556.1666666666665	0.0
660	2377.3333333333335	0.0
670	2362.0	0.0
680	2497.3333333333335	0.0
690	2400.6666666666665	0.0
700	2185.6666666666665	0.0
710	2401.3333333333335	0.0
720	2303.8333333333335	0.0
730	2182.3333333333335	0.0
740	2601.6666666666665	0.0
750	2298.3333333333335	0.0
760	2506.0	0.0
770	2409.6666666666665	0.0
780	2503.3333333333335	0.0
790	2367.1666666666665	0.0
800	2468.1666666666665	0.0
810	2483.3333333333335	0.0
820	2232.3333333333335	0.0
830	1889.6666666666667	0.0
840	2340.6666666666665	0.0
850	2317.3333333333335	0.0
860	2473.0	0.0
870	2663.6666666666665	0.0
880	2299.0	0.0
890	2476.1666666666665	0.0
900	2428.1666666666665	0.0
910	2700.0	0.0
920	2267.3333333333335	0.0
930	2186.3333333333335	0.0
940	2298.5	0.0
950	2521.0	0.0
960	2338.3333333333335	0.0
970	2235.6666666666665	0.0
980	2269.3333333333335	0.0
990	2427.3333333333335	0.0
1000	2626.5	0.0
