0	271.6666666666667	0.0
10	100.0	957.0
20	71.66666666666667	43.0
30	75.33333333333333	0.0
40	322.0	0.0
50	164.0	0.0
60	1388.5	0.0
70	1203.6666666666667	0.0
80	1298.3333333333333	0.0
90	1331.3333333333333	0.0
100	1869.5	0.0
110	2301.6666666666665	0.0
120	1912.0	0.0
130	2237.1666666666665	0.0
140	2174.6666666666665	0.0
150	2173.5	0.0
160	2309.3333333333335	0.0
170	2181.6666666666665	0.0
180	2192.3333333333335	0.0
190	2619.0	0.0
200	2428.0	0.0
210	2443.3333333333335	0.0
220	2266.6666666666665	0.0
230	2456.8333333333335	0.0
240	2244.0	0.0
250	2445.0	0.0
260	2392.0	0.0
270	2486.5	0.0
280	2438.3333333333335	0.0
290	2621.0	0.0
300	2394.1666666666665	0.0
310	1907.6666666666667	0.0
320	1810.6666666666667	0.0
330	1879.0	0.0
340	2226.0	0.0
350	1163.6666666666667	0.0
360	2487.0	0.0
370	1789.8333333333333	0.0
380	1774.5	0.0
390	1609.5	0.0
400	2178.6666666666665	0.0
410	2290.1666666666665	0.0
420	2097.1666666666665	0.0
430	1650.8333333333333	0.0
440	1436.1666666666667	0.0
450	1801.8333333333333	0.0
460	2418.1666666666665	0.0
470	2068.6666666666665	0.0
480	2172.6666666666665	0.0
490	1271.0	0.0
500	1650.6666666666667	0.0
510	1843.1666666666667	0.0
520	2156.8333333333335	0.0
530	2336.1666666666665	0.0
540	2322.6666666666665	0.0
550	2303.3333333333335	0.0
560	2462.3333333333335	0.0
570	2474.6666666666665	0.0
580	2442.0	0.0
590	2596.1666666666665	0.0
600	2373.5	0.0
610	2625.1666666666665	0.0
620	2540.5	0.0
630	2329.8333333333335	0.0
640	2506.5	0.0
650	2285.0	0.0
660	2546.8333333333335	0.0
670	2678.6666666666665	0.0
680	2522.3333333333335	0.0
690	2512.1666666666665	0.0
700	2452.0	0.0
710	2428.3333333333335	0.0
720	2522.3333333333335	0.0
730	2317.5	0.0
740	2507.3333333333335	0.0
750	2196.6666666666665	0.0
760	1515.0	0.0
770	2347.6666666666665	0.0
780	2350.3333333333335	0.0
790	2673.0	0.0
800	2298.3333333333335	0.0
810	2490.3333333333335	0.0
820	2513.0	0.0
830	1608.3333333333333	0.0
840	1770.3333333333333	0.0
850	2148.6666666666665	0.0
860	1707.0	0.0
870	1799.0	0.0
880	2029.3333333333333	0.0
890	2387.0	0.0
900	1830.6666666666667	0.0
910	1578.8333333333333	0.0
920	2397.0	0.0
930	2427.6666666666665	0.0
940	2582.5	0.0
950	2150.6666666666665	0.0
960	2024.3333333333333	0.0
970	2341.3333333333335	0.0
980	2459.5	0.0
990	2324.6666666666665	0.0
1000	2379.6666666666665	0.0
