0	232.33333333333334	0.0
10	143.33333333333334	813.0
20	1342.6666666666667	187.0
30	1283.3333333333333	0.0
40	1407.0	0.0
50	1822.3333333333333	0.0
60	1981.5	0.0
70	2084.0	0.0
80	1928.3333333333333	0.0
90	2121.3333333333335	0.0
100	2475.3333333333335	0.0
110	2355.6666666666665	0.0
120	2348.0	0.0
130	2186.6666666666665	0.0
140	2186.1666666666665	0.0
150	2302.6666666666665	0.0
160	2696.0	0.0
170	2180.0	0.0
180	2092.6666666666665	0.0
190	2396.6666666666665	0.0
200	2545.0	0.0
210	2384.0	0.0
220	2314.0	0.0
230	2578.6666666666665	0.0
240	2477.6666666666665	0.0
250	2175.0	0.0
260	2519.8333333333335	0.0
270	2655.3333333333335	0.0
280	1464.0	0.0
290	2450.0	0.0
300	2453.0	0.0
310	1760.1666666666667	0.0
320	1669.3333333333333	0.0
330	1708.8333333333333	0.0
340	2453.5	0.0
350	1918.0	0.0
360	2439.0	0.0
370	2604.5	0.0
380	2483.3333333333335	0.0
390	2558.1666666666665	0.0
400	2536.6666666666665	0.0
410	2365.0	0.0
420	2452.6666666666665	0.0
430	2666.3333333333335	0.0
440	2434.3333333333335	0.0
450	1794.5	0.0
460	2385.5	0.0
470	2125.0	0.0
480	2407.8333333333335	0.0
490	2198.3333333333335	0.0
500	2404.5	0.0
510	2668.3333333333335	0.0
520	2535.8333333333335	0.0
530	2704.3333333333335	0.0
540	2587.6666666666665	0.0
550	2414.0	0.0
560	2465.8333333333335	0.0
570	2471.0	0.0
580	2336.3333333333335	0.0
590	2457.5	0.0
600	2374.8333333333335	0.0
610	1875.3333333333333	0.0
620	2207.6666666666665	0.0
630	1754.1666666666667	0.0
640	1821.8333333333333	0.0
650	1815.3333333333333	0.0
660	2221.0	0.0
670	1725.6666666666667	0.0
680	2517.8333333333335	0.0
690	2496.3333333333335	0.0
700	2294.6666666666665	0.0
710	2389.3333333333335	0.0
720	2253.3333333333335	0.0
730	2485.1666666666665	0.0
740	2190.3333333333335	0.0
750	1765.0	0.0
760	2675.1666666666665	0.0
770	1972.3333333333333	0.0
780	2339.0	0.0
790	2390.5	0.0
800	2472.1666666666665	0.0
810	2297.3333333333335	0.0
820	2586.0	0.0
830	2336.0	0.0
840	2168.6666666666665	0.0
850	2549.0	0.0
860	1983.3333333333333	0.0
870	1969.3333333333333	0.0
880	2187.3333333333335	0.0
890	2029.0	0.0
900	1859.1666666666667	0.0
910	1851.6666666666667	0.0
920	2059.0	0.0
930	2279.6666666666665	0.0
940	1934.3333333333333	0.0
950	2090.6666666666665	0.0
960	2356.5	0.0
970	1689.3333333333333	0.0
980	2156.0	0.0
990	2521.3333333333335	0.0
1000	2252.3333333333335	0.0
