0	246.33333333333334	0.0
10	70.0	21.0
20	70.0	12.0
30	70.0	1.0
40	70.0	2.0
50	70.0	7.0
60	70.0	3.0
70	70.0	0.0
80	70.33333333333333	15.0
90	70.66666666666667	11.0
100	73.33333333333333	32.0
110	123.33333333333333	0.0
120	120.0	113.0
130	133.33333333333334	32.0
140	203.0	29.0
150	295.0	67.0
160	123.33333333333333	102.0
170	198.0	14.0
180	211.66666666666666	74.0
190	131.0	26.0
200	763.1666666666666	14.0
210	694.6666666666666	201.0
220	1267.3333333333333	61.0
230	1446.6666666666667	83.0
240	1851.3333333333333	80.0
250	1807.6666666666667	0.0
260	2073.0	0.0
270	2071.6666666666665	0.0
280	2267.1666666666665	0.0
290	2458.6666666666665	0.0
300	2249.6666666666665	0.0
310	2261.3333333333335	0.0
320	2063.0	0.0
330	2462.0	0.0
340	2318.0	0.0
350	2133.8333333333335	0.0
360	2375.3333333333335	0.0
370	2344.1666666666665	0.0
380	2548.3333333333335	0.0
390	2447.3333333333335	0.0
400	2741.5	0.0
410	2386.3333333333335	0.0
420	2218.6666666666665	0.0
430	2500.3333333333335	0.0
440	2127.0	0.0
450	2232.8333333333335	0.0
460	1996.0	0.0
470	2390.6666666666665	0.0
480	2268.3333333333335	0.0
490	2527.6666666666665	0.0
500	1953.1666666666667	0.0
510	2170.8333333333335	0.0
520	1831.1666666666667	0.0
530	1973.3333333333333	0.0
540	1806.0	0.0
550	1937.1666666666667	0.0
560	2099.6666666666665	0.0
570	1865.0	0.0
580	2191.1666666666665	0.0
590	2105.8333333333335	0.0
600	1725.8333333333333	0.0
610	1715.0	0.0
620	2429.0	0.0
630	1728.0	0.0
640	1702.0	0.0
650	1799.5	0.0
660	1677.0	0.0
670	2456.6666666666665	0.0
680	1901.8333333333333	0.0
690	2134.6666666666665	0.0
700	1825.5	0.0
710	1941.1666666666667	0.0
720	2445.3333333333335	0.0
730	2399.6666666666665	0.0
740	1805.0	0.0
750	2015.0	0.0
760	1912.0	0.0
770	1901.6666666666667	0.0
780	2232.3333333333335	0.0
790	1896.3333333333333	0.0
800	1851.3333333333333	0.0
810	2251.1666666666665	0.0
820	2030.6666666666667	0.0
830	2333.3333333333335	0.0
840	2267.6666666666665	0.0
850	2423.0	0.0
860	2605.0	0.0
870	2359.3333333333335	0.0
880	2328.8333333333335	0.0
890	2313.6666666666665	0.0
900	2524.0	0.0
910	2318.6666666666665	0.0
920	2386.3333333333335	0.0
930	2609.3333333333335	0.0
940	1888.0	0.0
950	2408.1666666666665	0.0
960	2339.1666666666665	0.0
970	2286.3333333333335	0.0
980	2549.3333333333335	0.0
990	2498.5	0.0
1000	2615.1666666666665	0.0
