0	246.33333333333334	0.0
10	70.0	4.0
20	70.0	8.0
30	70.0	4.0
40	70.0	0.0
50	70.0	2.0
60	70.0	13.0
70	70.0	5.0
80	70.66666666666667	4.0
90	78.33333333333333	5.0
100	74.33333333333333	47.0
110	74.33333333333333	73.0
120	92.0	0.0
130	392.3333333333333	0.0
140	79.33333333333333	52.0
150	72.66666666666667	117.0
160	80.33333333333333	12.0
170	345.3333333333333	16.0
180	805.0	186.0
190	1198.0	155.0
200	624.6666666666666	297.0
210	1926.0	0.0
220	2298.3333333333335	0.0
230	2548.1666666666665	0.0
240	2140.3333333333335	0.0
250	2255.3333333333335	0.0
260	2452.0	0.0
270	2290.6666666666665	0.0
280	2331.8333333333335	0.0
290	2182.6666666666665	0.0
300	2119.6666666666665	0.0
310	2258.3333333333335	0.0
320	2594.3333333333335	0.0
330	2601.3333333333335	0.0
340	2266.6666666666665	0.0
350	2578.5	0.0
360	2268.8333333333335	0.0
370	2325.0	0.0
380	2532.8333333333335	0.0
390	2435.6666666666665	0.0
400	2484.1666666666665	0.0
410	2491.3333333333335	0.0
420	2276.6666666666665	0.0
430	2612.5	0.0
440	2115.1666666666665	0.0
450	2478.1666666666665	0.0
460	2608.0	0.0
470	2750.3333333333335	0.0
480	2494.1666666666665	0.0
490	1977.5	0.0
500	1886.3333333333333	0.0
510	1715.1666666666667	0.0
520	1690.6666666666667	0.0
530	2068.3333333333335	0.0
540	2185.6666666666665	0.0
550	1787.6666666666667	0.0
560	1829.8333333333333	0.0
570	1836.8333333333333	0.0
580	2153.1666666666665	0.0
590	2209.0	0.0
600	2596.5	0.0
610	1871.5	0.0
620	2291.6666666666665	0.0
630	1913.6666666666667	0.0
640	1786.0	0.0
650	2601.0	0.0
660	2390.6666666666665	0.0
670	1658.6666666666667	0.0
680	1688.6666666666667	0.0
690	2517.5	0.0
700	2504.3333333333335	0.0
710	2233.5	0.0
720	2533.5	0.0
730	2117.6666666666665	0.0
740	2389.3333333333335	0.0
750	1685.8333333333333	0.0
760	2385.3333333333335	0.0
770	2335.0	0.0
780	2305.8333333333335	0.0
790	1720.8333333333333	0.0
800	2385.8333333333335	0.0
810	2406.3333333333335	0.0
820	2129.3333333333335	0.0
830	2160.6666666666665	0.0
840	1960.3333333333333	0.0
850	2236.8333333333335	0.0
860	2152.5	0.0
870	1893.6666666666667	0.0
880	2229.0	0.0
890	2296.6666666666665	0.0
900	2444.0	0.0
910	2154.3333333333335	0.0
920	2071.0	0.0
930	2415.6666666666665	0.0
940	2334.1666666666665	0.0
950	1953.3333333333333	0.0
960	1868.3333333333333	0.0
970	1760.1666666666667	0.0
980	1872.0	0.0
990	1792.6666666666667	0.0
1000	2248.1666666666665	0.0
