0	274.0	0.0
10	70.0	0.0
20	70.0	0.0
30	70.0	0.0
40	70.0	0.0
50	70.0	1.0
60	70.0	0.0
70	70.0	0.0
80	70.0	0.0
90	70.0	0.0
100	70.0	0.0
110	70.0	0.0
120	70.0	0.0
130	70.0	0.0
140	70.0	1.0
150	70.0	0.0
160	70.0	0.0
170	70.0	0.0
180	70.66666666666667	0.0
190	70.0	0.0
200	73.0	0.0
210	72.0	0.0
220	88.0	0.0
230	87.66666666666667	0.0
240	102.66666666666667	0.0
250	127.0	0.0
260	143.0	0.0
270	118.0	33.0
280	181.33333333333334	1.0
290	155.33333333333334	0.0
300	180.33333333333334	0.0
310	156.66666666666666	5.0
320	139.33333333333334	2.0
330	157.0	0.0
340	137.0	8.0
350	144.66666666666666	2.0
360	146.0	1.0
370	257.3333333333333	4.0
380	180.0	3.0
390	410.6666666666667	10.0
400	495.0	5.0
410	495.6666666666667	3.0
420	637.6666666666666	2.0
430	661.3333333333334	3.0
440	922.0	0.0
450	992.0	2.0
460	1154.3333333333333	11.0
470	1152.0	9.0
480	2054.1666666666665	2.0
490	2195.8333333333335	1.0
500	2309.3333333333335	12.0
510	2164.0	4.0
520	2060.3333333333335	5.0
530	2140.3333333333335	4.0
540	2110.3333333333335	6.0
550	1573.0	18.0
560	2114.8333333333335	5.0
570	1930.3333333333333	5.0
580	2033.0	21.0
590	2283.0	0.0
600	2127.3333333333335	11.0
610	2298.3333333333335	14.0
620	2161.0	17.0
630	2282.0	4.0
640	2374.0	8.0
650	2300.0	32.0
660	2340.0	12.0
670	2319.6666666666665	8.0
680	2596.3333333333335	9.0
690	2348.8333333333335	6.0
700	2357.3333333333335	6.0
710	2579.6666666666665	7.0
720	2476.6666666666665	8.0
730	2381.1666666666665	13.0
740	2391.6666666666665	17.0
750	2612.0	8.0
760	2601.8333333333335	3.0
770	2433.0	12.0
780	2501.0	16.0
790	2709.6666666666665	17.0
800	2401.5	12.0
810	2618.3333333333335	1.0
820	2470.6666666666665	7.0
830	2621.1666666666665	1.0
840	2694.8333333333335	6.0
850	2723.0	16.0
860	2471.5	7.0
870	2524.6666666666665	19.0
880	2485.0	5.0
890	2498.5	9.0
900	2539.1666666666665	14.0
910	2366.6666666666665	2.0
920	2582.0	7.0
930	2625.3333333333335	4.0
940	2503.5	2.0
950	2557.0	5.0
960	2512.0	7.0
970	2250.1666666666665	6.0
980	2114.6666666666665	5.0
990	1998.0	8.0
1000	1871.1666666666667	7.0
