0	276.3333333333333	0.0
10	70.0	0.0
20	70.0	0.0
30	70.0	0.0
40	70.0	0.0
50	70.0	0.0
60	70.0	0.0
70	70.0	0.0
80	70.0	0.0
90	70.0	0.0
100	70.0	0.0
110	70.0	0.0
120	70.0	0.0
130	70.0	0.0
140	70.0	0.0
150	70.0	0.0
160	70.0	0.0
170	70.0	0.0
180	70.33333333333333	0.0
190	70.0	0.0
200	72.66666666666667	0.0
210	71.66666666666667	1.0
220	75.0	0.0
230	70.0	19.0
240	83.33333333333333	1.0
250	129.66666666666666	0.0
260	174.66666666666666	0.0
270	104.33333333333333	16.0
280	143.33333333333334	5.0
290	161.0	3.0
300	163.33333333333334	0.0
310	155.0	0.0
320	206.0	0.0
330	251.0	0.0
340	179.0	4.0
350	315.0	0.0
360	192.66666666666666	0.0
370	286.3333333333333	0.0
380	153.66666666666666	3.0
390	180.33333333333334	0.0
400	252.66666666666666	0.0
410	252.33333333333334	7.0
420	216.33333333333334	2.0
430	265.0	0.0
440	305.0	2.0
450	403.0	2.0
460	478.6666666666667	4.0
470	686.6666666666666	13.0
480	1046.0	1.0
490	1485.5	16.0
500	1160.6666666666667	9.0
510	1735.6666666666667	10.0
520	1676.0	3.0
530	1503.5	9.0
540	1528.0	9.0
550	1359.8333333333333	21.0
560	1326.0	4.0
570	1752.3333333333333	7.0
580	1479.1666666666667	8.0
590	2148.0	7.0
600	1774.8333333333333	9.0
610	1729.8333333333333	14.0
620	1178.0	2.0
630	1693.5	0.0
640	1514.3333333333333	5.0
650	2193.0	15.0
660	2680.0	18.0
670	2570.0	12.0
680	2436.6666666666665	16.0
690	2456.6666666666665	23.0
700	2147.0	20.0
710	2060.0	12.0
720	2416.3333333333335	3.0
730	2509.5	7.0
740	2785.1666666666665	13.0
750	2352.0	4.0
760	2433.5	2.0
770	2499.1666666666665	9.0
780	2911.6666666666665	3.0
790	2723.1666666666665	13.0
800	2418.8333333333335	10.0
810	2488.3333333333335	12.0
820	2562.0	3.0
830	2604.3333333333335	4.0
840	2723.0	8.0
850	2725.6666666666665	8.0
860	2518.3333333333335	9.0
870	2701.5	3.0
880	2546.3333333333335	16.0
890	2598.6666666666665	30.0
900	2677.3333333333335	1.0
910	2823.6666666666665	4.0
920	2636.5	6.0
930	2516.0	6.0
940	2552.0	15.0
950	2084.6666666666665	9.0
960	2162.0	7.0
970	3085.8333333333335	6.0
980	2628.6666666666665	20.0
990	2607.1666666666665	2.0
1000	2848.1666666666665	12.0
