0	272.0	0.0
10	100.0	646.0
20	92.33333333333333	354.0
30	93.33333333333333	0.0
40	70.33333333333333	0.0
50	70.33333333333333	0.0
60	70.0	0.0
70	70.0	0.0
80	70.0	0.0
90	70.0	0.0
100	70.0	0.0
110	70.0	0.0
120	70.66666666666667	0.0
130	71.33333333333333	0.0
140	71.0	0.0
150	85.0	0.0
160	214.33333333333334	0.0
170	247.0	0.0
180	957.6666666666666	0.0
190	867.6666666666666	0.0
200	741.0	0.0
210	461.3333333333333	0.0
220	136.66666666666666	0.0
230	305.0	0.0
240	250.0	0.0
250	380.0	0.0
260	1445.0	0.0
270	1819.0	0.0
280	1400.0	0.0
290	1738.6666666666667	0.0
300	1568.3333333333333	0.0
310	1668.6666666666667	0.0
320	2212.0	0.0
330	1527.6666666666667	0.0
340	1997.1666666666667	0.0
350	2096.6666666666665	0.0
360	2074.0	0.0
370	2225.8333333333335	0.0
380	2608.0	0.0
390	2198.6666666666665	0.0
400	2356.0	0.0
410	2232.0	0.0
420	2347.0	0.0
430	2119.0	0.0
440	2060.1666666666665	0.0
450	2238.6666666666665	0.0
460	2157.1666666666665	0.0
470	2274.5	0.0
480	2243.3333333333335	0.0
490	2603.3333333333335	0.0
500	2549.6666666666665	0.0
510	2339.0	0.0
520	2582.1666666666665	0.0
530	2503.3333333333335	0.0
540	2527.6666666666665	0.0
550	2361.5	0.0
560	2281.0	0.0
570	2543.6666666666665	0.0
580	2707.0	0.0
590	2570.1666666666665	0.0
600	2552.6666666666665	0.0
610	2635.0	0.0
620	2583.0	0.0
630	2767.0	0.0
640	2394.0	0.0
650	2886.5	0.0
660	2695.8333333333335	0.0
670	2463.0	0.0
680	2647.3333333333335	0.0
690	2540.8333333333335	0.0
700	2805.8333333333335	0.0
710	2679.1666666666665	0.0
720	2613.6666666666665	0.0
730	2525.3333333333335	0.0
740	2745.5	0.0
750	2490.6666666666665	0.0
760	2711.8333333333335	0.0
770	2510.3333333333335	0.0
780	2406.0	0.0
790	2520.5	0.0
800	2463.0	0.0
810	2512.6666666666665	0.0
820	2610.3333333333335	0.0
830	2518.6666666666665	0.0
840	2632.6666666666665	0.0
850	2563.0	0.0
860	2342.1666666666665	0.0
870	2593.0	0.0
880	2536.0	0.0
890	1892.6666666666667	0.0
900	2678.0	0.0
910	2554.3333333333335	0.0
920	2421.3333333333335	0.0
930	2708.0	0.0
940	1780.5	0.0
950	1958.5	0.0
960	2183.3333333333335	0.0
970	1626.3333333333333	0.0
980	1939.8333333333333	0.0
990	1520.0	0.0
1000	1758.3333333333333	0.0
