0	251.0	0.0
10	142.0	411.0
20	90.33333333333333	589.0
30	91.0	0.0
40	94.0	0.0
50	78.66666666666667	0.0
60	71.0	0.0
70	70.0	0.0
80	70.0	0.0
90	70.33333333333333	0.0
100	70.66666666666667	0.0
110	70.66666666666667	0.0
120	182.33333333333334	0.0
130	164.33333333333334	0.0
140	1274.3333333333333	0.0
150	826.0	0.0
160	637.3333333333334	0.0
170	1008.0	0.0
180	1650.3333333333333	0.0
190	1268.0	0.0
200	1615.0	0.0
210	2044.6666666666667	0.0
220	1461.3333333333333	0.0
230	1876.6666666666667	0.0
240	1809.6666666666667	0.0
250	1749.0	0.0
260	2074.6666666666665	0.0
270	1675.3333333333333	0.0
280	2009.0	0.0
290	2500.3333333333335	0.0
300	2420.6666666666665	0.0
310	2094.0	0.0
320	2361.5	0.0
330	2084.0	0.0
340	2526.0	0.0
350	2605.0	0.0
360	2346.0	0.0
370	2310.0	0.0
380	2252.1666666666665	0.0
390	2726.1666666666665	0.0
400	2251.0	0.0
410	2515.3333333333335	0.0
420	2244.6666666666665	0.0
430	2636.0	0.0
440	2525.6666666666665	0.0
450	2802.5	0.0
460	2554.0	0.0
470	2765.1666666666665	0.0
480	2435.8333333333335	0.0
490	2476.6666666666665	0.0
500	2428.0	0.0
510	2323.0	0.0
520	2543.5	0.0
530	2387.0	0.0
540	2387.3333333333335	0.0
550	2414.8333333333335	0.0
560	2323.0	0.0
570	2434.6666666666665	0.0
580	2577.0	0.0
590	2429.6666666666665	0.0
600	2330.8333333333335	0.0
610	2539.1666666666665	0.0
620	2541.3333333333335	0.0
630	2634.1666666666665	0.0
640	2471.8333333333335	0.0
650	2883.0	0.0
660	2685.3333333333335	0.0
670	2700.8333333333335	0.0
680	2722.0	0.0
690	2629.1666666666665	0.0
700	2285.3333333333335	0.0
710	2472.3333333333335	0.0
720	2528.3333333333335	0.0
730	2738.0	0.0
740	2421.0	0.0
750	2412.8333333333335	0.0
760	2492.1666666666665	0.0
770	2623.5	0.0
780	2482.6666666666665	0.0
790	2525.1666666666665	0.0
800	2391.0	0.0
810	2663.5	0.0
820	2497.0	0.0
830	2474.6666666666665	0.0
840	2534.0	0.0
850	2650.6666666666665	0.0
860	2662.1666666666665	0.0
870	2585.1666666666665	0.0
880	1668.3333333333333	0.0
890	2306.6666666666665	0.0
900	1854.0	0.0
910	2041.6666666666667	0.0
920	1666.3333333333333	0.0
930	2006.3333333333333	0.0
940	1709.8333333333333	0.0
950	1881.5	0.0
960	1655.6666666666667	0.0
970	1962.3333333333333	0.0
980	2127.8333333333335	0.0
990	1962.1666666666667	0.0
1000	2016.3333333333333	0.0
