0	236.66666666666666	0.0
10	102.0	770.0
20	100.0	230.0
30	78.0	0.0
40	73.33333333333333	0.0
50	72.0	0.0
60	70.0	0.0
70	70.0	0.0
80	70.0	0.0
90	70.0	0.0
100	70.33333333333333	0.0
110	70.66666666666667	0.0
120	159.0	0.0
130	438.3333333333333	0.0
140	923.6666666666666	0.0
150	1477.3333333333333	0.0
160	1389.3333333333333	0.0
170	2004.3333333333333	0.0
180	1711.6666666666667	0.0
190	1607.0	0.0
200	1910.0	0.0
210	1929.6666666666667	0.0
220	1940.6666666666667	0.0
230	2055.6666666666665	0.0
240	2066.0	0.0
250	2053.6666666666665	0.0
260	1973.0	0.0
270	1973.6666666666667	0.0
280	2183.6666666666665	0.0
290	2045.3333333333333	0.0
300	1987.6666666666667	0.0
310	2332.3333333333335	0.0
320	2173.6666666666665	0.0
330	2337.3333333333335	0.0
340	2090.1666666666665	0.0
350	2142.3333333333335	0.0
360	2234.3333333333335	0.0
370	2236.3333333333335	0.0
380	2218.6666666666665	0.0
390	2174.6666666666665	0.0
400	2342.6666666666665	0.0
410	2246.0	0.0
420	2201.8333333333335	0.0
430	2437.0	0.0
440	2337.5	0.0
450	2442.6666666666665	0.0
460	2385.3333333333335	0.0
470	2528.5	0.0
480	2585.3333333333335	0.0
490	2519.8333333333335	0.0
500	2357.0	0.0
510	2433.1666666666665	0.0
520	2428.5	0.0
530	2443.5	0.0
540	2728.3333333333335	0.0
550	2512.3333333333335	0.0
560	2521.1666666666665	0.0
570	2613.5	0.0
580	2546.3333333333335	0.0
590	2716.0	0.0
600	2570.1666666666665	0.0
610	2701.0	0.0
620	2643.5	0.0
630	1728.0	0.0
640	2073.3333333333335	0.0
650	2808.6666666666665	0.0
660	1826.5	0.0
670	2175.6666666666665	0.0
680	2168.8333333333335	0.0
690	2256.5	0.0
700	2305.5	0.0
710	2510.1666666666665	0.0
720	2544.6666666666665	0.0
730	2520.5	0.0
740	2375.3333333333335	0.0
750	2516.0	0.0
760	2572.6666666666665	0.0
770	2617.3333333333335	0.0
780	2611.6666666666665	0.0
790	2440.0	0.0
800	2532.8333333333335	0.0
810	2606.3333333333335	0.0
820	2469.0	0.0
830	2654.8333333333335	0.0
840	1667.3333333333333	0.0
850	2334.8333333333335	0.0
860	2274.6666666666665	0.0
870	1936.1666666666667	0.0
880	1794.6666666666667	0.0
890	2138.3333333333335	0.0
900	1927.6666666666667	0.0
910	2216.0	0.0
920	2333.3333333333335	0.0
930	2106.0	0.0
940	2255.6666666666665	0.0
950	2134.6666666666665	0.0
960	1987.0	0.0
970	1841.5	0.0
980	1976.0	0.0
990	2104.0	0.0
1000	2107.1666666666665	0.0
