0	233.0	0.0
10	2141.1666666666665	1000.0
20	2156.0	0.0
30	1857.3333333333333	0.0
40	2139.3333333333335	0.0
50	2077.8333333333335	0.0
60	2140.0	0.0
70	2199.3333333333335	0.0
80	1972.3333333333333	0.0
90	2087.5	0.0
100	2203.6666666666665	0.0
110	2220.8333333333335	0.0
120	2056.3333333333335	0.0
130	2116.0	0.0
140	2287.1666666666665	0.0
150	2197.0	0.0
160	2398.8333333333335	0.0
170	2338.8333333333335	0.0
180	2261.1666666666665	0.0
190	2272.8333333333335	0.0
200	2370.6666666666665	0.0
210	2422.5	0.0
220	2162.8333333333335	0.0
230	2232.6666666666665	0.0
240	2219.5	0.0
250	2126.0	0.0
260	2491.3333333333335	0.0
270	2285.5	0.0
280	2150.3333333333335	0.0
290	2406.6666666666665	0.0
300	2474.8333333333335	0.0
310	2664.3333333333335	0.0
320	2369.1666666666665	0.0
330	2454.8333333333335	0.0
340	2270.3333333333335	0.0
350	2222.5	0.0
360	2552.3333333333335	0.0
370	2640.6666666666665	0.0
380	2384.3333333333335	0.0
390	2475.0	0.0
400	2471.8333333333335	0.0
410	2462.6666666666665	0.0
420	2283.6666666666665	0.0
430	2501.0	0.0
440	2532.0	0.0
450	2549.3333333333335	0.0
460	2806.6666666666665	0.0
470	2433.5	0.0
480	2596.3333333333335	0.0
490	2768.6666666666665	0.0
500	2634.0	0.0
