0	256.0	0.0
10	70.66666666666667	1000.0
20	70.0	0.0
30	70.0	0.0
40	70.0	0.0
50	70.0	0.0
60	70.0	0.0
70	70.0	0.0
80	70.0	0.0
90	70.0	0.0
100	70.0	0.0
110	70.0	0.0
120	70.0	0.0
130	70.0	0.0
140	70.0	0.0
150	70.0	0.0
160	71.66666666666667	0.0
170	72.66666666666667	0.0
180	71.0	0.0
190	78.66666666666667	0.0
200	71.0	0.0
210	207.66666666666666	0.0
220	454.0	0.0
230	342.0	0.0
240	174.0	0.0
250	297.3333333333333	0.0
260	128.0	0.0
270	130.0	0.0
280	131.0	0.0
290	161.33333333333334	0.0
300	130.0	0.0
310	349.3333333333333	0.0
320	526.6666666666666	0.0
330	663.3333333333334	0.0
340	681.3333333333334	0.0
350	613.0	0.0
360	717.3333333333334	0.0
370	917.6666666666666	0.0
380	1195.0	0.0
390	1702.0	0.0
400	1503.0	0.0
410	1870.5	0.0
420	1881.0	0.0
430	2178.6666666666665	0.0
440	1759.6666666666667	0.0
450	1982.3333333333333	0.0
460	1675.0	0.0
470	1822.6666666666667	0.0
480	2125.3333333333335	0.0
490	2133.0	0.0
500	2269.0	0.0
510	2190.0	0.0
520	2143.3333333333335	0.0
530	2420.8333333333335	0.0
540	2182.3333333333335	0.0
550	2389.5	0.0
560	2354.1666666666665	0.0
570	2437.5	0.0
580	2421.3333333333335	0.0
590	2298.3333333333335	0.0
600	2376.3333333333335	0.0
610	2799.3333333333335	0.0
620	2423.0	0.0
630	2434.3333333333335	0.0
640	2342.6666666666665	0.0
650	2308.3333333333335	0.0
660	2556.3333333333335	0.0
670	2394.6666666666665	0.0
680	2645.8333333333335	0.0
690	2653.0	0.0
700	2617.0	0.0
710	2564.0	0.0
720	2477.3333333333335	0.0
730	2545.1666666666665	0.0
740	2628.1666666666665	0.0
750	2485.6666666666665	0.0
760	2621.5	0.0
770	2207.6666666666665	0.0
780	2454.6666666666665	0.0
790	2582.6666666666665	0.0
800	2411.5	0.0
