0	236.66666666666666	0.0
10	70.0	0.0
20	70.0	0.0
30	70.0	0.0
40	70.0	0.0
50	70.0	0.0
60	70.0	0.0
70	70.0	0.0
80	70.0	0.0
90	70.0	0.0
100	70.0	0.0
110	70.0	0.0
120	70.0	0.0
130	70.0	0.0
140	70.0	0.0
150	70.0	0.0
160	70.0	0.0
170	70.0	0.0
180	71.33333333333333	0.0
190	71.0	0.0
200	70.66666666666667	0.0
210	73.66666666666667	0.0
220	72.66666666666667	0.0
230	73.33333333333333	0.0
240	192.66666666666666	0.0
250	210.66666666666666	0.0
260	344.3333333333333	0.0
270	203.33333333333334	0.0
280	238.0	0.0
290	140.0	0.0
300	153.66666666666666	0.0
310	147.0	0.0
320	164.33333333333334	0.0
330	172.0	0.0
340	243.0	0.0
350	167.0	0.0
360	163.33333333333334	0.0
370	232.33333333333334	0.0
380	138.33333333333334	0.0
390	179.33333333333334	0.0
400	217.66666666666666	0.0
410	226.33333333333334	0.0
420	320.3333333333333	0.0
430	480.0	0.0
440	711.0	0.0
450	912.6666666666666	0.0
460	990.0	0.0
470	1041.6666666666667	5.0
480	1065.3333333333333	0.0
490	651.6666666666666	0.0
500	1577.3333333333333	0.0
510	1667.3333333333333	0.0
520	1521.6666666666667	0.0
530	1568.8333333333333	0.0
540	2024.0	0.0
550	1910.8333333333333	0.0
560	1831.3333333333333	2.0
570	1883.5	6.0
580	2206.6666666666665	0.0
590	2335.3333333333335	0.0
600	2342.6666666666665	0.0
