0	255.66666666666666	0.0
10	70.0	0.0
20	70.0	0.0
30	70.0	0.0
40	70.0	0.0
50	70.0	0.0
60	70.0	0.0
70	70.0	0.0
80	70.66666666666667	0.0
90	72.33333333333333	0.0
100	100.33333333333333	0.0
110	93.66666666666667	0.0
120	124.0	0.0
130	122.66666666666667	0.0
140	380.3333333333333	0.0
150	157.33333333333334	0.0
160	343.6666666666667	0.0
170	430.6666666666667	0.0
180	93.66666666666667	0.0
190	156.33333333333334	0.0
200	234.33333333333334	0.0
210	282.3333333333333	0.0
220	386.6666666666667	0.0
230	495.0	0.0
240	459.0	0.0
250	471.6666666666667	0.0
260	316.3333333333333	0.0
270	368.3333333333333	0.0
280	321.0	0.0
290	384.3333333333333	0.0
300	385.0	0.0
310	366.3333333333333	0.0
320	411.0	0.0
330	398.6666666666667	0.0
340	585.3333333333334	0.0
350	429.6666666666667	0.0
360	762.3333333333334	0.0
370	675.1666666666666	0.0
380	694.3333333333334	0.0
390	1139.0	0.0
400	1454.6666666666667	0.0
410	1993.5	0.0
420	1894.3333333333333	0.0
430	1600.0	0.0
440	1729.0	0.0
450	993.3333333333334	0.0
460	1889.6666666666667	0.0
470	1258.6666666666667	0.0
480	2255.1666666666665	0.0
490	1486.0	0.0
500	1961.0	0.0
510	1897.0	0.0
520	1572.6666666666667	0.0
530	1981.6666666666667	0.0
540	1718.8333333333333	0.0
550	1786.6666666666667	0.0
560	1737.3333333333333	0.0
570	2158.3333333333335	0.0
580	1735.8333333333333	0.0
590	1450.5	0.0
600	1784.0	0.0
610	2012.0	0.0
620	2031.6666666666667	0.0
630	1932.6666666666667	0.0
640	2115.0	0.0
650	2055.5	0.0
660	2066.8333333333335	0.0
670	1845.6666666666667	0.0
680	1991.0	0.0
690	2365.3333333333335	0.0
700	2539.1666666666665	0.0
710	2501.6666666666665	0.0
720	2401.0	0.0
730	2351.6666666666665	0.0
740	2492.8333333333335	0.0
750	2405.8333333333335	0.0
760	2084.6666666666665	0.0
770	2485.6666666666665	0.0
780	2475.6666666666665	0.0
790	2557.8333333333335	0.0
800	2281.3333333333335	0.0
810	2337.1666666666665	0.0
820	2151.3333333333335	0.0
830	2332.6666666666665	0.0
840	2328.3333333333335	0.0
850	2474.6666666666665	0.0
860	2165.6666666666665	0.0
870	2421.3333333333335	0.0
880	2377.5	0.0
890	2480.3333333333335	0.0
900	2012.3333333333333	0.0
910	2095.3333333333335	0.0
920	2443.0	0.0
930	2383.3333333333335	0.0
940	1908.3333333333333	0.0
950	1705.5	0.0
960	1928.3333333333333	0.0
970	1930.6666666666667	0.0
980	2133.0	0.0
990	2042.6666666666667	0.0
1000	2220.6666666666665	0.0
