0	249.33333333333334	0.0
10	70.0	0.0
20	70.0	0.0
30	70.0	0.0
40	70.0	0.0
50	70.0	0.0
60	70.0	0.0
70	70.0	0.0
80	70.0	0.0
90	70.66666666666667	0.0
100	128.66666666666666	0.0
110	74.0	0.0
120	78.66666666666667	0.0
130	238.66666666666666	0.0
140	443.0	0.0
150	262.3333333333333	0.0
160	179.33333333333334	0.0
170	146.66666666666666	0.0
180	288.3333333333333	0.0
190	148.0	0.0
200	379.3333333333333	0.0
210	356.6666666666667	0.0
220	412.0	0.0
230	325.3333333333333	0.0
240	394.6666666666667	0.0
250	382.0	0.0
260	432.6666666666667	0.0
270	397.6666666666667	0.0
280	724.3333333333334	0.0
290	868.0	0.0
300	1141.6666666666667	0.0
310	1440.6666666666667	0.0
320	1595.6666666666667	0.0
330	1710.6666666666667	0.0
340	750.0	0.0
350	1531.3333333333333	0.0
360	1333.3333333333333	0.0
370	1966.6666666666667	0.0
380	1909.5	0.0
390	2390.3333333333335	0.0
400	2003.3333333333333	0.0
410	2367.3333333333335	0.0
420	2145.0	0.0
430	2108.3333333333335	0.0
440	2461.6666666666665	0.0
450	2166.6666666666665	0.0
460	2344.1666666666665	0.0
470	1942.0	0.0
480	1661.0	0.0
490	2406.0	0.0
500	1514.0	0.0
510	1823.0	0.0
520	1743.8333333333333	0.0
530	2131.6666666666665	0.0
540	2207.0	0.0
550	1919.5	0.0
560	1989.6666666666667	0.0
570	1293.3333333333333	0.0
580	1749.6666666666667	0.0
590	2062.0	0.0
600	1648.0	0.0
