0	269.0	0.0
10	70.0	0.0
20	70.0	0.0
30	70.0	0.0
40	70.0	0.0
50	70.0	0.0
60	70.0	0.0
70	70.0	0.0
80	70.66666666666667	0.0
90	75.33333333333333	0.0
100	86.33333333333333	0.0
110	149.0	0.0
120	336.0	0.0
130	73.0	0.0
140	380.3333333333333	0.0
150	378.0	0.0
160	329.0	0.0
170	150.66666666666666	0.0
180	142.0	0.0
190	448.6666666666667	0.0
200	188.33333333333334	0.0
210	417.6666666666667	0.0
220	772.0	0.0
230	768.0	0.0
240	1674.6666666666667	0.0
250	1915.0	0.0
260	2310.1666666666665	0.0
270	2281.5	0.0
280	2614.6666666666665	0.0
290	2404.0	0.0
300	2419.6666666666665	0.0
310	2332.0	0.0
320	2307.3333333333335	0.0
330	2248.6666666666665	0.0
340	2302.1666666666665	0.0
350	2276.5	0.0
360	2484.0	0.0
370	2773.6666666666665	0.0
380	2566.1666666666665	0.0
390	2478.1666666666665	0.0
400	2165.1666666666665	0.0
410	2480.0	0.0
420	2305.3333333333335	0.0
430	1966.1666666666667	0.0
440	1825.6666666666667	0.0
450	1541.6666666666667	0.0
460	2001.5	0.0
470	1919.6666666666667	0.0
480	2100.6666666666665	0.0
490	1850.6666666666667	0.0
500	2107.0	0.0
510	1966.6666666666667	0.0
520	2105.5	0.0
530	2190.3333333333335	0.0
540	2100.3333333333335	0.0
550	1240.3333333333333	0.0
560	2170.5	0.0
570	1892.6666666666667	0.0
580	2239.3333333333335	0.0
590	1828.8333333333333	0.0
600	2609.3333333333335	0.0
