0	273.3333333333333	0.0
10	70.0	1000.0
20	70.0	0.0
30	70.0	0.0
40	70.0	0.0
50	70.0	0.0
60	70.0	0.0
70	107.0	0.0
80	614.0	0.0
90	1015.6666666666666	0.0
100	1573.0	0.0
110	2082.6666666666665	0.0
120	1540.0	0.0
130	1856.3333333333333	0.0
140	2399.0	0.0
150	2256.5	0.0
160	2064.3333333333335	0.0
170	2534.3333333333335	0.0
180	2285.6666666666665	0.0
190	2271.6666666666665	0.0
200	2381.0	0.0
210	2551.1666666666665	0.0
220	2265.6666666666665	0.0
230	2489.6666666666665	0.0
240	2211.3333333333335	0.0
250	2290.5	0.0
260	2613.3333333333335	0.0
270	2434.3333333333335	0.0
280	2356.3333333333335	0.0
290	2541.8333333333335	0.0
300	2518.1666666666665	0.0
310	1440.5	0.0
320	2028.3333333333333	0.0
330	2057.6666666666665	0.0
340	1786.6666666666667	0.0
350	1874.3333333333333	0.0
360	2175.8333333333335	0.0
370	2318.5	0.0
380	2292.8333333333335	0.0
390	1969.6666666666667	0.0
400	1796.3333333333333	0.0
410	1780.1666666666667	0.0
420	2009.1666666666667	0.0
430	1863.6666666666667	0.0
440	1927.1666666666667	0.0
450	1848.3333333333333	0.0
460	2460.6666666666665	0.0
470	2551.8333333333335	0.0
480	1931.1666666666667	0.0
490	1968.3333333333333	0.0
500	2204.6666666666665	0.0
510	1977.3333333333333	0.0
520	1989.5	0.0
530	2439.5	0.0
540	2243.6666666666665	0.0
550	2321.6666666666665	0.0
560	2189.6666666666665	0.0
570	1782.0	0.0
580	2015.1666666666667	0.0
590	2041.3333333333333	0.0
600	1987.3333333333333	0.0
610	2509.5	0.0
620	1661.3333333333333	0.0
630	2081.0	0.0
640	2341.0	0.0
650	2497.0	0.0
660	2656.6666666666665	0.0
670	2422.6666666666665	0.0
680	2288.3333333333335	0.0
690	2414.0	0.0
700	2391.6666666666665	0.0
710	2485.1666666666665	0.0
720	2499.3333333333335	0.0
730	2314.6666666666665	0.0
740	2268.0	0.0
750	2304.0	0.0
760	2613.0	0.0
770	2369.8333333333335	0.0
780	2353.0	0.0
790	2340.8333333333335	0.0
800	2240.0	0.0
810	2328.3333333333335	0.0
820	2340.3333333333335	0.0
830	2337.6666666666665	0.0
840	2566.1666666666665	0.0
850	2595.6666666666665	0.0
860	2404.0	0.0
870	2052.6666666666665	0.0
880	2431.6666666666665	0.0
890	1896.0	0.0
900	2475.5	0.0
910	2589.3333333333335	0.0
920	2764.5	0.0
930	2243.1666666666665	0.0
940	2603.6666666666665	0.0
950	2462.3333333333335	0.0
960	2516.8333333333335	0.0
970	2559.0	0.0
980	2008.3333333333333	0.0
990	2607.8333333333335	0.0
1000	1731.6666666666667	0.0
