0	250.33333333333334	0.0
10	70.0	1000.0
20	70.0	0.0
30	70.0	0.0
40	70.0	0.0
50	79.66666666666667	0.0
60	86.0	0.0
70	147.33333333333334	0.0
80	1099.6666666666667	0.0
90	1522.3333333333333	0.0
100	1186.6666666666667	0.0
110	1480.6666666666667	0.0
120	1835.0	0.0
130	2331.6666666666665	0.0
140	2244.3333333333335	0.0
150	2375.0	0.0
160	1871.6666666666667	0.0
170	2060.6666666666665	0.0
180	2225.3333333333335	0.0
190	2501.0	0.0
200	1931.1666666666667	0.0
210	2373.8333333333335	0.0
220	2324.6666666666665	0.0
230	2420.3333333333335	0.0
240	2264.6666666666665	0.0
250	2363.5	0.0
260	2465.5	0.0
270	2253.3333333333335	0.0
280	2264.8333333333335	0.0
290	2565.1666666666665	0.0
300	2414.0	0.0
310	2364.0	0.0
320	2282.0	0.0
330	2357.3333333333335	0.0
340	2374.5	0.0
350	2593.8333333333335	0.0
360	2389.5	0.0
370	2244.6666666666665	0.0
380	1788.1666666666667	0.0
390	1637.1666666666667	0.0
400	2106.3333333333335	0.0
410	1589.6666666666667	0.0
420	1805.5	0.0
430	1744.6666666666667	0.0
440	2062.6666666666665	0.0
450	2063.6666666666665	0.0
460	2097.1666666666665	0.0
470	1954.8333333333333	0.0
480	2275.0	0.0
490	1498.8333333333333	0.0
500	1580.6666666666667	0.0
510	1678.0	0.0
520	2342.0	0.0
530	1914.3333333333333	0.0
540	1866.3333333333333	0.0
550	1981.3333333333333	0.0
560	2043.1666666666667	0.0
570	2139.0	0.0
580	2108.1666666666665	0.0
590	1898.6666666666667	0.0
600	2274.1666666666665	0.0
610	2292.5	0.0
620	2075.8333333333335	0.0
630	2198.3333333333335	0.0
640	2203.3333333333335	0.0
650	1936.3333333333333	0.0
660	2204.0	0.0
670	1644.3333333333333	0.0
680	2540.6666666666665	0.0
690	2108.1666666666665	0.0
700	1788.3333333333333	0.0
710	2279.3333333333335	0.0
720	2174.6666666666665	0.0
730	2313.3333333333335	0.0
740	2651.0	0.0
750	2665.0	0.0
760	2638.0	0.0
770	2097.6666666666665	0.0
780	2517.6666666666665	0.0
790	2621.8333333333335	0.0
800	2349.6666666666665	0.0
810	2513.3333333333335	0.0
820	2390.0	0.0
830	2135.3333333333335	0.0
840	2416.3333333333335	0.0
850	2688.6666666666665	0.0
860	2085.8333333333335	0.0
870	1941.3333333333333	0.0
880	1978.8333333333333	0.0
890	2517.1666666666665	0.0
900	2262.0	0.0
910	2302.3333333333335	0.0
920	2200.1666666666665	0.0
930	2327.6666666666665	0.0
940	2110.1666666666665	0.0
950	1933.3333333333333	0.0
960	1945.1666666666667	0.0
970	1614.5	0.0
980	1724.3333333333333	0.0
990	1994.5	0.0
1000	1951.3333333333333	0.0
