0	237.33333333333334	0.0
10	70.0	1000.0
20	70.0	0.0
30	70.0	0.0
40	70.0	0.0
50	70.0	0.0
60	75.66666666666667	0.0
70	250.33333333333334	0.0
80	187.33333333333334	0.0
90	177.33333333333334	0.0
100	395.3333333333333	0.0
110	1441.3333333333333	0.0
120	762.0	0.0
130	1871.6666666666667	0.0
140	1731.8333333333333	0.0
150	1842.6666666666667	0.0
160	2349.1666666666665	0.0
170	2322.0	0.0
180	2205.0	0.0
190	2096.3333333333335	0.0
200	2277.8333333333335	0.0
210	1989.0	0.0
220	2114.3333333333335	0.0
230	2323.0	0.0
240	2198.0	0.0
250	2209.0	0.0
260	2185.0	0.0
270	2216.6666666666665	0.0
280	2323.3333333333335	0.0
290	2518.0	0.0
300	2381.0	0.0
310	2483.8333333333335	0.0
320	2224.3333333333335	0.0
330	1876.3333333333333	0.0
340	2628.3333333333335	0.0
350	2190.0	0.0
360	1412.1666666666667	0.0
370	1615.3333333333333	0.0
380	1815.8333333333333	0.0
390	1983.3333333333333	0.0
400	2151.0	0.0
410	2212.1666666666665	0.0
420	1905.6666666666667	0.0
430	2268.0	0.0
440	1866.0	0.0
450	1735.0	0.0
460	2233.0	0.0
470	2263.3333333333335	0.0
480	1662.6666666666667	0.0
490	2294.6666666666665	0.0
500	1604.0	0.0
510	1604.3333333333333	0.0
520	1202.3333333333333	0.0
530	1934.1666666666667	0.0
540	1758.5	0.0
550	2080.1666666666665	0.0
560	2438.0	0.0
570	2211.6666666666665	0.0
580	2326.3333333333335	0.0
590	2440.0	0.0
600	2600.8333333333335	0.0
610	2568.6666666666665	0.0
620	2084.6666666666665	0.0
630	1871.6666666666667	0.0
640	2276.3333333333335	0.0
650	1988.3333333333333	0.0
660	2021.6666666666667	0.0
670	1687.0	0.0
680	2286.6666666666665	0.0
690	2504.0	0.0
700	2412.3333333333335	0.0
710	2214.0	0.0
720	2005.6666666666667	0.0
730	1971.3333333333333	0.0
740	2366.8333333333335	0.0
750	2419.6666666666665	0.0
760	2437.6666666666665	0.0
770	2352.3333333333335	0.0
780	2523.1666666666665	0.0
790	1968.0	0.0
800	2288.3333333333335	0.0
810	1755.3333333333333	0.0
820	2479.6666666666665	0.0
830	2066.1666666666665	0.0
840	2317.6666666666665	0.0
850	2315.1666666666665	0.0
860	2473.5	0.0
870	2333.0	0.0
880	2761.0	0.0
890	2570.3333333333335	0.0
900	2437.8333333333335	0.0
910	1861.6666666666667	0.0
920	2106.3333333333335	0.0
930	1952.0	0.0
940	1841.6666666666667	0.0
950	2707.8333333333335	0.0
960	1828.0	0.0
970	1960.8333333333333	0.0
980	2404.1666666666665	0.0
990	2516.0	0.0
1000	2437.3333333333335	0.0
