0	239.66666666666666	0.0
10	70.0	1000.0
20	70.0	0.0
30	70.0	0.0
40	70.0	0.0
50	73.66666666666667	0.0
60	74.66666666666667	0.0
70	577.3333333333334	0.0
80	668.0	0.0
90	315.3333333333333	0.0
100	1243.6666666666667	0.0
110	1921.3333333333333	0.0
120	1848.0	0.0
130	2181.3333333333335	0.0
140	2336.1666666666665	0.0
150	2058.0	0.0
160	1991.6666666666667	0.0
170	2243.3333333333335	0.0
180	2288.1666666666665	0.0
190	2142.6666666666665	0.0
200	2295.3333333333335	0.0
210	2151.3333333333335	0.0
220	1576.6666666666667	0.0
230	2070.1666666666665	0.0
240	2480.0	0.0
250	2223.3333333333335	0.0
260	2484.1666666666665	0.0
270	2411.6666666666665	0.0
280	2297.6666666666665	0.0
290	2178.3333333333335	0.0
300	2518.6666666666665	0.0
310	1545.6666666666667	0.0
320	2599.0	0.0
330	2354.6666666666665	0.0
340	2466.6666666666665	0.0
350	2257.6666666666665	0.0
360	2226.1666666666665	0.0
370	1736.6666666666667	0.0
380	2427.6666666666665	0.0
390	2330.6666666666665	0.0
400	1832.8333333333333	0.0
410	2723.0	0.0
420	1657.5	0.0
430	1455.8333333333333	0.0
440	1739.8333333333333	0.0
450	2095.6666666666665	0.0
460	1628.0	0.0
470	1483.0	0.0
480	1449.1666666666667	0.0
490	1516.8333333333333	0.0
500	1735.3333333333333	0.0
510	1816.6666666666667	0.0
520	2415.8333333333335	0.0
530	2316.0	0.0
540	2403.3333333333335	0.0
550	1564.3333333333333	0.0
560	1877.5	0.0
570	1843.3333333333333	0.0
580	1809.3333333333333	0.0
590	2003.3333333333333	0.0
600	1861.1666666666667	0.0
610	2319.3333333333335	0.0
620	2581.0	0.0
630	2642.3333333333335	0.0
640	2397.3333333333335	0.0
650	1748.3333333333333	0.0
660	1973.1666666666667	0.0
670	2342.3333333333335	0.0
680	1956.0	0.0
690	2518.5	0.0
700	2162.5	0.0
710	2077.6666666666665	0.0
720	2325.6666666666665	0.0
730	2348.3333333333335	0.0
740	1915.8333333333333	0.0
750	2564.5	0.0
760	2540.5	0.0
770	2195.3333333333335	0.0
780	2458.0	0.0
790	2277.6666666666665	0.0
800	2387.0	0.0
810	2397.0	0.0
820	2553.0	0.0
830	2328.6666666666665	0.0
840	2305.0	0.0
850	2348.6666666666665	0.0
860	2441.0	0.0
870	1556.6666666666667	0.0
880	1906.5	0.0
890	2154.3333333333335	0.0
900	2436.1666666666665	0.0
910	1875.1666666666667	0.0
920	2433.3333333333335	0.0
930	2031.1666666666667	0.0
940	2177.0	0.0
950	2435.6666666666665	0.0
960	2307.1666666666665	0.0
970	2331.3333333333335	0.0
980	2446.3333333333335	0.0
990	2472.3333333333335	0.0
1000	1662.6666666666667	0.0
