0	230.0	0.0
10	70.0	1000.0
20	70.0	0.0
30	70.0	0.0
40	70.33333333333333	0.0
50	84.66666666666667	0.0
60	702.3333333333334	0.0
70	1022.0	0.0
80	1998.6666666666667	0.0
90	388.3333333333333	0.0
100	1893.5	0.0
110	1921.0	0.0
120	1170.3333333333333	0.0
130	2076.8333333333335	0.0
140	2145.6666666666665	0.0
150	2171.0	0.0
160	1916.0	0.0
170	2540.0	0.0
180	2584.0	0.0
190	2687.6666666666665	0.0
200	2340.3333333333335	0.0
210	2399.0	0.0
220	2433.3333333333335	0.0
230	2347.5	0.0
240	2304.6666666666665	0.0
250	2551.6666666666665	0.0
260	2226.0	0.0
270	2323.1666666666665	0.0
280	2369.3333333333335	0.0
290	2341.3333333333335	0.0
300	2353.0	0.0
310	2509.8333333333335	0.0
320	2447.3333333333335	0.0
330	1621.3333333333333	0.0
340	2246.5	0.0
350	2531.6666666666665	0.0
360	2488.3333333333335	0.0
370	2383.0	0.0
380	2026.0	0.0
390	1660.3333333333333	0.0
400	1503.3333333333333	0.0
410	1960.8333333333333	0.0
420	1872.5	0.0
430	1868.8333333333333	0.0
440	1769.0	0.0
450	2444.8333333333335	0.0
460	2109.0	0.0
470	2251.3333333333335	0.0
480	2456.6666666666665	0.0
490	1930.5	0.0
500	2480.0	0.0
510	2577.3333333333335	0.0
520	2550.3333333333335	0.0
530	2372.6666666666665	0.0
540	2267.3333333333335	0.0
550	2360.0	0.0
560	1839.5	0.0
570	2587.1666666666665	0.0
580	2181.3333333333335	0.0
590	2257.1666666666665	0.0
600	2505.5	0.0
610	2511.3333333333335	0.0
620	2625.0	0.0
630	2511.1666666666665	0.0
640	1787.3333333333333	0.0
650	2073.0	0.0
660	2123.0	0.0
670	2190.0	0.0
680	2127.0	0.0
690	1896.6666666666667	0.0
700	2188.3333333333335	0.0
710	1996.0	0.0
720	2236.0	0.0
730	2254.3333333333335	0.0
740	2191.6666666666665	0.0
750	1858.3333333333333	0.0
760	2314.0	0.0
770	2009.8333333333333	0.0
780	1960.8333333333333	0.0
790	2182.1666666666665	0.0
800	1949.5	0.0
810	2345.0	0.0
820	2479.6666666666665	0.0
830	2655.0	0.0
840	2480.0	0.0
850	2224.3333333333335	0.0
860	2546.6666666666665	0.0
870	2246.0	0.0
880	2406.3333333333335	0.0
890	2677.0	0.0
900	2473.8333333333335	0.0
910	2554.3333333333335	0.0
920	2326.5	0.0
930	2618.8333333333335	0.0
940	2317.3333333333335	0.0
950	2555.6666666666665	0.0
960	2407.3333333333335	0.0
970	1967.0	0.0
980	1907.1666666666667	0.0
990	2022.8333333333333	0.0
1000	2018.3333333333333	0.0
