0	258.3333333333333	0.0
10	70.0	0.0
20	70.0	0.0
30	70.0	0.0
40	70.0	0.0
50	70.0	0.0
60	70.0	0.0
70	70.0	0.0
80	70.0	0.0
90	71.0	0.0
100	72.0	0.0
110	218.0	0.0
120	75.33333333333333	0.0
130	117.33333333333333	0.0
140	331.0	0.0
150	264.3333333333333	0.0
160	157.33333333333334	0.0
170	499.3333333333333	0.0
180	127.0	0.0
190	403.3333333333333	0.0
200	215.66666666666666	0.0
210	458.0	0.0
220	138.66666666666666	0.0
230	110.33333333333333	0.0
240	618.3333333333334	0.0
250	435.3333333333333	0.0
260	377.6666666666667	0.0
270	337.0	0.0
280	366.0	0.0
290	441.3333333333333	0.0
300	543.6666666666666	0.0
310	1006.8333333333334	0.0
320	928.0	0.0
330	1014.5	0.0
340	767.8333333333334	0.0
350	1280.0	0.0
360	1171.3333333333333	0.0
370	2324.1666666666665	0.0
380	1947.6666666666667	0.0
390	2186.6666666666665	0.0
400	2246.3333333333335	0.0
410	2609.8333333333335	0.0
420	1874.6666666666667	0.0
430	2362.0	0.0
440	2625.8333333333335	0.0
450	2494.0	0.0
460	2265.0	0.0
470	2605.8333333333335	0.0
480	1908.8333333333333	0.0
490	1905.0	0.0
500	1691.3333333333333	0.0
510	1957.8333333333333	0.0
520	1704.5	0.0
530	2193.8333333333335	0.0
540	1242.6666666666667	0.0
550	1210.0	0.0
560	1560.5	0.0
570	1478.0	0.0
580	2193.0	0.0
590	1946.6666666666667	0.0
600	2330.8333333333335	0.0
610	2063.5	0.0
620	1975.0	0.0
630	2409.0	0.0
640	2564.6666666666665	0.0
650	2507.1666666666665	0.0
660	2158.6666666666665	0.0
670	2571.3333333333335	0.0
680	2311.0	0.0
690	2244.3333333333335	0.0
700	2425.6666666666665	0.0
710	2555.8333333333335	0.0
720	2397.3333333333335	0.0
730	2282.0	0.0
740	2542.6666666666665	0.0
750	2474.8333333333335	0.0
760	2455.6666666666665	0.0
770	2361.0	0.0
780	2652.1666666666665	0.0
790	2314.0	0.0
800	2334.0	0.0
810	2349.0	0.0
820	2051.0	0.0
830	1952.1666666666667	0.0
840	1977.5	0.0
850	2091.5	0.0
860	2080.3333333333335	0.0
870	1963.0	0.0
880	2391.1666666666665	0.0
890	2095.3333333333335	0.0
900	1754.6666666666667	0.0
910	1814.6666666666667	0.0
920	2269.8333333333335	0.0
930	2517.3333333333335	0.0
940	2483.3333333333335	0.0
950	2401.6666666666665	0.0
960	1921.6666666666667	0.0
970	2396.0	0.0
980	2421.3333333333335	0.0
990	1982.8333333333333	0.0
1000	1792.8333333333333	0.0
