0	251.66666666666666	0.0
10	70.0	1000.0
20	70.0	0.0
30	70.0	0.0
40	70.0	0.0
50	70.0	0.0
60	70.0	0.0
70	70.0	0.0
80	70.0	0.0
90	70.0	0.0
100	70.0	0.0
110	70.0	0.0
120	70.0	0.0
130	70.0	0.0
140	70.0	0.0
150	71.66666666666667	0.0
160	70.0	0.0
170	70.0	0.0
180	71.0	0.0
190	72.33333333333333	0.0
200	99.66666666666667	0.0
210	90.0	0.0
220	171.33333333333334	0.0
230	466.0	0.0
240	367.6666666666667	0.0
250	316.3333333333333	0.0
260	214.0	0.0
270	220.66666666666666	0.0
280	152.66666666666666	0.0
290	163.66666666666666	0.0
300	265.6666666666667	0.0
310	140.0	0.0
320	247.0	0.0
330	372.6666666666667	0.0
340	575.0	0.0
350	706.0	0.0
360	806.3333333333334	0.0
370	982.6666666666666	0.0
380	1174.0	0.0
390	1415.0	0.0
400	1688.0	0.0
410	1806.6666666666667	0.0
420	1785.0	0.0
430	1945.3333333333333	0.0
440	1930.6666666666667	0.0
450	2091.0	0.0
460	2209.5	0.0
470	1963.6666666666667	0.0
480	2033.6666666666667	0.0
490	2079.0	0.0
500	1989.3333333333333	0.0
510	1932.0	0.0
520	2143.5	0.0
530	2069.0	0.0
540	2280.3333333333335	0.0
550	2409.0	0.0
560	2414.6666666666665	0.0
570	2194.6666666666665	0.0
580	2410.6666666666665	0.0
590	2418.3333333333335	0.0
600	2669.6666666666665	0.0
610	2368.0	0.0
620	2609.6666666666665	0.0
630	2649.3333333333335	0.0
640	2644.5	0.0
650	2813.8333333333335	0.0
660	2524.8333333333335	0.0
670	2483.3333333333335	0.0
680	2378.6666666666665	0.0
690	2473.1666666666665	0.0
700	2450.6666666666665	0.0
710	2394.3333333333335	0.0
720	2739.1666666666665	0.0
730	2707.3333333333335	0.0
740	2504.1666666666665	0.0
750	2504.6666666666665	0.0
760	2457.1666666666665	0.0
770	2148.0	0.0
780	2123.3333333333335	0.0
790	2545.5	0.0
800	2666.3333333333335	0.0
810	2827.0	0.0
820	2674.3333333333335	0.0
830	2594.0	0.0
840	2459.3333333333335	0.0
850	2345.1666666666665	0.0
860	2788.6666666666665	0.0
870	2591.6666666666665	0.0
880	2767.3333333333335	0.0
890	2358.0	0.0
900	2310.1666666666665	0.0
910	2151.6666666666665	0.0
920	2438.6666666666665	0.0
930	2439.0	0.0
940	2067.5	0.0
950	1563.1666666666667	0.0
960	2030.0	0.0
970	1848.1666666666667	0.0
980	1981.1666666666667	0.0
990	1956.5	0.0
1000	2043.6666666666667	0.0
