0	278.6666666666667	0.0
10	70.0	1000.0
20	70.0	0.0
30	70.0	0.0
40	70.0	0.0
50	70.0	0.0
60	70.0	0.0
70	70.0	0.0
80	70.0	0.0
90	70.0	0.0
100	70.0	0.0
110	70.0	0.0
120	70.0	0.0
130	70.0	0.0
140	70.0	0.0
150	70.66666666666667	0.0
160	70.33333333333333	0.0
170	73.0	0.0
180	72.66666666666667	0.0
190	71.33333333333333	0.0
200	70.0	0.0
210	152.33333333333334	0.0
220	467.3333333333333	0.0
230	135.0	0.0
240	314.0	0.0
250	173.33333333333334	0.0
260	139.0	0.0
270	130.0	0.0
280	145.0	0.0
290	130.0	0.0
300	130.0	0.0
310	130.0	0.0
320	200.66666666666666	0.0
330	557.0	0.0
340	613.6666666666666	0.0
350	694.3333333333334	0.0
360	668.6666666666666	0.0
370	1029.5	0.0
380	1144.6666666666667	0.0
390	1069.3333333333333	0.0
400	1390.0	0.0
410	1197.6666666666667	0.0
420	1633.0	0.0
430	1378.0	0.0
440	1658.3333333333333	0.0
450	1775.6666666666667	0.0
460	1632.0	0.0
470	2054.3333333333335	0.0
480	2203.3333333333335	0.0
490	2083.3333333333335	0.0
500	1970.0	0.0
510	1760.3333333333333	0.0
520	2333.1666666666665	0.0
530	2358.8333333333335	0.0
540	2182.0	0.0
550	2241.1666666666665	0.0
560	2418.8333333333335	0.0
570	2520.3333333333335	0.0
580	2426.6666666666665	0.0
590	2293.3333333333335	0.0
600	2623.5	0.0
610	2501.3333333333335	0.0
620	2454.0	0.0
630	2603.0	0.0
640	2225.6666666666665	0.0
650	2512.8333333333335	0.0
660	2594.3333333333335	0.0
670	2703.1666666666665	0.0
680	2526.8333333333335	0.0
690	2673.3333333333335	0.0
700	2637.3333333333335	0.0
710	2765.8333333333335	0.0
720	2631.0	0.0
730	2531.5	0.0
740	2463.0	0.0
750	2729.1666666666665	0.0
760	2827.0	0.0
770	2600.6666666666665	0.0
780	2537.3333333333335	0.0
790	2479.3333333333335	0.0
800	2716.6666666666665	0.0
810	2689.5	0.0
820	2498.5	0.0
830	2418.5	0.0
840	2452.3333333333335	0.0
850	2529.0	0.0
860	2502.8333333333335	0.0
870	2400.8333333333335	0.0
880	2649.5	0.0
890	2710.3333333333335	0.0
900	2613.3333333333335	0.0
910	2833.6666666666665	0.0
920	2655.1666666666665	0.0
930	2467.8333333333335	0.0
940	2768.0	0.0
950	2599.6666666666665	0.0
960	2219.6666666666665	0.0
970	2807.3333333333335	0.0
980	2695.0	0.0
990	2399.6666666666665	0.0
1000	2404.0	0.0
