0	271.0	0.0
10	70.0	0.0
20	70.0	1.0
30	70.0	24.0
40	70.0	71.0
50	70.0	0.0
60	70.0	25.0
70	70.0	0.0
80	70.0	19.0
90	70.0	23.0
100	70.0	188.0
110	70.0	23.0
120	70.0	90.0
130	70.0	0.0
140	70.0	2.0
150	70.0	4.0
160	70.0	0.0
170	70.0	155.0
180	71.0	27.0
190	70.0	2.0
200	72.33333333333333	1.0
210	144.66666666666666	1.0
220	118.66666666666667	254.0
230	117.66666666666667	90.0
240	110.0	0.0
250	570.6666666666666	0.0
260	303.3333333333333	0.0
270	334.6666666666667	0.0
280	145.0	0.0
290	238.0	0.0
300	162.0	0.0
310	228.33333333333334	0.0
320	305.6666666666667	0.0
330	393.0	0.0
340	186.0	0.0
350	233.66666666666666	0.0
360	351.0	0.0
370	285.3333333333333	0.0
380	341.6666666666667	0.0
390	710.0	0.0
400	686.3333333333334	0.0
410	793.3333333333334	0.0
420	878.6666666666666	0.0
430	1374.0	0.0
440	1579.1666666666667	0.0
450	1880.6666666666667	0.0
460	1760.5	0.0
470	1762.0	0.0
480	2043.0	0.0
490	2133.6666666666665	0.0
500	1617.0	0.0
510	2267.0	0.0
520	1980.6666666666667	0.0
530	2123.0	0.0
540	2070.3333333333335	0.0
550	2267.3333333333335	0.0
560	1848.3333333333333	0.0
570	2236.0	0.0
580	2152.0	0.0
590	2351.6666666666665	0.0
600	2479.3333333333335	0.0
610	2329.6666666666665	0.0
620	2354.0	0.0
630	2523.1666666666665	0.0
640	2449.5	0.0
650	2348.0	0.0
660	2453.3333333333335	0.0
670	2234.3333333333335	0.0
680	2444.6666666666665	0.0
690	2519.5	0.0
700	2435.8333333333335	0.0
710	2848.8333333333335	0.0
720	2616.6666666666665	0.0
730	2717.0	0.0
740	2341.6666666666665	0.0
750	2391.8333333333335	0.0
760	2653.8333333333335	0.0
770	2571.0	0.0
780	2649.0	0.0
790	2356.8333333333335	0.0
800	2523.5	0.0
810	2609.0	0.0
820	2534.3333333333335	0.0
830	2372.1666666666665	0.0
840	2490.3333333333335	0.0
850	2415.6666666666665	0.0
860	2551.5	0.0
870	2374.3333333333335	0.0
880	2274.5	0.0
890	2323.6666666666665	0.0
900	2423.0	0.0
910	2469.3333333333335	0.0
920	2478.5	0.0
930	2439.6666666666665	0.0
940	2277.3333333333335	0.0
950	2428.0	0.0
960	2418.3333333333335	0.0
970	2555.6666666666665	0.0
980	2433.0	0.0
990	2357.6666666666665	0.0
1000	2381.3333333333335	0.0
