0	276.3333333333333	0.0
10	70.0	1000.0
20	70.0	0.0
30	70.0	0.0
40	70.0	0.0
50	70.0	0.0
60	76.33333333333333	0.0
70	429.0	0.0
80	1193.0	0.0
90	71.0	0.0
100	472.5	0.0
110	1243.0	0.0
120	250.0	0.0
130	987.3333333333334	0.0
140	2210.8333333333335	0.0
150	1701.3333333333333	0.0
160	2061.8333333333335	0.0
170	2325.6666666666665	0.0
180	2429.3333333333335	0.0
190	2293.6666666666665	0.0
200	2485.6666666666665	0.0
210	2158.8333333333335	0.0
220	2332.3333333333335	0.0
230	2422.0	0.0
240	2436.3333333333335	0.0
250	2281.5	0.0
260	2465.0	0.0
270	2448.5	0.0
280	2426.6666666666665	0.0
290	2389.3333333333335	0.0
300	1965.1666666666667	0.0
310	1728.6666666666667	0.0
320	2428.3333333333335	0.0
330	2254.3333333333335	0.0
340	2344.0	0.0
350	2519.3333333333335	0.0
360	2389.5	0.0
370	2657.8333333333335	0.0
380	2469.5	0.0
390	2460.5	0.0
400	2379.3333333333335	0.0
410	1792.8333333333333	0.0
420	2198.3333333333335	0.0
430	1908.1666666666667	0.0
440	2129.6666666666665	0.0
450	1881.0	0.0
460	1669.1666666666667	0.0
470	1862.6666666666667	0.0
480	2089.6666666666665	0.0
490	1932.3333333333333	0.0
500	2164.0	0.0
510	1959.0	0.0
520	1863.1666666666667	0.0
530	2006.3333333333333	0.0
540	2344.5	0.0
550	1461.0	0.0
560	1494.0	0.0
570	1811.0	0.0
580	1193.0	0.0
590	1667.3333333333333	0.0
600	1994.6666666666667	0.0
