0	257.6666666666667	0.0
10	70.0	1000.0
20	70.0	0.0
30	70.0	0.0
40	72.0	0.0
50	413.3333333333333	0.0
60	126.66666666666667	0.0
70	1386.6666666666667	0.0
80	1524.0	0.0
90	144.33333333333334	0.0
100	1539.6666666666667	0.0
110	1675.3333333333333	0.0
120	2119.6666666666665	0.0
130	1935.0	0.0
140	2262.5	0.0
150	2204.1666666666665	0.0
160	2256.0	0.0
170	2222.3333333333335	0.0
180	2277.3333333333335	0.0
190	2573.1666666666665	0.0
200	2387.3333333333335	0.0
210	2276.0	0.0
220	2307.0	0.0
230	2295.3333333333335	0.0
240	2138.0	0.0
250	2385.6666666666665	0.0
260	2377.8333333333335	0.0
270	2247.1666666666665	0.0
280	2455.3333333333335	0.0
290	2334.6666666666665	0.0
300	1951.5	0.0
310	2487.6666666666665	0.0
320	1379.5	0.0
330	1326.0	0.0
340	1747.3333333333333	0.0
350	1432.6666666666667	0.0
360	2091.0	0.0
370	2000.3333333333333	0.0
380	2278.0	0.0
390	2036.8333333333333	0.0
400	2178.0	0.0
410	2041.1666666666667	0.0
420	2451.0	0.0
430	2002.0	0.0
440	2037.6666666666667	0.0
450	2163.6666666666665	0.0
460	1993.5	0.0
470	1845.0	0.0
480	1750.1666666666667	0.0
490	1486.0	0.0
500	1487.0	0.0
510	2209.3333333333335	0.0
520	1938.3333333333333	0.0
530	1792.3333333333333	0.0
540	1917.6666666666667	0.0
550	2206.6666666666665	0.0
560	2367.6666666666665	0.0
570	2037.5	0.0
580	1956.6666666666667	0.0
590	1956.6666666666667	0.0
600	2308.0	0.0
