0	242.0	0.0
10	70.0	0.0
20	70.0	0.0
30	70.0	0.0
40	70.0	0.0
50	70.0	0.0
60	70.0	0.0
70	70.0	0.0
80	70.0	0.0
90	70.0	0.0
100	70.0	0.0
110	70.0	0.0
120	70.0	0.0
130	70.0	0.0
140	70.0	0.0
150	70.0	0.0
160	70.0	0.0
170	70.0	0.0
180	70.0	0.0
190	70.0	0.0
200	70.33333333333333	0.0
210	70.33333333333333	0.0
220	71.0	0.0
230	73.66666666666667	0.0
240	111.66666666666667	0.0
250	282.3333333333333	0.0
260	174.0	0.0
270	202.66666666666666	0.0
280	154.33333333333334	0.0
290	170.33333333333334	0.0
300	138.0	0.0
310	130.0	0.0
320	130.0	0.0
330	130.0	0.0
340	130.0	0.0
350	130.0	0.0
360	130.0	0.0
370	164.0	0.0
380	207.0	0.0
390	407.3333333333333	0.0
400	591.3333333333334	0.0
410	578.0	0.0
420	583.3333333333334	0.0
430	685.0	0.0
440	763.0	0.0
450	878.3333333333334	0.0
460	1046.3333333333333	0.0
470	1107.0	0.0
480	1564.0	0.0
490	1404.0	0.0
500	1660.3333333333333	0.0
510	1758.3333333333333	0.0
520	1615.8333333333333	0.0
530	1363.0	0.0
540	1846.6666666666667	0.0
550	2012.3333333333333	0.0
560	1683.3333333333333	0.0
570	2143.3333333333335	0.0
580	2375.3333333333335	0.0
590	2114.0	0.0
600	2074.3333333333335	0.0
