0	277.0	0.0
10	70.0	0.0
20	70.0	0.0
30	70.0	0.0
40	70.0	0.0
50	70.0	0.0
60	70.0	0.0
70	70.0	0.0
80	70.0	0.0
90	70.0	0.0
100	70.0	0.0
110	70.0	0.0
120	70.0	0.0
130	70.0	0.0
140	70.0	0.0
150	70.0	0.0
160	70.0	0.0
170	70.0	0.0
180	70.33333333333333	0.0
190	70.66666666666667	0.0
200	71.0	0.0
210	75.0	0.0
220	71.33333333333333	0.0
230	80.0	0.0
240	78.66666666666667	0.0
250	114.66666666666667	0.0
260	191.66666666666666	0.0
270	324.0	0.0
280	134.0	0.0
290	156.66666666666666	0.0
300	171.33333333333334	0.0
310	273.0	0.0
320	162.33333333333334	0.0
330	187.66666666666666	0.0
340	138.66666666666666	0.0
350	138.0	0.0
360	138.0	0.0
370	162.66666666666666	0.0
380	148.0	0.0
390	180.33333333333334	0.0
400	242.66666666666666	0.0
410	188.0	0.0
420	234.33333333333334	0.0
430	242.33333333333334	0.0
440	287.0	0.0
450	270.6666666666667	0.0
460	300.3333333333333	0.0
470	422.0	0.0
480	486.6666666666667	0.0
490	624.3333333333334	0.0
500	360.3333333333333	0.0
510	471.3333333333333	0.0
520	556.0	0.0
530	665.6666666666666	0.0
540	809.5	0.0
550	1067.6666666666667	0.0
560	999.3333333333334	0.0
570	1116.3333333333333	0.0
580	931.6666666666666	0.0
590	520.3333333333334	0.0
600	1009.6666666666666	0.0
