0	268.3333333333333	0.0
10	70.0	0.0
20	70.0	0.0
30	70.0	0.0
40	70.0	0.0
50	70.0	0.0
60	70.0	0.0
70	70.0	0.0
80	70.0	0.0
90	70.0	0.0
100	70.0	0.0
110	70.0	0.0
120	70.0	0.0
130	70.0	0.0
140	70.0	0.0
150	70.0	0.0
160	70.0	0.0
170	70.0	0.0
180	70.0	0.0
190	72.0	0.0
200	70.66666666666667	0.0
210	70.66666666666667	0.0
220	72.66666666666667	0.0
230	112.33333333333333	0.0
240	305.6666666666667	0.0
250	164.66666666666666	0.0
260	203.0	0.0
270	204.33333333333334	0.0
280	130.33333333333334	0.0
290	130.66666666666666	0.0
300	130.66666666666666	0.0
310	170.66666666666666	0.0
320	138.0	0.0
330	130.33333333333334	0.0
340	131.0	0.0
350	170.33333333333334	0.0
360	138.0	0.0
370	226.0	0.0
380	138.0	0.0
390	130.0	0.0
400	300.0	0.0
410	162.33333333333334	0.0
420	253.33333333333334	0.0
430	366.0	0.0
440	327.6666666666667	0.0
450	247.33333333333334	0.0
460	270.3333333333333	0.0
470	263.3333333333333	0.0
480	349.3333333333333	0.0
490	409.3333333333333	0.0
500	386.3333333333333	0.0
510	634.0	0.0
520	725.3333333333334	0.0
530	789.0	0.0
540	686.0	0.0
550	1084.3333333333333	0.0
560	758.3333333333334	0.0
570	961.3333333333334	0.0
580	1434.1666666666667	0.0
590	1758.6666666666667	0.0
600	1495.1666666666667	0.0
