0	230.66666666666666	0.0
10	70.0	0.0
20	70.0	0.0
30	70.0	0.0
40	70.0	0.0
50	70.0	0.0
60	70.0	0.0
70	70.0	0.0
80	70.66666666666667	0.0
90	71.33333333333333	0.0
100	112.0	0.0
110	97.33333333333333	0.0
120	163.33333333333334	0.0
130	183.33333333333334	0.0
140	453.3333333333333	0.0
150	202.66666666666666	0.0
160	142.0	0.0
170	212.66666666666666	0.0
180	557.3333333333334	0.0
190	261.0	0.0
200	233.33333333333334	0.0
210	209.33333333333334	0.0
220	302.6666666666667	0.0
230	458.3333333333333	0.0
240	608.0	0.0
250	393.3333333333333	0.0
260	427.6666666666667	0.0
270	474.6666666666667	0.0
280	1115.0	0.0
290	843.0	0.0
300	1378.3333333333333	0.0
310	1297.1666666666667	0.0
320	1306.0	0.0
330	2410.5	0.0
340	1778.0	0.0
350	2354.0	0.0
360	2345.0	0.0
370	2453.0	0.0
380	2469.0	0.0
390	2311.5	0.0
400	2633.8333333333335	0.0
410	2635.6666666666665	0.0
420	2386.6666666666665	0.0
430	2239.3333333333335	0.0
440	2413.5	0.0
450	1767.3333333333333	0.0
460	1879.1666666666667	0.0
470	1855.6666666666667	0.0
480	2106.5	0.0
490	1989.6666666666667	0.0
500	1905.3333333333333	0.0
510	1772.3333333333333	0.0
520	1654.0	0.0
530	1973.0	0.0
540	1880.6666666666667	0.0
550	1858.3333333333333	0.0
560	2368.8333333333335	0.0
570	2453.6666666666665	0.0
580	2191.0	0.0
590	1564.3333333333333	0.0
600	1933.6666666666667	0.0
610	1881.5	0.0
620	2140.0	0.0
630	2312.3333333333335	0.0
640	2434.1666666666665	0.0
650	2348.8333333333335	0.0
660	2285.3333333333335	0.0
670	2546.3333333333335	0.0
680	2064.6666666666665	0.0
690	2389.6666666666665	0.0
700	2414.0	0.0
710	2509.3333333333335	0.0
720	2346.0	0.0
730	2367.0	0.0
740	1953.0	0.0
750	2511.8333333333335	0.0
760	2477.3333333333335	0.0
770	2483.3333333333335	0.0
780	1945.6666666666667	0.0
790	1801.0	0.0
800	1710.6666666666667	0.0
810	1790.6666666666667	0.0
820	2247.3333333333335	0.0
830	2068.1666666666665	0.0
840	1652.8333333333333	0.0
850	2080.1666666666665	0.0
860	1922.8333333333333	0.0
870	1451.1666666666667	0.0
880	2530.1666666666665	0.0
890	2394.6666666666665	0.0
900	1555.3333333333333	0.0
910	1645.3333333333333	0.0
920	1040.5	0.0
930	1362.6666666666667	0.0
940	1705.3333333333333	0.0
950	2218.0	0.0
960	2559.3333333333335	0.0
970	2465.1666666666665	0.0
980	2667.0	0.0
990	2443.1666666666665	0.0
1000	2430.3333333333335	0.0
