0	249.33333333333334	0.0
10	70.0	0.0
20	70.0	0.0
30	70.0	0.0
40	70.0	0.0
50	70.0	0.0
60	70.0	0.0
70	70.33333333333333	0.0
80	70.33333333333333	0.0
90	80.0	0.0
100	87.33333333333333	0.0
110	147.0	0.0
120	295.6666666666667	0.0
130	305.6666666666667	0.0
140	245.0	0.0
150	147.66666666666666	0.0
160	152.66666666666666	0.0
170	313.0	0.0
180	286.3333333333333	0.0
190	148.66666666666666	0.0
200	267.0	0.0
210	382.0	0.0
220	362.6666666666667	0.0
230	231.66666666666666	0.0
240	311.6666666666667	0.0
250	344.0	0.0
260	465.0	0.0
270	427.3333333333333	0.0
280	424.3333333333333	0.0
290	563.0	0.0
300	667.6666666666666	0.0
310	515.3333333333334	0.0
320	607.3333333333334	0.0
330	1085.5	0.0
340	896.1666666666666	0.0
350	1754.6666666666667	0.0
360	1305.8333333333333	0.0
370	1735.3333333333333	0.0
380	1861.3333333333333	0.0
390	2470.5	0.0
400	2554.5	0.0
410	1965.3333333333333	0.0
420	1822.8333333333333	0.0
430	2158.1666666666665	0.0
440	2547.3333333333335	0.0
450	2456.1666666666665	0.0
460	2679.1666666666665	0.0
470	2413.3333333333335	0.0
480	2370.5	0.0
490	2408.6666666666665	0.0
500	2049.5	0.0
510	2107.5	0.0
520	2517.6666666666665	0.0
530	2319.6666666666665	0.0
540	2587.6666666666665	0.0
550	2188.5	0.0
560	1980.8333333333333	0.0
570	2068.3333333333335	0.0
580	1769.8333333333333	0.0
590	1999.6666666666667	0.0
600	2405.3333333333335	0.0
610	1840.0	0.0
620	2096.8333333333335	0.0
630	1972.8333333333333	0.0
640	1902.5	0.0
650	2271.8333333333335	0.0
660	2157.8333333333335	0.0
670	2254.6666666666665	0.0
680	2257.1666666666665	0.0
690	1894.8333333333333	0.0
700	1604.3333333333333	0.0
710	2081.8333333333335	0.0
720	2551.3333333333335	0.0
730	1064.3333333333333	0.0
740	1623.6666666666667	0.0
750	1930.0	0.0
760	1781.3333333333333	0.0
770	2402.3333333333335	0.0
780	1537.0	0.0
790	1810.0	0.0
800	2100.0	0.0
810	1379.0	0.0
820	1899.3333333333333	0.0
830	1631.6666666666667	0.0
840	1845.6666666666667	0.0
850	1358.6666666666667	0.0
860	1623.3333333333333	0.0
870	1807.8333333333333	0.0
880	2533.3333333333335	0.0
890	2334.0	0.0
900	2335.1666666666665	0.0
910	2593.5	0.0
920	2055.0	0.0
930	2426.3333333333335	0.0
940	2217.0	0.0
950	2137.3333333333335	0.0
960	2391.0	0.0
970	2521.0	0.0
980	2476.6666666666665	0.0
990	2160.3333333333335	0.0
1000	2591.6666666666665	0.0
