0	293.3333333333333	0.0
10	70.0	0.0
20	70.0	0.0
30	70.0	0.0
40	70.0	0.0
50	70.0	0.0
60	70.0	0.0
70	70.0	0.0
80	70.0	0.0
90	70.0	0.0
100	78.33333333333333	0.0
110	181.66666666666666	0.0
120	258.6666666666667	0.0
130	161.33333333333334	0.0
140	71.66666666666667	0.0
150	94.33333333333333	0.0
160	154.33333333333334	0.0
170	195.0	0.0
180	210.0	0.0
190	339.0	0.0
200	304.6666666666667	0.0
210	369.6666666666667	0.0
220	286.6666666666667	0.0
230	309.6666666666667	0.0
240	319.0	0.0
250	243.66666666666666	0.0
260	264.3333333333333	0.0
270	284.6666666666667	0.0
280	575.6666666666666	0.0
290	478.6666666666667	0.0
300	772.6666666666666	0.0
310	1085.5	0.0
320	1324.5	0.0
330	1869.1666666666667	0.0
340	1761.0	0.0
350	1709.0	0.0
360	2353.0	0.0
370	2158.3333333333335	0.0
380	2377.8333333333335	0.0
390	2055.5	0.0
400	2540.0	0.0
410	2374.0	0.0
420	2439.6666666666665	0.0
430	2657.1666666666665	0.0
440	2512.5	0.0
450	2503.0	0.0
460	1730.1666666666667	0.0
470	1742.3333333333333	0.0
480	1601.0	0.0
490	2247.1666666666665	0.0
500	1727.6666666666667	0.0
510	2023.3333333333333	0.0
520	1547.3333333333333	0.0
530	2403.6666666666665	0.0
540	2197.6666666666665	0.0
550	2299.1666666666665	0.0
560	1763.1666666666667	0.0
570	2157.6666666666665	0.0
580	2036.6666666666667	0.0
590	1977.5	0.0
600	2300.5	0.0
610	1388.0	0.0
620	1912.5	0.0
630	1926.3333333333333	0.0
640	2337.3333333333335	0.0
650	1307.0	0.0
660	1374.5	0.0
670	2014.6666666666667	0.0
680	1516.0	0.0
690	1833.6666666666667	0.0
700	1990.8333333333333	0.0
710	2266.1666666666665	0.0
720	1548.6666666666667	0.0
730	2420.8333333333335	0.0
740	1880.8333333333333	0.0
750	2205.3333333333335	0.0
760	1891.0	0.0
770	2413.6666666666665	0.0
780	2354.1666666666665	0.0
790	2531.6666666666665	0.0
800	2254.0	0.0
810	2232.8333333333335	0.0
820	2406.0	0.0
830	2375.5	0.0
840	2223.6666666666665	0.0
850	2532.0	0.0
860	2416.5	0.0
870	2550.5	0.0
880	2515.8333333333335	0.0
890	2617.3333333333335	0.0
900	2613.0	0.0
910	2464.0	0.0
920	2264.5	0.0
930	2471.6666666666665	0.0
940	2523.0	0.0
950	2096.1666666666665	0.0
960	2524.6666666666665	0.0
970	2605.8333333333335	0.0
980	2293.0	0.0
990	2266.5	0.0
1000	2521.0	0.0
