0	249.66666666666666	0.0
10	70.0	0.0
20	70.0	0.0
30	70.0	0.0
40	70.0	0.0
50	70.0	0.0
60	70.0	0.0
70	70.33333333333333	0.0
80	71.0	0.0
90	76.33333333333333	0.0
100	74.33333333333333	0.0
110	138.66666666666666	0.0
120	118.0	0.0
130	228.66666666666666	0.0
140	120.0	0.0
150	106.66666666666667	0.0
160	234.33333333333334	0.0
170	136.0	0.0
180	336.6666666666667	0.0
190	138.33333333333334	0.0
200	163.66666666666666	0.0
210	232.33333333333334	0.0
220	226.0	0.0
230	240.0	0.0
240	355.3333333333333	0.0
250	308.6666666666667	0.0
260	315.6666666666667	0.0
270	591.3333333333334	0.0
280	505.6666666666667	0.0
290	490.3333333333333	0.0
300	527.3333333333334	0.0
310	755.6666666666666	0.0
320	752.0	0.0
330	974.0	0.0
340	1002.6666666666666	0.0
350	1203.0	0.0
360	1930.3333333333333	0.0
370	1951.5	0.0
380	2379.5	0.0
390	2285.6666666666665	0.0
400	2216.1666666666665	0.0
410	2384.3333333333335	0.0
420	2394.5	0.0
430	2407.5	0.0
440	2431.1666666666665	0.0
450	2625.6666666666665	0.0
460	2390.8333333333335	0.0
470	2139.8333333333335	0.0
480	2182.3333333333335	0.0
490	1813.6666666666667	0.0
500	2500.6666666666665	0.0
510	2061.8333333333335	0.0
520	2597.0	0.0
530	2463.6666666666665	0.0
540	2410.6666666666665	0.0
550	2120.0	0.0
560	2840.5	0.0
570	2395.6666666666665	0.0
580	2514.3333333333335	0.0
590	2566.6666666666665	0.0
600	1978.0	0.0
610	2282.3333333333335	0.0
620	2449.6666666666665	0.0
630	1867.3333333333333	0.0
640	2407.0	0.0
650	2620.0	0.0
660	1662.0	0.0
670	2421.0	0.0
680	2011.5	0.0
690	2217.1666666666665	0.0
700	2419.8333333333335	0.0
710	2092.8333333333335	0.0
720	2071.0	0.0
730	1811.6666666666667	0.0
740	2426.1666666666665	0.0
750	1926.0	0.0
760	1872.3333333333333	0.0
770	1794.8333333333333	0.0
780	2467.3333333333335	0.0
790	2444.5	0.0
800	2364.1666666666665	0.0
810	2035.6666666666667	0.0
820	2107.6666666666665	0.0
830	2341.0	0.0
840	2462.6666666666665	0.0
850	2092.6666666666665	0.0
860	1537.5	0.0
870	2033.5	0.0
880	2786.0	0.0
890	2410.3333333333335	0.0
900	2447.3333333333335	0.0
910	2439.3333333333335	0.0
920	2198.6666666666665	0.0
930	2606.1666666666665	0.0
940	2533.3333333333335	0.0
950	2579.6666666666665	0.0
960	2337.0	0.0
970	2188.5	0.0
980	2379.6666666666665	0.0
990	2452.6666666666665	0.0
1000	2538.8333333333335	0.0
