0	302.3333333333333	0.0
10	70.0	0.0
20	70.0	0.0
30	70.0	0.0
40	70.0	0.0
50	70.0	0.0
60	70.0	0.0
70	70.0	0.0
80	70.0	0.0
90	70.0	0.0
100	70.0	0.0
110	70.0	0.0
120	70.0	0.0
130	70.0	0.0
140	70.0	0.0
150	70.0	0.0
160	70.0	0.0
170	70.0	0.0
180	70.0	0.0
190	70.0	0.0
200	70.0	0.0
210	71.0	0.0
220	70.0	0.0
230	72.33333333333333	0.0
240	130.33333333333334	0.0
250	89.66666666666667	0.0
260	237.33333333333334	0.0
270	217.33333333333334	0.0
280	189.66666666666666	0.0
290	130.66666666666666	0.0
300	159.33333333333334	0.0
310	177.66666666666666	0.0
320	162.33333333333334	0.0
330	226.66666666666666	0.0
340	284.3333333333333	0.0
350	203.66666666666666	0.0
360	228.33333333333334	0.0
370	170.66666666666666	0.0
380	153.66666666666666	0.0
390	212.66666666666666	0.0
400	240.0	0.0
410	207.33333333333334	0.0
420	155.33333333333334	0.0
430	240.0	0.0
440	171.66666666666666	0.0
450	274.3333333333333	0.0
460	289.0	0.0
470	268.6666666666667	0.0
480	186.0	0.0
490	252.66666666666666	0.0
500	242.0	0.0
510	238.33333333333334	0.0
520	336.3333333333333	0.0
530	255.66666666666666	0.0
540	367.3333333333333	0.0
550	271.3333333333333	0.0
560	390.6666666666667	0.0
570	382.0	0.0
580	326.0	0.0
590	411.6666666666667	0.0
600	447.6666666666667	0.0
