0	262.0	0.0
10	70.0	0.0
20	70.0	0.0
30	70.0	0.0
40	70.0	0.0
50	70.0	0.0
60	70.0	0.0
70	70.0	0.0
80	70.0	0.0
90	70.0	0.0
100	70.0	0.0
110	70.0	0.0
120	70.0	0.0
130	70.0	0.0
140	70.0	0.0
150	70.0	0.0
160	70.0	0.0
170	70.0	0.0
180	70.0	0.0
190	70.33333333333333	0.0
200	71.0	0.0
210	72.0	0.0
220	72.66666666666667	0.0
230	74.66666666666667	0.0
240	209.66666666666666	0.0
250	129.66666666666666	0.0
260	143.66666666666666	0.0
270	334.0	0.0
280	190.33333333333334	0.0
290	162.66666666666666	0.0
300	162.0	0.0
310	130.0	0.0
320	130.0	0.0
330	139.33333333333334	0.0
340	162.33333333333334	0.0
350	226.33333333333334	0.0
360	335.6666666666667	0.0
370	242.33333333333334	0.0
380	243.33333333333334	0.0
390	216.33333333333334	0.0
400	227.33333333333334	0.0
410	241.33333333333334	0.0
420	155.33333333333334	0.0
430	289.6666666666667	0.0
440	379.6666666666667	0.0
450	305.6666666666667	0.0
460	343.0	0.0
470	252.0	0.0
480	308.6666666666667	0.0
490	381.3333333333333	0.0
500	915.8333333333334	0.0
510	917.6666666666666	0.0
520	1125.6666666666667	0.0
530	857.6666666666666	0.0
540	1121.3333333333333	0.0
550	946.6666666666666	0.0
560	1000.3333333333334	0.0
570	1860.0	0.0
580	1307.3333333333333	0.0
590	1323.5	0.0
600	1408.3333333333333	0.0
