0	278.6666666666667	0.0
10	70.0	0.0
20	70.0	0.0
30	70.0	0.0
40	70.0	0.0
50	70.0	0.0
60	70.0	0.0
70	70.0	0.0
80	70.0	0.0
90	70.0	0.0
100	70.0	0.0
110	70.0	0.0
120	70.0	0.0
130	70.0	0.0
140	70.0	0.0
150	70.0	0.0
160	70.0	0.0
170	70.0	0.0
180	70.0	0.0
190	70.33333333333333	0.0
200	71.0	0.0
210	70.33333333333333	0.0
220	73.33333333333333	0.0
230	110.33333333333333	0.0
240	115.0	0.0
250	112.0	0.0
260	117.33333333333333	0.0
270	329.3333333333333	0.0
280	173.66666666666666	0.0
290	204.66666666666666	0.0
300	130.0	0.0
310	131.0	0.0
320	138.0	0.0
330	171.66666666666666	0.0
340	138.0	0.0
350	171.66666666666666	0.0
360	130.0	0.0
370	130.0	0.0
380	147.0	0.0
390	234.0	0.0
400	207.33333333333334	0.0
410	344.6666666666667	0.0
420	255.66666666666666	0.0
430	528.3333333333334	0.0
440	900.0	0.0
450	814.0	0.0
460	1120.6666666666667	0.0
470	587.6666666666666	0.0
480	804.3333333333334	0.0
490	761.3333333333334	0.0
500	1115.0	0.0
510	1565.0	0.0
520	1289.3333333333333	0.0
530	1440.6666666666667	0.0
540	2071.6666666666665	0.0
550	2354.8333333333335	0.0
560	2197.0	0.0
570	1917.1666666666667	0.0
580	2360.3333333333335	0.0
590	1554.0	0.0
600	1585.6666666666667	0.0
