0	218.66666666666666	0.0
10	70.0	0.0
20	70.0	0.0
30	70.0	0.0
40	70.0	0.0
50	70.0	0.0
60	70.0	0.0
70	70.0	0.0
80	70.0	0.0
90	70.0	0.0
100	70.0	0.0
110	70.0	0.0
120	70.0	0.0
130	70.0	0.0
140	70.0	0.0
150	70.0	0.0
160	70.0	0.0
170	70.0	0.0
180	72.66666666666667	0.0
190	70.33333333333333	0.0
200	70.0	0.0
210	71.0	0.0
220	72.0	0.0
230	72.66666666666667	0.0
240	72.66666666666667	0.0
250	117.66666666666667	0.0
260	351.0	0.0
270	221.0	0.0
280	185.66666666666666	0.0
290	153.33333333333334	0.0
300	138.0	0.0
310	188.33333333333334	0.0
320	138.0	0.0
330	147.33333333333334	0.0
340	147.0	0.0
350	159.0	0.0
360	241.0	0.0
370	250.0	0.0
380	225.33333333333334	0.0
390	155.66666666666666	0.0
400	220.0	0.0
410	322.6666666666667	0.0
420	201.0	0.0
430	281.0	0.0
440	297.0	0.0
450	371.3333333333333	0.0
460	362.0	0.0
470	425.3333333333333	0.0
480	360.0	0.0
490	525.6666666666666	0.0
500	267.3333333333333	0.0
510	534.0	0.0
520	611.6666666666666	0.0
530	543.3333333333334	0.0
540	444.3333333333333	0.0
550	639.0	0.0
560	546.6666666666666	0.0
570	523.3333333333334	0.0
580	566.0	0.0
590	941.0	0.0
600	1038.0	0.0
