0	210.66666666666666	0.0
10	144.66666666666666	140.0
20	134.33333333333334	217.0
30	719.6666666666666	136.0
40	964.6666666666666	183.0
50	778.0	145.0
60	1621.3333333333333	66.0
70	1892.3333333333333	113.0
80	2246.5	0.0
90	1966.3333333333333	0.0
100	2217.3333333333335	0.0
110	2226.3333333333335	0.0
120	2149.6666666666665	0.0
130	2315.3333333333335	0.0
140	2243.1666666666665	0.0
150	2237.0	0.0
160	2281.5	0.0
170	2332.0	0.0
180	2542.1666666666665	0.0
190	2338.3333333333335	0.0
200	2463.6666666666665	0.0
210	2328.6666666666665	0.0
220	2459.6666666666665	0.0
230	2480.3333333333335	0.0
240	2276.6666666666665	0.0
250	2451.1666666666665	0.0
260	1253.1666666666667	0.0
270	1584.0	0.0
280	1128.3333333333333	0.0
290	1820.1666666666667	0.0
300	1779.0	0.0
310	1543.5	0.0
320	1892.0	0.0
330	2160.1666666666665	0.0
340	2077.0	0.0
350	1855.3333333333333	0.0
360	1908.0	0.0
370	2240.0	0.0
380	1823.3333333333333	0.0
390	2039.6666666666667	0.0
400	1844.5	0.0
410	2159.6666666666665	0.0
420	1926.6666666666667	0.0
430	2049.0	0.0
440	1697.0	0.0
450	2581.6666666666665	0.0
460	2623.0	0.0
470	2597.5	0.0
480	2262.0	0.0
490	1800.3333333333333	0.0
500	1751.6666666666667	0.0
510	2059.0	0.0
520	2142.3333333333335	0.0
530	2018.0	0.0
540	2416.6666666666665	0.0
550	2506.1666666666665	0.0
560	1860.1666666666667	0.0
570	1821.5	0.0
580	1708.6666666666667	0.0
590	2526.0	0.0
600	2579.3333333333335	0.0
610	2504.3333333333335	0.0
620	2476.6666666666665	0.0
630	2457.6666666666665	0.0
640	2433.6666666666665	0.0
650	2275.3333333333335	0.0
660	2401.0	0.0
670	2580.0	0.0
680	2543.8333333333335	0.0
690	2435.6666666666665	0.0
700	2347.0	0.0
710	2469.0	0.0
720	2340.0	0.0
730	2618.1666666666665	0.0
740	2416.3333333333335	0.0
750	2567.8333333333335	0.0
760	2244.6666666666665	0.0
770	2416.0	0.0
780	2182.3333333333335	0.0
790	2415.0	0.0
800	2661.6666666666665	0.0
810	2211.5	0.0
820	2240.5	0.0
830	2422.6666666666665	0.0
840	2257.6666666666665	0.0
850	2421.3333333333335	0.0
860	2541.3333333333335	0.0
870	2833.1666666666665	0.0
880	1715.6666666666667	0.0
890	1936.5	0.0
900	1937.6666666666667	0.0
910	2396.0	0.0
920	2213.8333333333335	0.0
930	2315.3333333333335	0.0
940	2334.6666666666665	0.0
950	2237.3333333333335	0.0
960	2264.3333333333335	0.0
970	2462.1666666666665	0.0
980	2369.0	0.0
990	2550.1666666666665	0.0
1000	2343.0	0.0
