0	258.6666666666667	0.0
10	71.33333333333333	186.0
20	395.3333333333333	366.0
30	100.66666666666667	208.0
40	1434.0	200.0
50	1323.6666666666667	40.0
60	1625.6666666666667	0.0
70	1970.6666666666667	0.0
80	1525.0	0.0
90	2072.0	0.0
100	2241.6666666666665	0.0
110	2375.6666666666665	0.0
120	2324.8333333333335	0.0
130	2314.6666666666665	0.0
140	2254.3333333333335	0.0
150	2205.6666666666665	0.0
160	2257.1666666666665	0.0
170	2148.8333333333335	0.0
180	2312.3333333333335	0.0
190	2426.6666666666665	0.0
200	2104.0	0.0
210	2285.6666666666665	0.0
220	2408.6666666666665	0.0
230	2277.8333333333335	0.0
240	2419.0	0.0
250	2347.6666666666665	0.0
260	2599.0	0.0
270	2267.0	0.0
280	2505.0	0.0
290	2599.3333333333335	0.0
300	2405.0	0.0
310	1381.5	0.0
320	1111.8333333333333	0.0
330	1644.6666666666667	0.0
340	1698.0	0.0
350	1800.3333333333333	0.0
360	2056.0	0.0
370	1965.1666666666667	0.0
380	2297.5	0.0
390	2245.5	0.0
400	1856.0	0.0
410	1901.0	0.0
420	2355.0	0.0
430	2069.6666666666665	0.0
440	1951.8333333333333	0.0
450	1555.0	0.0
460	2043.8333333333333	0.0
470	1837.5	0.0
480	2418.3333333333335	0.0
490	2340.0	0.0
500	2492.0	0.0
510	2468.0	0.0
520	2613.5	0.0
530	2368.3333333333335	0.0
540	1828.6666666666667	0.0
550	2278.5	0.0
560	2484.1666666666665	0.0
570	2283.0	0.0
580	1949.3333333333333	0.0
590	2137.3333333333335	0.0
600	1821.0	0.0
610	2430.6666666666665	0.0
620	2377.6666666666665	0.0
630	2660.0	0.0
640	2348.6666666666665	0.0
650	2267.0	0.0
660	2489.0	0.0
670	2616.1666666666665	0.0
680	2368.6666666666665	0.0
690	2597.3333333333335	0.0
700	2341.6666666666665	0.0
710	1811.8333333333333	0.0
720	2148.3333333333335	0.0
730	2523.6666666666665	0.0
740	2042.1666666666667	0.0
750	2515.8333333333335	0.0
760	2553.8333333333335	0.0
770	2519.8333333333335	0.0
780	2567.5	0.0
790	2430.3333333333335	0.0
800	2681.3333333333335	0.0
810	2471.8333333333335	0.0
820	2371.3333333333335	0.0
830	2417.3333333333335	0.0
840	2462.6666666666665	0.0
850	2383.6666666666665	0.0
860	2421.3333333333335	0.0
870	2659.1666666666665	0.0
880	2345.3333333333335	0.0
890	2503.5	0.0
900	2465.3333333333335	0.0
910	2433.0	0.0
920	2401.6666666666665	0.0
930	2448.6666666666665	0.0
940	2167.0	0.0
950	2262.6666666666665	0.0
960	2473.3333333333335	0.0
970	2386.6666666666665	0.0
980	2476.0	0.0
990	2131.3333333333335	0.0
1000	2664.6666666666665	0.0
