0	249.33333333333334	0.0
10	145.0	281.0
20	137.66666666666666	185.0
30	181.33333333333334	268.0
40	612.6666666666666	266.0
50	1196.3333333333333	0.0
60	1910.6666666666667	0.0
70	1805.6666666666667	0.0
80	1867.6666666666667	0.0
90	2365.0	0.0
100	2261.3333333333335	0.0
110	2545.3333333333335	0.0
120	2381.3333333333335	0.0
130	2341.0	0.0
140	2402.5	0.0
150	2320.6666666666665	0.0
160	2285.3333333333335	0.0
170	2357.1666666666665	0.0
180	2324.6666666666665	0.0
190	2512.0	0.0
200	2328.6666666666665	0.0
210	1519.6666666666667	0.0
220	2103.6666666666665	0.0
230	1645.6666666666667	0.0
240	2274.6666666666665	0.0
250	2039.8333333333333	0.0
260	1252.0	0.0
270	1543.6666666666667	0.0
280	2115.5	0.0
290	1717.0	0.0
300	1765.1666666666667	0.0
310	2332.0	0.0
320	1666.6666666666667	0.0
330	2016.0	0.0
340	2308.8333333333335	0.0
350	1561.6666666666667	0.0
360	1166.0	0.0
370	1469.3333333333333	0.0
380	1506.6666666666667	0.0
390	1045.3333333333333	0.0
400	1309.1666666666667	0.0
410	1826.3333333333333	0.0
420	1595.8333333333333	0.0
430	1727.3333333333333	0.0
440	1319.6666666666667	0.0
450	2043.1666666666667	0.0
460	1424.1666666666667	0.0
470	1721.0	0.0
480	1549.3333333333333	0.0
490	1777.8333333333333	0.0
500	1407.0	0.0
510	1689.0	0.0
520	1556.3333333333333	0.0
530	1734.3333333333333	0.0
540	1635.1666666666667	0.0
550	1587.3333333333333	0.0
560	1566.3333333333333	0.0
570	2132.1666666666665	0.0
580	1812.5	0.0
590	1750.0	0.0
600	1850.8333333333333	0.0
610	1842.3333333333333	0.0
620	2018.6666666666667	0.0
630	1862.1666666666667	0.0
640	1693.5	0.0
650	1836.6666666666667	0.0
660	2198.6666666666665	0.0
670	2349.6666666666665	0.0
680	2433.6666666666665	0.0
690	2444.3333333333335	0.0
700	2391.0	0.0
710	2353.3333333333335	0.0
720	2348.6666666666665	0.0
730	2661.8333333333335	0.0
740	2241.1666666666665	0.0
750	2475.6666666666665	0.0
760	2498.0	0.0
770	2347.6666666666665	0.0
780	2443.8333333333335	0.0
790	2450.1666666666665	0.0
800	2604.0	0.0
810	2471.0	0.0
820	2342.3333333333335	0.0
830	2225.5	0.0
840	2298.0	0.0
850	2300.6666666666665	0.0
860	2404.5	0.0
870	2685.8333333333335	0.0
880	2429.0	0.0
890	2332.3333333333335	0.0
900	1586.6666666666667	0.0
910	2022.6666666666667	0.0
920	2347.8333333333335	0.0
930	2012.3333333333333	0.0
940	1945.0	0.0
950	2110.3333333333335	0.0
960	1837.1666666666667	0.0
970	1980.1666666666667	0.0
980	1793.6666666666667	0.0
990	2018.0	0.0
1000	2094.5	0.0
