0	258.0	0.0
10	94.33333333333333	221.0
20	140.33333333333334	346.0
30	106.0	303.0
40	632.0	93.0
50	1668.6666666666667	37.0
60	2105.3333333333335	0.0
70	1939.3333333333333	0.0
80	2124.6666666666665	0.0
90	2304.0	0.0
100	2117.0	0.0
110	2156.3333333333335	0.0
120	2490.1666666666665	0.0
130	2083.6666666666665	0.0
140	2376.6666666666665	0.0
150	2182.3333333333335	0.0
160	2202.8333333333335	0.0
170	2382.3333333333335	0.0
180	2482.3333333333335	0.0
190	2285.0	0.0
200	2494.3333333333335	0.0
210	2499.3333333333335	0.0
220	2377.3333333333335	0.0
230	1662.0	0.0
240	1624.0	0.0
250	1419.6666666666667	0.0
260	1351.3333333333333	0.0
270	1687.0	0.0
280	1744.0	0.0
290	1473.3333333333333	0.0
300	1785.8333333333333	0.0
310	1733.3333333333333	0.0
320	1519.6666666666667	0.0
330	2117.1666666666665	0.0
340	1967.6666666666667	0.0
350	1997.6666666666667	0.0
360	2187.0	0.0
370	2120.6666666666665	0.0
380	1933.8333333333333	0.0
390	2234.1666666666665	0.0
400	1415.1666666666667	0.0
410	1679.0	0.0
420	1197.6666666666667	0.0
430	1913.6666666666667	0.0
440	2008.3333333333333	0.0
450	1314.8333333333333	0.0
460	1605.6666666666667	0.0
470	1937.0	0.0
480	2053.0	0.0
490	1919.3333333333333	0.0
500	1461.0	0.0
510	1510.1666666666667	0.0
520	2009.1666666666667	0.0
530	1454.0	0.0
540	2241.1666666666665	0.0
550	1999.3333333333333	0.0
560	2149.3333333333335	0.0
570	2347.0	0.0
580	2324.6666666666665	0.0
590	2238.1666666666665	0.0
600	2398.1666666666665	0.0
610	2377.1666666666665	0.0
620	2488.0	0.0
630	2348.8333333333335	0.0
640	2195.6666666666665	0.0
650	2391.1666666666665	0.0
660	2417.6666666666665	0.0
670	2234.6666666666665	0.0
680	2290.8333333333335	0.0
690	2396.0	0.0
700	2642.6666666666665	0.0
710	2609.3333333333335	0.0
720	2285.3333333333335	0.0
730	2671.3333333333335	0.0
740	2536.1666666666665	0.0
750	2503.6666666666665	0.0
760	2554.0	0.0
770	2552.1666666666665	0.0
780	2466.3333333333335	0.0
790	2516.6666666666665	0.0
800	2405.0	0.0
810	2497.6666666666665	0.0
820	1805.6666666666667	0.0
830	1993.3333333333333	0.0
840	1769.6666666666667	0.0
850	2502.6666666666665	0.0
860	1640.5	0.0
870	1819.0	0.0
880	1610.6666666666667	0.0
890	1523.0	0.0
900	2255.6666666666665	0.0
910	2076.1666666666665	0.0
920	2035.6666666666667	0.0
930	2194.5	0.0
940	2517.6666666666665	0.0
950	2291.0	0.0
960	2049.3333333333335	0.0
970	1868.1666666666667	0.0
980	2290.3333333333335	0.0
990	2084.3333333333335	0.0
1000	1829.8333333333333	0.0
