0	236.66666666666666	0.0
10	70.0	0.0
20	70.0	0.0
30	70.0	0.0
40	70.0	0.0
50	70.0	0.0
60	70.0	0.0
70	70.0	0.0
80	70.0	0.0
90	70.0	0.0
100	70.0	0.0
110	70.0	0.0
120	70.0	0.0
130	70.0	0.0
140	70.0	0.0
150	70.0	0.0
160	70.0	0.0
170	70.0	0.0
180	70.0	0.0
190	70.0	0.0
200	70.33333333333333	0.0
210	70.66666666666667	0.0
220	71.66666666666667	0.0
230	72.0	0.0
240	73.0	0.0
250	97.0	0.0
260	184.66666666666666	0.0
270	241.0	0.0
280	280.3333333333333	0.0
290	170.0	0.0
300	148.0	0.0
310	176.66666666666666	0.0
320	163.33333333333334	0.0
330	138.0	0.0
340	163.33333333333334	0.0
350	283.0	0.0
360	241.0	0.0
370	179.33333333333334	0.0
380	220.33333333333334	0.0
390	600.6666666666666	0.0
400	485.0	0.0
410	497.3333333333333	0.0
420	795.6666666666666	0.0
430	1092.0	0.0
440	1461.3333333333333	0.0
450	1866.0	0.0
460	2231.0	0.0
470	1985.3333333333333	0.0
480	1961.3333333333333	0.0
490	2197.0	0.0
500	2195.3333333333335	0.0
510	1633.6666666666667	0.0
520	2044.8333333333333	4.0
530	2231.3333333333335	0.0
540	2220.6666666666665	0.0
550	2320.6666666666665	0.0
560	2396.6666666666665	0.0
570	1858.6666666666667	0.0
580	1990.6666666666667	0.0
590	2319.6666666666665	0.0
600	2354.3333333333335	0.0
610	2213.6666666666665	0.0
620	2588.5	0.0
630	2376.0	0.0
640	2596.8333333333335	0.0
650	2452.6666666666665	0.0
660	2081.3333333333335	0.0
670	2440.6666666666665	0.0
680	2483.0	0.0
690	2554.6666666666665	0.0
700	2439.8333333333335	0.0
710	2497.3333333333335	0.0
720	2614.8333333333335	4.0
730	2405.0	0.0
740	2524.3333333333335	0.0
750	2444.5	0.0
760	2562.8333333333335	0.0
770	2519.3333333333335	0.0
780	2534.5	0.0
790	2569.6666666666665	0.0
800	2548.8333333333335	0.0
