0	298.6666666666667	0.0
10	70.0	0.0
20	70.0	0.0
30	70.0	0.0
40	70.0	0.0
50	70.0	0.0
60	70.0	0.0
70	70.0	0.0
80	70.0	0.0
90	70.0	0.0
100	70.0	0.0
110	70.0	0.0
120	70.0	0.0
130	70.0	0.0
140	70.0	0.0
150	70.0	0.0
160	70.0	0.0
170	70.0	0.0
180	70.33333333333333	0.0
190	70.0	0.0
200	71.0	0.0
210	75.33333333333333	0.0
220	70.33333333333333	0.0
230	78.33333333333333	0.0
240	106.0	0.0
250	227.33333333333334	0.0
260	233.66666666666666	0.0
270	189.33333333333334	0.0
280	146.0	0.0
290	146.0	0.0
300	146.66666666666666	0.0
310	130.0	0.0
320	138.0	0.0
330	130.0	0.0
340	146.0	0.0
350	164.66666666666666	0.0
360	138.0	0.0
370	157.66666666666666	0.0
380	183.0	0.0
390	406.0	0.0
400	703.0	0.0
410	740.0	0.0
420	582.0	0.0
430	721.0	0.0
440	1222.6666666666667	0.0
450	1035.0	0.0
460	1317.3333333333333	0.0
470	1017.6666666666666	0.0
480	1243.6666666666667	0.0
490	1298.0	0.0
500	1942.3333333333333	0.0
510	1764.0	0.0
520	2168.6666666666665	0.0
530	2110.6666666666665	0.0
540	1965.6666666666667	0.0
550	2249.5	0.0
560	2001.6666666666667	0.0
570	2106.1666666666665	0.0
580	2262.0	2.0
590	1899.0	0.0
600	2188.3333333333335	0.0
610	2203.3333333333335	0.0
620	2541.1666666666665	0.0
630	2415.3333333333335	0.0
640	2170.0	0.0
650	2256.5	0.0
660	2259.3333333333335	0.0
670	2253.0	0.0
680	2385.0	0.0
690	2335.6666666666665	0.0
700	2581.8333333333335	0.0
710	2421.8333333333335	0.0
720	2421.1666666666665	0.0
730	2603.6666666666665	0.0
740	2320.5	10.0
750	2381.3333333333335	0.0
760	2432.6666666666665	0.0
770	2427.1666666666665	0.0
780	2234.5	0.0
790	2618.1666666666665	0.0
800	2339.5	0.0
