0	237.66666666666666	0.0
10	70.0	0.0
20	70.0	0.0
30	70.0	0.0
40	70.0	0.0
50	70.0	0.0
60	70.0	0.0
70	70.0	0.0
80	70.66666666666667	0.0
90	75.66666666666667	0.0
100	79.66666666666667	0.0
110	377.0	0.0
120	287.6666666666667	0.0
130	210.33333333333334	0.0
140	207.0	0.0
150	129.33333333333334	0.0
160	114.66666666666667	0.0
170	194.0	0.0
180	419.6666666666667	0.0
190	187.66666666666666	0.0
200	360.0	0.0
210	470.3333333333333	0.0
220	277.6666666666667	15.0
230	280.6666666666667	0.0
240	404.6666666666667	0.0
250	413.3333333333333	0.0
260	247.0	0.0
270	294.3333333333333	0.0
280	285.0	0.0
290	324.6666666666667	0.0
300	534.0	0.0
310	552.0	0.0
320	675.3333333333334	1.0
330	741.3333333333334	0.0
340	1056.0	10.0
350	1460.6666666666667	23.0
360	2211.8333333333335	8.0
370	1859.0	17.0
380	2398.8333333333335	26.0
390	1982.6666666666667	31.0
400	2042.0	67.0
410	2544.3333333333335	41.0
420	2439.6666666666665	25.0
430	2644.6666666666665	29.0
440	2325.5	31.0
450	2701.6666666666665	67.0
460	2566.6666666666665	7.0
470	2684.0	4.0
480	2359.5	25.0
490	2570.3333333333335	5.0
500	2162.6666666666665	8.0
510	1837.3333333333333	34.0
520	1761.3333333333333	34.0
530	1623.6666666666667	46.0
540	1593.6666666666667	0.0
550	2199.8333333333335	8.0
560	1847.6666666666667	25.0
570	2189.3333333333335	42.0
580	2139.6666666666665	14.0
590	1630.5	42.0
600	2522.6666666666665	36.0
610	2133.5	12.0
620	2144.1666666666665	35.0
630	2285.0	81.0
640	1873.5	22.0
650	1794.1666666666667	29.0
660	1922.3333333333333	8.0
670	1586.6666666666667	72.0
680	1928.6666666666667	20.0
690	2067.6666666666665	0.0
700	1908.6666666666667	0.0
710	1902.0	0.0
720	1788.5	0.0
730	2094.6666666666665	0.0
740	2603.8333333333335	0.0
750	2384.0	0.0
760	2484.0	0.0
770	2221.6666666666665	0.0
780	2525.0	0.0
790	2303.6666666666665	0.0
800	2577.1666666666665	0.0
810	2624.6666666666665	0.0
820	2175.1666666666665	0.0
830	2504.1666666666665	0.0
840	2474.5	0.0
850	2292.5	0.0
860	2552.0	0.0
870	2587.8333333333335	0.0
880	2602.6666666666665	0.0
890	2366.0	0.0
900	2500.0	0.0
910	2430.0	0.0
920	1813.1666666666667	0.0
930	2192.0	0.0
940	1750.8333333333333	0.0
950	2256.0	0.0
960	1645.6666666666667	0.0
970	1561.8333333333333	0.0
980	2353.6666666666665	0.0
990	2264.1666666666665	0.0
1000	2541.0	0.0
