0	276.3333333333333	0.0
10	70.0	1000.0
20	70.0	0.0
30	70.0	0.0
40	70.0	0.0
50	70.0	0.0
60	70.0	0.0
70	70.0	0.0
80	70.0	0.0
90	70.0	0.0
100	70.0	0.0
110	70.0	0.0
120	70.0	0.0
130	70.0	0.0
140	70.0	0.0
150	70.0	0.0
160	70.0	0.0
170	70.0	0.0
180	70.0	0.0
190	72.0	0.0
200	70.33333333333333	0.0
210	72.0	0.0
220	78.66666666666667	0.0
230	72.33333333333333	0.0
240	86.33333333333333	0.0
250	131.33333333333334	0.0
260	216.66666666666666	0.0
270	195.0	0.0
280	153.0	0.0
290	179.0	0.0
300	138.0	0.0
310	146.0	0.0
320	146.0	0.0
330	130.0	0.0
340	144.33333333333334	0.0
350	146.0	0.0
360	155.66666666666666	0.0
370	212.0	0.0
380	225.33333333333334	0.0
390	210.33333333333334	0.0
400	245.33333333333334	0.0
410	377.3333333333333	0.0
420	205.0	0.0
430	290.6666666666667	0.0
440	359.6666666666667	0.0
450	434.0	0.0
460	365.3333333333333	0.0
470	441.3333333333333	0.0
480	770.3333333333334	0.0
490	713.3333333333334	0.0
500	842.6666666666666	0.0
510	1317.8333333333333	0.0
520	973.6666666666666	0.0
530	1204.6666666666667	0.0
540	1372.3333333333333	0.0
550	1302.3333333333333	0.0
560	1488.5	0.0
570	1536.6666666666667	0.0
580	2139.3333333333335	0.0
590	2188.0	0.0
600	1786.0	0.0
610	1920.6666666666667	0.0
620	2036.0	0.0
630	2034.3333333333333	0.0
640	2386.3333333333335	0.0
650	1868.5	0.0
660	2480.1666666666665	0.0
670	1842.8333333333333	0.0
680	2208.6666666666665	0.0
690	2187.3333333333335	0.0
700	2340.5	0.0
710	2072.3333333333335	0.0
720	2102.0	0.0
730	2230.0	0.0
740	2477.1666666666665	0.0
750	2291.6666666666665	0.0
760	2591.8333333333335	0.0
770	2596.0	0.0
780	2338.5	0.0
790	2562.8333333333335	0.0
800	2535.0	0.0
810	2317.0	0.0
820	2443.0	0.0
830	2505.3333333333335	0.0
840	2538.0	0.0
850	2389.8333333333335	0.0
860	2254.3333333333335	0.0
870	2550.6666666666665	0.0
880	2792.3333333333335	0.0
890	2473.1666666666665	0.0
900	2559.3333333333335	0.0
910	2684.6666666666665	0.0
920	2585.0	0.0
930	2873.0	0.0
940	2833.3333333333335	0.0
950	2696.8333333333335	0.0
960	2684.0	0.0
970	2764.3333333333335	0.0
980	2368.3333333333335	0.0
990	2387.0	0.0
1000	2464.6666666666665	0.0
