0	248.66666666666666	0.0
10	70.0	1000.0
20	70.0	0.0
30	70.0	0.0
40	70.0	0.0
50	70.0	0.0
60	70.0	0.0
70	70.0	0.0
80	70.0	0.0
90	70.0	0.0
100	70.0	0.0
110	70.0	0.0
120	70.0	0.0
130	70.0	0.0
140	70.0	0.0
150	70.0	0.0
160	70.0	0.0
170	70.0	0.0
180	70.33333333333333	0.0
190	72.0	0.0
200	73.0	0.0
210	71.66666666666667	0.0
220	72.33333333333333	0.0
230	87.0	0.0
240	136.66666666666666	0.0
250	91.66666666666667	0.0
260	122.66666666666667	0.0
270	197.66666666666666	0.0
280	235.0	0.0
290	138.0	0.0
300	156.0	0.0
310	152.0	0.0
320	146.66666666666666	0.0
330	163.0	0.0
340	170.33333333333334	0.0
350	130.0	0.0
360	154.33333333333334	0.0
370	146.0	0.0
380	140.0	0.0
390	162.66666666666666	0.0
400	166.33333333333334	0.0
410	197.33333333333334	0.0
420	487.0	0.0
430	596.6666666666666	0.0
440	679.0	0.0
450	677.3333333333334	0.0
460	790.0	0.0
470	1072.0	0.0
480	1137.0	0.0
490	1573.6666666666667	0.0
500	2174.8333333333335	0.0
510	1823.6666666666667	0.0
520	1789.3333333333333	0.0
530	1942.0	0.0
540	1706.3333333333333	0.0
550	2242.3333333333335	0.0
560	1365.3333333333333	0.0
570	2140.3333333333335	0.0
580	2379.0	0.0
590	2285.0	0.0
600	2164.0	0.0
610	1756.3333333333333	0.0
620	2279.3333333333335	0.0
630	2393.0	0.0
640	2412.0	0.0
650	2472.3333333333335	0.0
660	2482.6666666666665	0.0
670	2553.3333333333335	0.0
680	2446.6666666666665	0.0
690	2471.3333333333335	0.0
700	2476.3333333333335	0.0
710	2543.6666666666665	0.0
720	2226.0	0.0
730	2485.3333333333335	0.0
740	2514.0	0.0
750	2530.0	0.0
760	2537.1666666666665	0.0
770	2622.6666666666665	0.0
780	2943.8333333333335	0.0
790	2634.0	0.0
800	2645.5	0.0
810	2532.3333333333335	0.0
820	2752.1666666666665	0.0
830	2818.0	0.0
840	2702.0	0.0
850	2609.6666666666665	0.0
860	2656.0	0.0
870	2510.6666666666665	0.0
880	2625.5	0.0
890	2482.1666666666665	0.0
900	2537.8333333333335	0.0
910	2598.0	0.0
920	2546.6666666666665	0.0
930	2708.0	0.0
940	2760.0	0.0
950	2752.6666666666665	0.0
960	2600.0	0.0
970	2425.3333333333335	0.0
980	2623.3333333333335	0.0
990	2536.0	0.0
1000	2317.0	0.0
