0	254.0	0.0
10	70.0	15.0
20	70.0	0.0
30	70.0	0.0
40	70.0	0.0
50	70.0	26.0
60	70.0	1.0
70	70.0	0.0
80	70.0	15.0
90	71.33333333333333	10.0
100	74.33333333333333	1.0
110	72.66666666666667	7.0
120	124.33333333333333	1.0
130	311.6666666666667	0.0
140	268.6666666666667	149.0
150	425.0	234.0
160	607.0	377.0
170	289.6666666666667	164.0
180	369.6666666666667	0.0
190	571.3333333333334	0.0
200	1315.5	0.0
210	2173.0	0.0
220	2210.0	0.0
230	2315.5	0.0
240	2210.3333333333335	0.0
250	2255.0	0.0
260	2143.6666666666665	0.0
270	2437.5	0.0
280	2513.6666666666665	0.0
290	2335.0	0.0
300	2256.3333333333335	0.0
310	2089.5	0.0
320	2433.0	0.0
330	2326.0	0.0
340	2455.8333333333335	0.0
350	2294.0	0.0
360	1198.3333333333333	0.0
370	1035.3333333333333	0.0
380	1486.0	0.0
390	1659.0	0.0
400	1964.0	0.0
410	2236.8333333333335	0.0
420	2130.0	0.0
430	1929.3333333333333	0.0
440	2104.0	0.0
450	2177.5	0.0
460	2306.8333333333335	0.0
470	2187.6666666666665	0.0
480	1949.8333333333333	0.0
490	2081.0	0.0
500	2073.6666666666665	0.0
510	2103.8333333333335	0.0
520	1606.6666666666667	0.0
530	1905.0	0.0
540	1815.3333333333333	0.0
550	1787.3333333333333	0.0
560	1889.6666666666667	0.0
570	2186.0	0.0
580	2115.6666666666665	0.0
590	2263.3333333333335	0.0
600	1797.5	0.0
610	2412.3333333333335	0.0
620	2487.8333333333335	0.0
630	2046.8333333333333	0.0
640	1702.6666666666667	0.0
650	2119.6666666666665	0.0
660	1889.6666666666667	0.0
670	2214.6666666666665	0.0
680	2202.3333333333335	0.0
690	2260.5	0.0
700	2126.6666666666665	0.0
710	2450.3333333333335	0.0
720	2704.1666666666665	0.0
730	2443.3333333333335	0.0
740	2360.6666666666665	0.0
750	2039.8333333333333	0.0
760	1850.8333333333333	0.0
770	2656.3333333333335	0.0
780	2004.0	0.0
790	2030.0	0.0
800	2353.3333333333335	0.0
810	1223.0	0.0
820	1541.6666666666667	0.0
830	1809.3333333333333	0.0
840	1455.3333333333333	0.0
850	2353.0	0.0
860	2479.0	0.0
870	2412.8333333333335	0.0
880	2480.0	0.0
890	2224.0	0.0
900	2498.0	0.0
910	2530.3333333333335	0.0
920	2354.1666666666665	0.0
930	2467.5	0.0
940	2500.6666666666665	0.0
950	2374.0	0.0
960	2144.3333333333335	0.0
970	2381.5	0.0
980	2521.3333333333335	0.0
990	2473.0	0.0
1000	2261.0	0.0
