0	258.3333333333333	0.0
10	70.0	12.0
20	70.0	13.0
30	70.0	1.0
40	70.0	5.0
50	70.0	2.0
60	70.0	13.0
70	70.0	0.0
80	70.66666666666667	3.0
90	74.66666666666667	1.0
100	80.66666666666667	24.0
110	106.66666666666667	64.0
120	334.3333333333333	103.0
130	425.3333333333333	86.0
140	200.33333333333334	261.0
150	208.0	29.0
160	1176.0	303.0
170	1606.3333333333333	80.0
180	2104.3333333333335	0.0
190	2094.6666666666665	0.0
200	2175.1666666666665	0.0
210	2661.6666666666665	0.0
220	2496.0	0.0
230	2071.3333333333335	0.0
240	2424.0	0.0
250	2328.0	0.0
260	2513.3333333333335	0.0
270	2302.3333333333335	0.0
280	2415.0	0.0
290	2372.1666666666665	0.0
300	2503.3333333333335	0.0
310	2254.3333333333335	0.0
320	2541.8333333333335	0.0
330	2100.0	0.0
340	2115.6666666666665	0.0
350	2510.0	0.0
360	2478.6666666666665	0.0
370	2616.6666666666665	0.0
380	2130.0	0.0
390	1760.6666666666667	0.0
400	2184.0	0.0
410	1628.3333333333333	0.0
420	2071.8333333333335	0.0
430	1644.1666666666667	0.0
440	1937.0	0.0
450	2238.6666666666665	0.0
460	2001.6666666666667	0.0
470	1829.0	0.0
480	2006.3333333333333	0.0
490	2183.5	0.0
500	1943.0	0.0
510	2037.6666666666667	0.0
520	2327.6666666666665	0.0
530	2226.3333333333335	0.0
540	1814.8333333333333	0.0
550	2104.0	0.0
560	2251.0	0.0
570	1400.0	0.0
580	1582.6666666666667	0.0
590	1915.0	0.0
600	2053.1666666666665	0.0
610	1675.6666666666667	0.0
620	1970.0	0.0
630	2014.3333333333333	0.0
640	2402.6666666666665	0.0
650	2411.3333333333335	0.0
660	2545.6666666666665	0.0
670	1928.0	0.0
680	2437.6666666666665	0.0
690	2080.0	0.0
700	2090.6666666666665	0.0
710	2620.3333333333335	0.0
720	2436.6666666666665	0.0
730	2620.6666666666665	0.0
740	2408.0	0.0
750	2140.0	0.0
760	2429.6666666666665	0.0
770	2444.6666666666665	0.0
780	2563.8333333333335	0.0
790	2404.0	0.0
800	2465.6666666666665	0.0
810	2298.3333333333335	0.0
820	2233.3333333333335	0.0
830	2563.6666666666665	0.0
840	2272.1666666666665	0.0
850	2344.3333333333335	0.0
860	2357.6666666666665	0.0
870	2426.6666666666665	0.0
880	2155.3333333333335	0.0
890	2372.6666666666665	0.0
900	2296.0	0.0
910	2482.5	0.0
920	2489.0	0.0
930	2067.3333333333335	0.0
940	2311.6666666666665	0.0
950	2543.3333333333335	0.0
960	2523.3333333333335	0.0
970	1813.1666666666667	0.0
980	1631.0	0.0
990	1959.6666666666667	0.0
1000	1956.3333333333333	0.0
