0	307.6666666666667	0.0
10	70.0	0.0
20	70.0	9.0
30	70.0	31.0
40	70.0	32.0
50	70.0	4.0
60	70.0	10.0
70	70.0	11.0
80	70.33333333333333	11.0
90	72.33333333333333	0.0
100	122.66666666666667	11.0
110	143.33333333333334	0.0
120	172.66666666666666	28.0
130	384.3333333333333	110.0
140	531.3333333333334	1.0
150	657.6666666666666	644.0
160	1742.6666666666667	98.0
170	1633.6666666666667	0.0
180	1797.0	0.0
190	1904.3333333333333	0.0
200	2135.0	0.0
210	2664.5	0.0
220	2350.0	0.0
230	2308.6666666666665	0.0
240	1934.3333333333333	0.0
250	2075.0	0.0
260	2355.1666666666665	0.0
270	2243.3333333333335	0.0
280	2194.3333333333335	0.0
290	2340.6666666666665	0.0
300	2219.3333333333335	0.0
310	2307.6666666666665	0.0
320	2352.0	0.0
330	2641.6666666666665	0.0
340	2400.3333333333335	0.0
350	2296.6666666666665	0.0
360	2331.6666666666665	0.0
370	2337.3333333333335	0.0
380	2358.0	0.0
390	2302.0	0.0
400	2060.5	0.0
410	1317.0	0.0
420	1006.0	0.0
430	2264.6666666666665	0.0
440	1886.0	0.0
450	2416.5	0.0
460	2373.3333333333335	0.0
470	1902.6666666666667	0.0
480	1614.6666666666667	0.0
490	2200.3333333333335	0.0
500	1845.3333333333333	0.0
510	2071.0	0.0
520	2054.6666666666665	0.0
530	1862.8333333333333	0.0
540	2132.8333333333335	0.0
550	2204.0	0.0
560	1880.5	0.0
570	2317.5	0.0
580	1916.0	0.0
590	2135.5	0.0
600	1951.1666666666667	0.0
610	1882.5	0.0
620	2491.3333333333335	0.0
630	2495.0	0.0
640	2341.3333333333335	0.0
650	2272.0	0.0
660	2311.6666666666665	0.0
670	2291.0	0.0
680	2590.3333333333335	0.0
690	2240.3333333333335	0.0
700	2526.0	0.0
710	2346.3333333333335	0.0
720	2418.6666666666665	0.0
730	2341.5	0.0
740	2744.3333333333335	0.0
750	2252.6666666666665	0.0
760	2097.0	0.0
770	1839.0	0.0
780	1683.6666666666667	0.0
790	1584.6666666666667	0.0
800	2468.1666666666665	0.0
810	2307.0	0.0
820	2249.6666666666665	0.0
830	2218.0	0.0
840	1959.1666666666667	0.0
850	2262.5	0.0
860	2451.0	0.0
870	2223.3333333333335	0.0
880	2390.3333333333335	0.0
890	2067.1666666666665	0.0
900	1954.1666666666667	0.0
910	1593.0	0.0
920	2709.8333333333335	0.0
930	2455.6666666666665	0.0
940	2369.5	0.0
950	2459.8333333333335	0.0
960	2414.8333333333335	0.0
970	2443.8333333333335	0.0
980	2561.8333333333335	0.0
990	2646.5	0.0
1000	2530.1666666666665	0.0
