0	237.33333333333334	0.0
10	70.0	1.0
20	70.0	0.0
30	70.0	26.0
40	70.0	0.0
50	70.0	0.0
60	70.0	5.0
70	70.0	0.0
80	70.66666666666667	3.0
90	77.33333333333333	12.0
100	73.0	110.0
110	208.33333333333334	0.0
120	237.66666666666666	554.0
130	155.66666666666666	1.0
140	1049.3333333333333	44.0
150	1195.0	244.0
160	736.0	0.0
170	1335.3333333333333	0.0
180	2044.6666666666667	0.0
190	2290.0	0.0
200	2254.8333333333335	0.0
210	2506.3333333333335	0.0
220	2297.5	0.0
230	2301.6666666666665	0.0
240	2134.3333333333335	0.0
250	2323.0	0.0
260	2200.3333333333335	0.0
270	2402.6666666666665	0.0
280	2259.3333333333335	0.0
290	2438.0	0.0
300	2217.0	0.0
310	2458.5	0.0
320	2370.0	0.0
330	2300.6666666666665	0.0
340	2464.0	0.0
350	1723.1666666666667	0.0
360	1794.6666666666667	0.0
370	2372.3333333333335	0.0
380	2200.0	0.0
390	2025.5	0.0
400	1811.0	0.0
410	2529.0	0.0
420	1863.6666666666667	0.0
430	1751.0	0.0
440	1794.8333333333333	0.0
450	1347.1666666666667	0.0
460	2011.3333333333333	0.0
470	2101.0	0.0
480	2110.3333333333335	0.0
490	1540.6666666666667	0.0
500	1051.6666666666667	0.0
510	2089.3333333333335	0.0
520	2203.6666666666665	0.0
530	2219.6666666666665	0.0
540	2489.6666666666665	0.0
550	2086.3333333333335	0.0
560	2310.0	0.0
570	2444.0	0.0
580	2198.3333333333335	0.0
590	2123.6666666666665	0.0
600	2379.8333333333335	0.0
610	1792.3333333333333	0.0
620	2283.6666666666665	0.0
630	2411.6666666666665	0.0
640	2430.0	0.0
650	2279.8333333333335	0.0
660	2433.6666666666665	0.0
670	2508.0	0.0
680	1984.3333333333333	0.0
690	2344.8333333333335	0.0
700	2475.0	0.0
710	2416.1666666666665	0.0
720	2254.0	0.0
730	2219.3333333333335	0.0
740	2504.3333333333335	0.0
750	2337.0	0.0
760	2273.0	0.0
770	2304.3333333333335	0.0
780	2317.3333333333335	0.0
790	2362.6666666666665	0.0
800	2664.3333333333335	0.0
810	2404.0	0.0
820	2124.8333333333335	0.0
830	2357.3333333333335	0.0
840	1879.1666666666667	0.0
850	2374.0	0.0
860	2382.6666666666665	0.0
870	2382.8333333333335	0.0
880	2620.1666666666665	0.0
890	2442.6666666666665	0.0
900	2094.0	0.0
910	2314.8333333333335	0.0
920	1984.5	0.0
930	2164.6666666666665	0.0
940	2144.0	0.0
950	1994.5	0.0
960	2226.8333333333335	0.0
970	2078.0	0.0
980	2511.3333333333335	0.0
990	1947.0	0.0
1000	1758.3333333333333	0.0
