0	251.66666666666666	0.0
10	416.3333333333333	474.0
20	439.0	275.0
30	224.0	251.0
40	1414.3333333333333	0.0
50	1905.0	0.0
60	2252.3333333333335	0.0
70	2222.0	0.0
80	2310.1666666666665	0.0
90	2253.6666666666665	0.0
100	2442.8333333333335	0.0
110	2166.6666666666665	0.0
120	2148.3333333333335	0.0
130	2306.6666666666665	0.0
140	2312.0	0.0
150	1941.6666666666667	0.0
160	2506.0	0.0
170	2366.0	0.0
180	2423.6666666666665	0.0
190	2442.6666666666665	0.0
200	2361.1666666666665	0.0
210	2272.0	0.0
220	2514.8333333333335	0.0
230	2348.6666666666665	0.0
240	2481.0	0.0
250	2410.1666666666665	0.0
260	2317.3333333333335	0.0
270	2226.6666666666665	0.0
280	2322.0	0.0
290	2474.3333333333335	0.0
300	2381.6666666666665	0.0
310	2453.3333333333335	0.0
320	2525.0	0.0
330	2318.5	0.0
340	2290.0	0.0
350	1942.6666666666667	0.0
360	1680.0	0.0
370	2178.3333333333335	0.0
380	2093.3333333333335	0.0
390	1979.0	0.0
400	1991.5	0.0
410	1761.3333333333333	0.0
420	2157.0	0.0
430	1733.1666666666667	0.0
440	1215.0	0.0
450	1851.1666666666667	0.0
460	1973.6666666666667	0.0
470	1270.1666666666667	0.0
480	1568.3333333333333	0.0
490	1970.1666666666667	0.0
500	1707.0	0.0
510	1449.0	0.0
520	1673.1666666666667	0.0
530	2043.6666666666667	0.0
540	2275.5	0.0
550	2045.3333333333333	0.0
560	1904.6666666666667	0.0
570	2328.3333333333335	0.0
580	2272.3333333333335	0.0
590	1624.6666666666667	0.0
600	1916.6666666666667	0.0
