0	275.6666666666667	0.0
10	141.33333333333334	661.0
20	1048.0	339.0
30	1086.3333333333333	0.0
40	1152.3333333333333	0.0
50	2012.0	0.0
60	1850.8333333333333	0.0
70	2289.0	0.0
80	2343.6666666666665	0.0
90	2351.0	0.0
100	2291.3333333333335	0.0
110	2668.6666666666665	0.0
120	2344.0	0.0
130	2378.1666666666665	0.0
140	2271.6666666666665	0.0
150	2510.5	0.0
160	2300.3333333333335	0.0
170	2464.5	0.0
180	2150.5	0.0
190	2365.0	0.0
200	2143.5	0.0
210	2398.1666666666665	0.0
220	2459.6666666666665	0.0
230	2399.8333333333335	0.0
240	2484.6666666666665	0.0
250	2533.8333333333335	0.0
260	2538.5	0.0
270	2022.0	0.0
280	1598.6666666666667	0.0
290	2350.6666666666665	0.0
300	1964.3333333333333	0.0
310	2443.8333333333335	0.0
320	1585.6666666666667	0.0
330	1906.6666666666667	0.0
340	1939.5	0.0
350	2205.0	0.0
360	2304.0	0.0
370	2208.5	0.0
380	1933.1666666666667	0.0
390	1953.6666666666667	0.0
400	2131.3333333333335	0.0
410	2306.6666666666665	0.0
420	1622.3333333333333	0.0
430	1589.3333333333333	0.0
440	2014.0	0.0
450	2234.6666666666665	0.0
460	2218.5	0.0
470	2230.1666666666665	0.0
480	1884.6666666666667	0.0
490	1664.1666666666667	0.0
500	1827.8333333333333	0.0
510	1693.8333333333333	0.0
520	1547.6666666666667	0.0
530	2049.5	0.0
540	1277.0	0.0
550	2338.0	0.0
560	2505.5	0.0
570	2134.0	0.0
580	2212.6666666666665	0.0
590	2598.0	0.0
600	2283.6666666666665	0.0
