0	268.0	0.0
10	70.0	9.0
20	70.0	16.0
30	70.0	1.0
40	70.0	1.0
50	70.0	0.0
60	70.0	8.0
70	70.0	13.0
80	71.0	0.0
90	72.66666666666667	2.0
100	74.33333333333333	1.0
110	341.3333333333333	11.0
120	83.66666666666667	56.0
130	169.66666666666666	21.0
140	357.6666666666667	39.0
150	451.6666666666667	44.0
160	1058.0	5.0
170	929.6666666666666	28.0
180	1461.0	19.0
190	692.0	12.0
200	2329.6666666666665	16.0
210	2035.6666666666667	15.0
220	2093.3333333333335	32.0
230	2320.6666666666665	15.0
240	2411.3333333333335	23.0
250	2426.0	21.0
260	2195.3333333333335	19.0
270	2284.6666666666665	16.0
280	2413.6666666666665	22.0
290	2458.0	17.0
300	2018.1666666666667	19.0
310	2360.8333333333335	17.0
320	2570.3333333333335	39.0
330	2360.0	19.0
340	2371.0	30.0
350	2438.6666666666665	15.0
360	2479.6666666666665	31.0
370	2380.6666666666665	25.0
380	2460.8333333333335	37.0
390	2399.3333333333335	26.0
400	2371.3333333333335	11.0
410	1942.8333333333333	18.0
420	1628.6666666666667	14.0
430	1753.3333333333333	25.0
440	1913.3333333333333	32.0
450	1645.1666666666667	14.0
460	1800.6666666666667	38.0
470	2226.0	30.0
480	1840.0	17.0
490	1937.5	39.0
500	1956.8333333333333	22.0
510	2061.5	0.0
520	2300.3333333333335	0.0
530	1750.3333333333333	0.0
540	2049.5	0.0
550	1624.3333333333333	0.0
560	1855.6666666666667	0.0
570	1792.6666666666667	0.0
580	1692.5	0.0
590	1555.0	0.0
600	2432.0	0.0
