0	249.0	0.0
10	70.0	0.0
20	70.0	0.0
30	70.0	5.0
40	70.0	3.0
50	70.0	8.0
60	70.0	8.0
70	70.66666666666667	0.0
80	70.33333333333333	9.0
90	76.66666666666667	0.0
100	88.33333333333333	64.0
110	91.66666666666667	3.0
120	550.3333333333334	7.0
130	865.1666666666666	7.0
140	585.0	22.0
150	369.6666666666667	0.0
160	1314.6666666666667	21.0
170	1915.3333333333333	12.0
180	2361.6666666666665	31.0
190	2049.1666666666665	15.0
200	2248.6666666666665	26.0
210	2436.1666666666665	28.0
220	2700.6666666666665	14.0
230	2279.6666666666665	22.0
240	2879.8333333333335	17.0
250	2551.3333333333335	23.0
260	2580.1666666666665	29.0
270	2379.8333333333335	35.0
280	2367.6666666666665	21.0
290	2481.0	29.0
300	1707.0	24.0
310	1757.3333333333333	22.0
320	1850.0	30.0
330	1689.1666666666667	24.0
340	1910.3333333333333	23.0
350	1521.3333333333333	13.0
360	1386.6666666666667	8.0
370	1006.0	31.0
380	1500.3333333333333	19.0
390	830.8333333333334	25.0
400	2234.8333333333335	11.0
410	1939.1666666666667	25.0
420	2003.5	26.0
430	1967.6666666666667	36.0
440	2209.0	17.0
450	1862.0	23.0
460	2083.8333333333335	30.0
470	2022.1666666666667	17.0
480	2406.5	40.0
490	2442.3333333333335	21.0
500	2401.5	4.0
510	1948.1666666666667	27.0
520	1825.1666666666667	30.0
530	2044.3333333333333	15.0
540	1965.5	0.0
550	1860.6666666666667	0.0
560	2358.0	0.0
570	2516.6666666666665	0.0
580	2432.6666666666665	0.0
590	2271.6666666666665	0.0
600	2582.6666666666665	0.0
