0	243.33333333333334	0.0
10	143.0	676.0
20	167.0	324.0
30	212.33333333333334	0.0
40	1541.3333333333333	0.0
50	1999.6666666666667	0.0
60	1812.1666666666667	0.0
70	2208.6666666666665	0.0
80	2092.3333333333335	0.0
90	2199.0	0.0
100	2395.0	0.0
110	2088.0	0.0
120	2210.8333333333335	0.0
130	2585.3333333333335	0.0
140	2129.8333333333335	0.0
150	2357.6666666666665	0.0
160	2206.0	0.0
170	2227.1666666666665	0.0
180	2618.1666666666665	0.0
190	2290.3333333333335	0.0
200	2167.0	0.0
210	2454.8333333333335	0.0
220	2273.3333333333335	0.0
230	2467.5	0.0
240	2210.1666666666665	0.0
250	2183.8333333333335	0.0
260	1850.0	0.0
270	1605.3333333333333	0.0
280	2025.5	0.0
290	1652.6666666666667	0.0
300	1504.0	0.0
310	2235.8333333333335	0.0
320	2262.0	0.0
330	2031.6666666666667	0.0
340	1944.0	0.0
350	1734.6666666666667	0.0
360	1440.6666666666667	0.0
370	1548.3333333333333	0.0
380	2039.5	0.0
390	2054.5	0.0
400	1980.3333333333333	0.0
410	1836.6666666666667	0.0
420	1591.3333333333333	0.0
430	1448.0	0.0
440	2038.5	0.0
450	2195.8333333333335	0.0
460	2087.1666666666665	0.0
470	2090.1666666666665	0.0
480	2198.3333333333335	0.0
490	2360.5	0.0
500	2156.3333333333335	0.0
510	2291.6666666666665	0.0
520	2051.5	0.0
530	1686.8333333333333	0.0
540	1810.5	0.0
550	1703.3333333333333	0.0
560	2063.3333333333335	0.0
570	2008.0	0.0
580	1891.0	0.0
590	1906.0	0.0
600	2080.5	0.0
610	2288.8333333333335	0.0
620	2034.1666666666667	0.0
630	1926.6666666666667	0.0
640	2625.3333333333335	0.0
650	2054.0	0.0
660	2527.1666666666665	0.0
670	2294.3333333333335	0.0
680	2546.6666666666665	0.0
690	2468.6666666666665	0.0
700	2428.6666666666665	0.0
710	2497.3333333333335	0.0
720	2249.1666666666665	0.0
730	2400.6666666666665	0.0
740	2392.5	0.0
750	2412.6666666666665	0.0
760	2493.0	0.0
770	2495.0	0.0
780	2372.3333333333335	0.0
790	2216.0	0.0
800	2227.6666666666665	0.0
810	1809.6666666666667	0.0
820	2231.6666666666665	0.0
830	2130.3333333333335	0.0
840	2550.6666666666665	0.0
850	2630.0	0.0
860	1747.0	0.0
870	1996.6666666666667	0.0
880	1833.3333333333333	0.0
890	1962.1666666666667	0.0
900	2421.0	0.0
910	2191.1666666666665	0.0
920	2139.1666666666665	0.0
930	2093.6666666666665	0.0
940	2363.1666666666665	0.0
950	2198.0	0.0
960	2384.8333333333335	0.0
970	1908.3333333333333	0.0
980	1965.0	0.0
990	1903.6666666666667	0.0
1000	1893.6666666666667	0.0
