0	281.3333333333333	0.0
10	146.33333333333334	613.0
20	479.3333333333333	387.0
30	1355.3333333333333	0.0
40	1200.6666666666667	0.0
50	1281.6666666666667	0.0
60	1795.3333333333333	0.0
70	2309.6666666666665	0.0
80	2152.6666666666665	0.0
90	2421.5	0.0
100	2152.6666666666665	0.0
110	2188.3333333333335	0.0
120	2158.6666666666665	0.0
130	2202.5	0.0
140	2240.0	0.0
150	2205.6666666666665	0.0
160	2269.6666666666665	0.0
170	2399.0	0.0
180	2337.0	0.0
190	2345.1666666666665	0.0
200	2293.5	0.0
210	2392.1666666666665	0.0
220	2643.3333333333335	0.0
230	1949.3333333333333	0.0
240	2402.0	0.0
250	2153.0	0.0
260	2460.3333333333335	0.0
270	2296.3333333333335	0.0
280	2144.3333333333335	0.0
290	2526.6666666666665	0.0
300	2373.6666666666665	0.0
310	1292.3333333333333	0.0
320	1695.0	0.0
330	1961.8333333333333	0.0
340	1906.3333333333333	0.0
350	2054.5	0.0
360	1870.5	0.0
370	2041.1666666666667	0.0
380	1726.5	0.0
390	2343.0	0.0
400	2066.1666666666665	0.0
410	1829.3333333333333	0.0
420	2288.0	0.0
430	1361.0	0.0
440	1228.0	0.0
450	1652.6666666666667	0.0
460	2409.8333333333335	0.0
470	1369.1666666666667	0.0
480	2423.5	0.0
490	2375.6666666666665	0.0
500	1891.1666666666667	0.0
510	1793.0	0.0
520	2053.0	0.0
530	1546.0	0.0
540	1644.0	0.0
550	1689.8333333333333	0.0
560	2194.8333333333335	0.0
570	1595.0	0.0
580	1806.6666666666667	0.0
590	2043.1666666666667	0.0
600	1960.3333333333333	0.0
610	1927.3333333333333	0.0
620	2024.5	0.0
630	2399.1666666666665	0.0
640	2398.3333333333335	0.0
650	2506.0	0.0
660	2272.3333333333335	0.0
670	2215.3333333333335	0.0
680	2292.0	0.0
690	2540.6666666666665	0.0
700	2538.5	0.0
710	2124.6666666666665	0.0
720	2519.0	0.0
730	2238.8333333333335	0.0
740	2412.0	0.0
750	2391.6666666666665	0.0
760	2601.6666666666665	0.0
770	2634.3333333333335	0.0
780	2561.3333333333335	0.0
790	2284.0	0.0
800	2279.0	0.0
810	2638.6666666666665	0.0
820	2361.3333333333335	0.0
830	2276.6666666666665	0.0
840	2338.0	0.0
850	2377.0	0.0
860	2306.0	0.0
870	2319.6666666666665	0.0
880	2547.6666666666665	0.0
890	2392.6666666666665	0.0
900	2400.1666666666665	0.0
910	2421.1666666666665	0.0
920	2225.3333333333335	0.0
930	1758.3333333333333	0.0
940	2154.0	0.0
950	2333.8333333333335	0.0
960	2429.5	0.0
970	2459.0	0.0
980	2327.3333333333335	0.0
990	2399.3333333333335	0.0
1000	1684.1666666666667	0.0
