0	230.66666666666666	0.0
10	70.0	0.0
20	70.0	0.0
30	70.0	0.0
40	70.0	0.0
50	70.0	0.0
60	70.0	0.0
70	70.0	0.0
80	70.0	0.0
90	70.0	0.0
100	70.0	0.0
110	70.0	0.0
120	70.0	0.0
130	70.0	0.0
140	70.0	0.0
150	70.0	0.0
160	70.0	0.0
170	70.0	0.0
180	70.0	0.0
190	70.66666666666667	0.0
200	70.66666666666667	0.0
210	74.0	0.0
220	76.33333333333333	0.0
230	79.0	0.0
240	81.33333333333333	0.0
250	140.33333333333334	0.0
260	150.66666666666666	0.0
270	243.66666666666666	0.0
280	172.33333333333334	0.0
290	122.66666666666667	0.0
300	205.33333333333334	0.0
310	168.66666666666666	0.0
320	155.0	0.0
330	155.66666666666666	0.0
340	173.0	0.0
350	175.66666666666666	0.0
360	292.6666666666667	0.0
370	538.6666666666666	0.0
380	340.0	0.0
390	130.0	0.0
400	282.3333333333333	0.0
410	557.6666666666666	0.0
420	430.3333333333333	0.0
430	950.3333333333334	0.0
440	661.5	0.0
450	1172.0	0.0
460	1140.0	0.0
470	1218.0	0.0
480	1332.0	0.0
490	1531.6666666666667	0.0
500	1636.6666666666667	0.0
510	1537.6666666666667	0.0
520	2064.3333333333335	0.0
530	1922.3333333333333	0.0
540	1801.3333333333333	0.0
550	1765.6666666666667	0.0
560	2139.6666666666665	0.0
570	1864.3333333333333	0.0
580	2145.3333333333335	0.0
590	2255.0	0.0
600	1922.3333333333333	0.0
