0	312.6666666666667	0.0
10	70.0	0.0
20	70.0	0.0
30	70.0	0.0
40	70.0	0.0
50	70.0	0.0
60	70.0	0.0
70	70.0	0.0
80	70.0	0.0
90	70.0	0.0
100	70.0	0.0
110	70.0	0.0
120	70.0	0.0
130	70.0	0.0
140	70.0	0.0
150	70.0	0.0
160	70.0	0.0
170	70.33333333333333	0.0
180	70.0	0.0
190	70.66666666666667	0.0
200	73.66666666666667	0.0
210	77.33333333333333	0.0
220	71.0	0.0
230	122.0	0.0
240	228.66666666666666	0.0
250	174.66666666666666	0.0
260	171.33333333333334	0.0
270	187.66666666666666	0.0
280	154.66666666666666	0.0
290	273.6666666666667	0.0
300	155.0	0.0
310	139.0	0.0
320	155.33333333333334	0.0
330	160.33333333333334	0.0
340	130.33333333333334	0.0
350	130.0	0.0
360	139.0	0.0
370	130.0	0.0
380	139.0	0.0
390	179.0	0.0
400	130.0	0.0
410	448.0	0.0
420	436.6666666666667	0.0
430	481.3333333333333	0.0
440	996.8333333333334	0.0
450	750.3333333333334	0.0
460	1245.0	0.0
470	1580.6666666666667	0.0
480	1264.6666666666667	0.0
490	2081.6666666666665	0.0
500	1726.0	0.0
510	1799.3333333333333	0.0
520	1978.0	0.0
530	1768.3333333333333	0.0
540	1876.6666666666667	0.0
550	1852.6666666666667	0.0
560	2151.3333333333335	0.0
570	2072.3333333333335	0.0
580	2144.6666666666665	0.0
590	1847.8333333333333	0.0
600	2226.5	0.0
