0	278.0	0.0
10	140.33333333333334	716.0
20	129.66666666666666	284.0
30	885.6666666666666	0.0
40	1648.3333333333333	0.0
50	2396.5	0.0
60	2370.6666666666665	0.0
70	2237.1666666666665	0.0
80	2154.1666666666665	0.0
90	2140.0	0.0
100	2174.5	0.0
110	2076.6666666666665	0.0
120	2130.3333333333335	0.0
130	2154.3333333333335	0.0
140	2310.6666666666665	0.0
150	2164.5	0.0
160	2416.6666666666665	0.0
170	1667.6666666666667	0.0
180	2241.1666666666665	0.0
190	1676.0	0.0
200	2283.6666666666665	0.0
210	1728.6666666666667	0.0
220	1744.0	0.0
230	1875.5	0.0
240	1822.8333333333333	0.0
250	2198.6666666666665	0.0
260	1748.3333333333333	0.0
270	2132.3333333333335	0.0
280	1921.3333333333333	0.0
290	1916.6666666666667	0.0
300	2193.5	0.0
310	1946.1666666666667	0.0
320	2051.8333333333335	0.0
330	2409.5	0.0
340	2378.6666666666665	0.0
350	1575.3333333333333	0.0
360	1849.1666666666667	0.0
370	1899.3333333333333	0.0
380	1774.1666666666667	0.0
390	1563.3333333333333	0.0
400	2376.6666666666665	0.0
410	2587.3333333333335	0.0
420	2479.3333333333335	0.0
430	1677.5	0.0
440	1697.8333333333333	0.0
450	2496.0	0.0
460	2555.1666666666665	0.0
470	1854.6666666666667	0.0
480	2229.0	0.0
490	2426.1666666666665	0.0
500	2305.5	0.0
510	2253.6666666666665	0.0
520	2389.0	0.0
530	2511.6666666666665	0.0
540	2387.1666666666665	0.0
550	2415.3333333333335	0.0
560	2241.0	0.0
570	2318.6666666666665	0.0
580	2363.6666666666665	0.0
590	2416.5	0.0
600	2367.3333333333335	0.0
610	2289.6666666666665	0.0
620	2019.3333333333333	0.0
630	2664.3333333333335	0.0
640	2603.3333333333335	0.0
650	2377.3333333333335	0.0
660	1815.5	0.0
670	1938.1666666666667	0.0
680	2565.0	0.0
690	2578.0	0.0
700	1930.0	0.0
710	1781.0	0.0
720	2261.3333333333335	0.0
730	2421.3333333333335	0.0
740	2198.8333333333335	0.0
750	2135.6666666666665	0.0
760	2251.1666666666665	0.0
770	2381.1666666666665	0.0
780	2406.3333333333335	0.0
790	2051.3333333333335	0.0
800	1889.5	0.0
810	2340.5	0.0
820	2455.6666666666665	0.0
830	2461.5	0.0
840	2290.6666666666665	0.0
850	2384.3333333333335	0.0
860	2540.3333333333335	0.0
870	2522.3333333333335	0.0
880	2234.1666666666665	0.0
890	2371.6666666666665	0.0
900	2382.0	0.0
910	2579.0	0.0
920	2418.0	0.0
930	2396.3333333333335	0.0
940	2535.3333333333335	0.0
950	2288.0	0.0
960	2473.5	0.0
970	2369.3333333333335	0.0
980	2361.3333333333335	0.0
990	2453.5	0.0
1000	2466.3333333333335	0.0
