0	289.0	0.0
10	303.0	406.0
20	842.6666666666666	594.0
30	1241.3333333333333	0.0
40	1573.6666666666667	0.0
50	1692.6666666666667	0.0
60	2169.0	0.0
70	2025.6666666666667	0.0
80	2092.6666666666665	0.0
90	2153.6666666666665	0.0
100	2143.0	0.0
110	2380.3333333333335	0.0
120	2625.3333333333335	0.0
130	2463.0	0.0
140	2419.6666666666665	0.0
150	2482.6666666666665	0.0
160	2358.5	0.0
170	2255.3333333333335	0.0
180	2404.5	0.0
190	2274.3333333333335	0.0
200	2275.6666666666665	0.0
210	2672.3333333333335	0.0
220	1669.3333333333333	0.0
230	1775.6666666666667	0.0
240	1690.5	0.0
250	2330.3333333333335	0.0
260	2491.3333333333335	0.0
270	2467.3333333333335	0.0
280	2620.3333333333335	0.0
290	2152.1666666666665	0.0
300	1940.5	0.0
310	1783.0	0.0
320	2179.6666666666665	0.0
330	1853.8333333333333	0.0
340	1937.0	0.0
350	2240.5	0.0
360	1903.3333333333333	0.0
370	2122.3333333333335	0.0
380	2292.1666666666665	0.0
390	1937.1666666666667	0.0
400	1946.5	0.0
410	1948.0	0.0
420	1428.0	0.0
430	1647.5	0.0
440	2146.0	0.0
450	2277.5	0.0
460	2087.6666666666665	0.0
470	2197.0	0.0
480	1896.3333333333333	0.0
490	2598.0	0.0
500	2384.6666666666665	0.0
510	2473.6666666666665	0.0
520	2316.8333333333335	0.0
530	2516.6666666666665	0.0
540	2630.0	0.0
550	1815.6666666666667	0.0
560	2614.0	0.0
570	2237.0	0.0
580	2210.3333333333335	0.0
590	2449.8333333333335	0.0
600	2518.6666666666665	0.0
610	2436.1666666666665	0.0
620	2429.1666666666665	0.0
630	2306.0	0.0
640	2497.3333333333335	0.0
650	2524.6666666666665	0.0
660	2588.3333333333335	0.0
670	2543.6666666666665	0.0
680	2438.6666666666665	0.0
690	2553.0	0.0
700	2522.6666666666665	0.0
710	2459.3333333333335	0.0
720	1956.3333333333333	0.0
730	2014.6666666666667	0.0
740	2270.0	0.0
750	1782.6666666666667	0.0
760	2298.8333333333335	0.0
770	2264.3333333333335	0.0
780	2100.0	0.0
790	2638.3333333333335	0.0
800	2420.3333333333335	0.0
810	1753.1666666666667	0.0
820	2247.0	0.0
830	2422.5	0.0
840	2159.0	0.0
850	2392.0	0.0
860	2365.6666666666665	0.0
870	2211.0	0.0
880	2259.3333333333335	0.0
890	2438.8333333333335	0.0
900	2460.0	0.0
910	2319.8333333333335	0.0
920	2319.6666666666665	0.0
930	2347.3333333333335	0.0
940	2288.3333333333335	0.0
950	2483.6666666666665	0.0
960	2225.6666666666665	0.0
970	2247.5	0.0
980	2331.5	0.0
990	2625.6666666666665	0.0
1000	1751.5	0.0
