0	268.0	0.0
10	166.33333333333334	405.0
20	566.6666666666666	115.0
30	1157.0	71.0
40	1527.6666666666667	105.0
50	1523.6666666666667	123.0
60	1828.0	50.0
70	1849.0	131.0
80	2272.6666666666665	0.0
90	2717.1666666666665	0.0
100	2217.5	0.0
110	2310.6666666666665	0.0
120	2253.6666666666665	0.0
130	2076.8333333333335	0.0
140	2173.3333333333335	0.0
150	2401.1666666666665	0.0
160	2427.3333333333335	0.0
170	2528.3333333333335	0.0
180	2291.8333333333335	0.0
190	2495.6666666666665	0.0
200	2677.0	0.0
210	2509.3333333333335	0.0
220	2364.0	0.0
230	2348.0	0.0
240	2573.0	0.0
250	2565.3333333333335	0.0
260	2506.3333333333335	0.0
270	2355.5	0.0
280	2159.0	0.0
290	2451.0	0.0
300	2486.0	0.0
310	1980.6666666666667	0.0
320	2209.3333333333335	0.0
330	1627.0	0.0
340	1823.0	0.0
350	1780.0	0.0
360	2237.6666666666665	0.0
370	2644.6666666666665	0.0
380	2420.6666666666665	0.0
390	1657.3333333333333	0.0
400	1791.6666666666667	0.0
410	2675.0	0.0
420	1857.3333333333333	0.0
430	2235.3333333333335	0.0
440	2221.3333333333335	0.0
450	2187.5	0.0
460	1649.3333333333333	0.0
470	1831.0	0.0
480	1838.3333333333333	0.0
490	1929.8333333333333	0.0
500	2164.1666666666665	0.0
510	2430.0	0.0
520	1687.3333333333333	0.0
530	2065.3333333333335	0.0
540	2380.0	0.0
550	2422.1666666666665	0.0
560	1952.3333333333333	0.0
570	2363.6666666666665	0.0
580	2289.6666666666665	0.0
590	1889.0	0.0
600	1998.3333333333333	0.0
610	1731.1666666666667	0.0
620	1806.0	0.0
630	2519.3333333333335	0.0
640	2552.0	0.0
650	2464.1666666666665	0.0
660	2388.1666666666665	0.0
670	2547.3333333333335	0.0
680	2472.6666666666665	0.0
690	1661.0	0.0
700	2174.1666666666665	0.0
710	2165.8333333333335	0.0
720	2350.3333333333335	0.0
730	2498.5	0.0
740	2389.3333333333335	0.0
750	2132.8333333333335	0.0
760	2545.6666666666665	0.0
770	2376.6666666666665	0.0
780	2322.3333333333335	0.0
790	2650.0	0.0
800	2437.3333333333335	0.0
810	2649.1666666666665	0.0
820	2438.3333333333335	0.0
830	2618.3333333333335	0.0
840	2068.8333333333335	0.0
850	2788.1666666666665	0.0
860	2623.6666666666665	0.0
870	2692.5	0.0
880	2270.0	0.0
890	2437.3333333333335	0.0
900	2389.0	0.0
910	2276.0	0.0
920	2045.5	0.0
930	2338.5	0.0
940	1848.6666666666667	0.0
950	1815.3333333333333	0.0
960	2024.1666666666667	0.0
970	1758.0	0.0
980	2027.0	0.0
990	2547.6666666666665	0.0
1000	1916.6666666666667	0.0
