0	274.0	0.0
10	185.66666666666666	370.0
20	621.6666666666666	464.0
30	1447.6666666666667	166.0
40	1588.0	0.0
50	1314.1666666666667	0.0
60	2300.0	0.0
70	2219.1666666666665	0.0
80	2306.3333333333335	0.0
90	2133.6666666666665	0.0
100	2108.0	0.0
110	2420.0	0.0
120	2412.8333333333335	0.0
130	2409.5	0.0
140	2683.6666666666665	0.0
150	2346.6666666666665	0.0
160	2573.3333333333335	0.0
170	2036.0	0.0
180	2516.3333333333335	0.0
190	2090.8333333333335	0.0
200	2500.6666666666665	0.0
210	2188.3333333333335	0.0
220	2404.6666666666665	0.0
230	2266.0	0.0
240	2358.1666666666665	0.0
250	2511.0	0.0
260	1731.8333333333333	0.0
270	923.0	0.0
280	1879.3333333333333	0.0
290	1349.8333333333333	0.0
300	1572.0	0.0
310	2042.3333333333333	0.0
320	2184.8333333333335	0.0
330	1821.0	0.0
340	2094.5	0.0
350	2171.6666666666665	0.0
360	1804.8333333333333	0.0
370	2367.1666666666665	0.0
380	2386.5	0.0
390	1849.6666666666667	0.0
400	2253.5	0.0
410	2415.3333333333335	0.0
420	1912.6666666666667	0.0
430	2560.3333333333335	0.0
440	2647.0	0.0
450	2302.0	0.0
460	2470.6666666666665	0.0
470	2344.6666666666665	0.0
480	2338.8333333333335	0.0
490	2353.0	0.0
500	2426.3333333333335	0.0
510	2557.0	0.0
520	1944.0	0.0
530	2368.6666666666665	0.0
540	2541.5	0.0
550	2429.6666666666665	0.0
560	2322.6666666666665	0.0
570	1817.5	0.0
580	1707.3333333333333	0.0
590	2092.0	0.0
600	2189.8333333333335	0.0
610	1717.1666666666667	0.0
620	1510.0	0.0
630	1730.6666666666667	0.0
640	2462.8333333333335	0.0
650	2501.6666666666665	0.0
660	2413.6666666666665	0.0
670	1901.0	0.0
680	2350.8333333333335	0.0
690	1900.8333333333333	0.0
700	1886.1666666666667	0.0
710	1766.1666666666667	0.0
720	1784.6666666666667	0.0
730	2043.0	0.0
740	2712.3333333333335	0.0
750	1986.8333333333333	0.0
760	2243.6666666666665	0.0
770	2353.3333333333335	0.0
780	2280.0	0.0
790	2212.8333333333335	0.0
800	1761.0	0.0
810	2615.6666666666665	0.0
820	2447.8333333333335	0.0
830	2506.3333333333335	0.0
840	2466.1666666666665	0.0
850	2516.6666666666665	0.0
860	2104.1666666666665	0.0
870	2389.3333333333335	0.0
880	2400.5	0.0
890	2404.1666666666665	0.0
900	2433.3333333333335	0.0
910	2279.3333333333335	0.0
920	2401.1666666666665	0.0
930	2363.1666666666665	0.0
940	2454.5	0.0
950	2352.3333333333335	0.0
960	2569.0	0.0
970	2519.0	0.0
980	1814.6666666666667	0.0
990	2350.1666666666665	0.0
1000	1670.3333333333333	0.0
