0	249.33333333333334	0.0
10	100.0	1000.0
20	136.33333333333334	0.0
30	285.3333333333333	0.0
40	630.0	0.0
50	1850.3333333333333	0.0
60	1177.0	0.0
70	1399.6666666666667	0.0
80	1697.0	0.0
90	2195.0	0.0
100	2404.0	0.0
110	2338.3333333333335	0.0
120	2644.0	0.0
130	2225.6666666666665	0.0
140	2365.1666666666665	0.0
150	2469.3333333333335	0.0
160	2265.5	0.0
170	2442.3333333333335	0.0
180	2218.0	0.0
190	2464.6666666666665	0.0
200	2575.3333333333335	0.0
210	2247.0	0.0
220	2240.6666666666665	0.0
230	2410.1666666666665	0.0
240	2281.6666666666665	0.0
250	2520.3333333333335	0.0
260	2419.1666666666665	0.0
270	2387.3333333333335	0.0
280	2316.6666666666665	0.0
290	2454.0	0.0
300	2447.1666666666665	0.0
310	2483.0	0.0
320	2525.3333333333335	0.0
330	2118.0	0.0
340	2504.8333333333335	0.0
350	2400.6666666666665	0.0
360	2630.0	0.0
370	2473.8333333333335	0.0
380	1328.3333333333333	0.0
390	2468.0	0.0
400	2480.3333333333335	0.0
410	2044.6666666666667	0.0
420	2457.5	0.0
430	2381.3333333333335	0.0
440	2326.6666666666665	0.0
450	2557.3333333333335	0.0
460	2397.1666666666665	0.0
470	2425.3333333333335	0.0
480	2430.3333333333335	0.0
490	1663.6666666666667	0.0
500	2297.8333333333335	0.0
510	2088.5	0.0
520	1517.0	0.0
530	1955.5	0.0
540	1443.8333333333333	0.0
550	1929.5	0.0
560	1744.6666666666667	0.0
570	1628.6666666666667	0.0
580	1802.1666666666667	0.0
590	1896.8333333333333	0.0
600	2484.6666666666665	0.0
