0	300.0	0.0
10	100.0	1000.0
20	70.0	0.0
30	70.0	0.0
40	248.33333333333334	0.0
50	253.66666666666666	0.0
60	1755.0	0.0
70	1857.6666666666667	0.0
80	1807.0	0.0
90	2044.3333333333333	0.0
100	2268.3333333333335	0.0
110	2091.0	0.0
120	2365.3333333333335	0.0
130	2295.6666666666665	0.0
140	2341.0	0.0
150	2078.0	0.0
160	2264.3333333333335	0.0
170	2140.1666666666665	0.0
180	2304.6666666666665	0.0
190	2462.0	0.0
200	2510.0	0.0
210	2168.6666666666665	0.0
220	2522.0	0.0
230	2491.0	0.0
240	2395.5	0.0
250	2393.3333333333335	0.0
260	2361.1666666666665	0.0
270	2469.3333333333335	0.0
280	2342.1666666666665	0.0
290	1214.6666666666667	0.0
300	1453.8333333333333	0.0
310	1613.3333333333333	0.0
320	1677.0	0.0
330	2051.3333333333335	0.0
340	1486.3333333333333	0.0
350	1675.8333333333333	0.0
360	2155.5	0.0
370	1660.1666666666667	0.0
380	1717.0	0.0
390	1801.6666666666667	0.0
400	2015.8333333333333	0.0
410	1967.5	0.0
420	2085.1666666666665	0.0
430	1829.3333333333333	0.0
440	1762.6666666666667	0.0
450	1511.0	0.0
460	1749.3333333333333	0.0
470	1875.0	0.0
480	1436.3333333333333	0.0
490	2460.0	0.0
500	1674.6666666666667	0.0
510	2035.6666666666667	0.0
520	2291.0	0.0
530	2358.8333333333335	0.0
540	2431.0	0.0
550	2288.3333333333335	0.0
560	2819.3333333333335	0.0
570	2280.0	0.0
580	2264.6666666666665	0.0
590	2577.0	0.0
600	2314.1666666666665	0.0
