0	284.0	0.0
10	70.0	1000.0
20	70.0	0.0
30	70.0	0.0
40	72.0	0.0
50	114.0	0.0
60	215.33333333333334	0.0
70	162.33333333333334	0.0
80	271.0	0.0
90	1396.3333333333333	0.0
100	1920.6666666666667	0.0
110	1656.0	0.0
120	1993.3333333333333	0.0
130	2320.6666666666665	0.0
140	2245.3333333333335	0.0
150	2113.6666666666665	0.0
160	1927.3333333333333	0.0
170	2155.5	0.0
180	2284.0	0.0
190	2208.6666666666665	0.0
200	2038.0	0.0
210	2500.3333333333335	0.0
220	2416.8333333333335	0.0
230	1745.6666666666667	0.0
240	2381.0	0.0
250	2278.3333333333335	0.0
260	2464.3333333333335	0.0
270	2462.0	0.0
280	2483.0	0.0
290	1256.0	0.0
300	1095.0	0.0
310	1425.0	0.0
320	909.0	0.0
330	2083.8333333333335	0.0
340	2066.5	0.0
350	1849.1666666666667	0.0
360	2033.8333333333333	0.0
370	2193.6666666666665	0.0
380	2176.3333333333335	0.0
390	2055.0	0.0
400	2167.6666666666665	0.0
410	1975.0	0.0
420	1982.3333333333333	0.0
430	1836.1666666666667	0.0
440	1564.3333333333333	0.0
450	2040.1666666666667	0.0
460	1894.0	0.0
470	2223.3333333333335	0.0
480	2829.8333333333335	0.0
490	2431.1666666666665	0.0
500	2590.6666666666665	0.0
510	2174.5	0.0
520	2225.3333333333335	0.0
530	2205.1666666666665	0.0
540	1951.6666666666667	0.0
550	2490.8333333333335	0.0
560	2457.3333333333335	0.0
570	2631.3333333333335	0.0
580	2613.6666666666665	0.0
590	2256.3333333333335	0.0
600	2480.3333333333335	0.0
610	2696.0	0.0
620	2605.0	0.0
630	2389.6666666666665	0.0
640	2320.3333333333335	0.0
650	2249.1666666666665	0.0
660	2169.0	0.0
670	2405.8333333333335	0.0
680	2522.6666666666665	0.0
690	2495.0	0.0
700	1769.3333333333333	0.0
710	2333.5	0.0
720	2424.0	0.0
730	2525.1666666666665	0.0
740	2451.6666666666665	0.0
750	1458.3333333333333	0.0
760	1725.6666666666667	0.0
770	2394.6666666666665	0.0
780	1759.5	0.0
790	1879.5	0.0
800	1902.0	0.0
810	2166.8333333333335	0.0
820	2085.6666666666665	0.0
830	1860.3333333333333	0.0
840	1737.6666666666667	0.0
850	2053.3333333333335	0.0
860	2130.0	0.0
870	2302.5	0.0
880	1614.3333333333333	0.0
890	1878.1666666666667	0.0
900	2350.6666666666665	0.0
910	2463.6666666666665	0.0
920	2317.8333333333335	0.0
930	2536.3333333333335	0.0
940	1811.6666666666667	0.0
950	2051.0	0.0
960	2142.1666666666665	0.0
970	2754.0	0.0
980	2649.6666666666665	0.0
990	2658.8333333333335	0.0
1000	2413.3333333333335	0.0
