0	254.0	0.0
10	70.0	0.0
20	70.0	0.0
30	70.0	0.0
40	70.0	0.0
50	70.0	0.0
60	70.0	0.0
70	70.0	0.0
80	70.0	0.0
90	73.0	0.0
100	70.33333333333333	0.0
110	75.33333333333333	0.0
120	107.33333333333333	0.0
130	161.0	0.0
140	405.0	0.0
150	267.3333333333333	0.0
160	408.0	0.0
170	191.33333333333334	0.0
180	289.6666666666667	0.0
190	437.3333333333333	0.0
200	343.0	0.0
210	220.0	0.0
220	255.33333333333334	0.0
230	226.33333333333334	0.0
240	121.33333333333333	0.0
250	339.6666666666667	0.0
260	474.3333333333333	0.0
270	336.0	0.0
280	241.66666666666666	0.0
290	517.6666666666666	0.0
300	567.0	0.0
310	415.3333333333333	0.0
320	551.6666666666666	0.0
330	483.6666666666667	0.0
340	689.6666666666666	0.0
350	487.3333333333333	0.0
360	687.6666666666666	0.0
370	660.0	0.0
380	982.0	0.0
390	1095.1666666666667	0.0
400	1270.0	0.0
410	1321.0	0.0
420	1420.0	0.0
430	1350.0	0.0
440	1665.5	0.0
450	1810.3333333333333	0.0
460	1324.3333333333333	0.0
470	1124.0	0.0
480	2330.6666666666665	0.0
490	1961.6666666666667	0.0
500	2168.0	0.0
510	2489.3333333333335	0.0
520	2120.1666666666665	0.0
530	2241.6666666666665	0.0
540	1912.0	0.0
550	1600.3333333333333	0.0
560	2299.6666666666665	0.0
570	2177.3333333333335	0.0
580	1534.3333333333333	0.0
590	1582.6666666666667	0.0
600	1832.6666666666667	0.0
610	2008.5	0.0
620	1742.1666666666667	0.0
630	2239.3333333333335	0.0
640	1700.0	0.0
650	2065.5	0.0
660	2353.3333333333335	0.0
670	1760.3333333333333	0.0
680	1796.0	0.0
690	1894.6666666666667	0.0
700	1749.1666666666667	0.0
710	1874.3333333333333	0.0
720	2219.5	0.0
730	2407.6666666666665	0.0
740	1972.1666666666667	0.0
750	1925.3333333333333	0.0
760	2192.3333333333335	0.0
770	2700.5	0.0
780	2423.0	0.0
790	2469.8333333333335	0.0
800	2386.6666666666665	0.0
810	2362.6666666666665	0.0
820	2342.6666666666665	0.0
830	1947.0	0.0
840	2330.3333333333335	0.0
850	2581.5	0.0
860	2428.8333333333335	0.0
870	2254.8333333333335	0.0
880	1824.8333333333333	0.0
890	2576.3333333333335	0.0
900	2515.0	0.0
910	2326.0	0.0
920	2755.3333333333335	0.0
930	2435.6666666666665	0.0
940	1711.6666666666667	0.0
950	1632.0	0.0
960	2364.6666666666665	0.0
970	2189.5	0.0
980	2109.8333333333335	0.0
990	2058.6666666666665	0.0
1000	2230.6666666666665	0.0
