0	279.0	0.0
10	70.0	0.0
20	70.0	0.0
30	70.0	0.0
40	70.0	0.0
50	70.0	0.0
60	70.0	0.0
70	70.0	0.0
80	71.0	0.0
90	74.0	0.0
100	112.0	0.0
110	175.33333333333334	0.0
120	83.0	0.0
130	146.0	0.0
140	302.3333333333333	0.0
150	105.66666666666667	0.0
160	112.33333333333333	0.0
170	207.0	0.0
180	549.0	0.0
190	687.6666666666666	0.0
200	356.3333333333333	0.0
210	542.3333333333334	0.0
220	445.6666666666667	0.0
230	389.0	0.0
240	331.6666666666667	0.0
250	432.3333333333333	0.0
260	600.0	0.0
270	418.3333333333333	0.0
280	355.6666666666667	0.0
290	446.3333333333333	0.0
300	512.3333333333334	0.0
310	809.6666666666666	0.0
320	1211.8333333333333	0.0
330	934.3333333333334	0.0
340	1110.3333333333333	0.0
350	2002.3333333333333	0.0
360	2238.3333333333335	0.0
370	2242.5	0.0
380	1860.6666666666667	0.0
390	1393.0	0.0
400	2195.0	0.0
410	2386.1666666666665	0.0
420	2800.0	0.0
430	2531.3333333333335	0.0
440	2438.6666666666665	0.0
450	2330.1666666666665	0.0
460	1872.1666666666667	0.0
470	2207.8333333333335	0.0
480	2128.0	0.0
490	2380.0	0.0
500	2382.0	0.0
510	2380.0	0.0
520	2443.3333333333335	0.0
530	2544.0	0.0
540	2602.6666666666665	0.0
550	2677.0	0.0
560	2484.5	0.0
570	2748.1666666666665	0.0
580	2345.3333333333335	0.0
590	2326.0	0.0
600	2495.8333333333335	0.0
610	2454.6666666666665	0.0
620	2277.3333333333335	0.0
630	2424.3333333333335	0.0
640	2289.3333333333335	0.0
650	2381.3333333333335	0.0
660	2672.8333333333335	0.0
670	2497.8333333333335	0.0
680	2105.3333333333335	0.0
690	1813.0	0.0
700	2004.3333333333333	0.0
710	2062.0	0.0
720	1983.6666666666667	0.0
730	1834.3333333333333	0.0
740	1808.6666666666667	0.0
750	1835.3333333333333	0.0
760	2123.8333333333335	0.0
770	2397.3333333333335	0.0
780	1874.6666666666667	0.0
790	2074.6666666666665	0.0
800	1854.6666666666667	0.0
810	2330.8333333333335	0.0
820	2364.1666666666665	0.0
830	1611.3333333333333	0.0
840	1734.3333333333333	0.0
850	2310.3333333333335	0.0
860	1950.1666666666667	0.0
870	2660.0	0.0
880	2464.3333333333335	0.0
890	2454.3333333333335	0.0
900	2099.8333333333335	0.0
910	2160.0	0.0
920	1935.3333333333333	0.0
930	1922.3333333333333	0.0
940	1741.3333333333333	0.0
950	2035.3333333333333	0.0
960	2161.1666666666665	0.0
970	2160.6666666666665	0.0
980	1756.6666666666667	0.0
990	1711.3333333333333	0.0
1000	1912.1666666666667	0.0
