0	242.66666666666666	0.0
10	70.0	6.0
20	70.0	1.0
30	70.0	5.0
40	70.0	10.0
50	70.0	9.0
60	70.0	2.0
70	70.0	10.0
80	70.66666666666667	0.0
90	70.33333333333333	0.0
100	131.33333333333334	0.0
110	230.0	8.0
120	305.0	30.0
130	125.0	27.0
140	309.6666666666667	12.0
150	322.0	7.0
160	1552.0	26.0
170	904.0	33.0
180	1933.6666666666667	16.0
190	1951.1666666666667	16.0
200	2060.3333333333335	20.0
210	1843.3333333333333	19.0
220	2310.6666666666665	25.0
230	2446.5	32.0
240	2374.6666666666665	26.0
250	2272.6666666666665	19.0
260	2547.0	25.0
270	2230.0	17.0
280	2221.1666666666665	23.0
290	2247.3333333333335	19.0
300	2562.1666666666665	35.0
310	2294.3333333333335	23.0
320	2261.5	17.0
330	2465.1666666666665	39.0
340	2344.0	12.0
350	2220.3333333333335	17.0
360	2267.6666666666665	23.0
370	2327.6666666666665	19.0
380	1621.0	35.0
390	1722.6666666666667	17.0
400	1897.8333333333333	27.0
410	1732.6666666666667	27.0
420	2175.6666666666665	19.0
430	1906.3333333333333	22.0
440	2197.0	20.0
450	1647.5	31.0
460	2025.6666666666667	16.0
470	2038.6666666666667	33.0
480	2223.5	29.0
490	2076.0	29.0
500	1904.3333333333333	19.0
510	2095.0	41.0
520	2150.5	7.0
530	1832.1666666666667	0.0
540	1973.6666666666667	0.0
550	2257.8333333333335	0.0
560	2163.0	0.0
570	2429.1666666666665	0.0
580	2149.3333333333335	0.0
590	2145.1666666666665	0.0
600	1855.5	0.0
