0	274.0	0.0
10	70.0	0.0
20	70.0	3.0
30	70.0	5.0
40	70.0	15.0
50	70.0	0.0
60	70.0	17.0
70	70.0	0.0
80	70.0	1.0
90	72.33333333333333	4.0
100	81.0	10.0
110	165.66666666666666	27.0
120	344.0	22.0
130	377.3333333333333	0.0
140	117.66666666666667	32.0
150	435.6666666666667	3.0
160	247.33333333333334	5.0
170	567.0	23.0
180	1539.0	60.0
190	1098.3333333333333	9.0
200	1879.8333333333333	14.0
210	2039.3333333333333	28.0
220	2153.6666666666665	26.0
230	2222.3333333333335	42.0
240	2103.0	18.0
250	2304.1666666666665	33.0
260	2282.6666666666665	23.0
270	2129.6666666666665	52.0
280	2404.0	30.0
290	2531.0	27.0
300	2549.5	19.0
310	2158.3333333333335	17.0
320	2484.0	25.0
330	2309.6666666666665	28.0
340	2417.0	28.0
350	2338.6666666666665	20.0
360	2333.6666666666665	15.0
370	1750.1666666666667	8.0
380	1854.5	11.0
390	2351.0	21.0
400	1899.6666666666667	26.0
410	2239.1666666666665	31.0
420	2376.0	23.0
430	2404.0	22.0
440	2306.6666666666665	17.0
450	2092.1666666666665	27.0
460	1986.6666666666667	4.0
470	1703.5	28.0
480	2030.0	29.0
490	2189.0	36.0
500	1875.3333333333333	33.0
510	1963.1666666666667	3.0
520	2589.5	0.0
530	2634.8333333333335	0.0
540	2260.0	0.0
550	2399.3333333333335	0.0
560	2393.5	0.0
570	2471.3333333333335	0.0
580	2312.3333333333335	0.0
590	2363.6666666666665	0.0
600	2430.3333333333335	0.0
