0	236.66666666666666	0.0
10	70.0	0.0
20	70.0	0.0
30	70.0	0.0
40	70.0	0.0
50	70.0	0.0
60	70.0	0.0
70	70.0	0.0
80	70.0	0.0
90	87.0	0.0
100	87.0	0.0
110	71.66666666666667	0.0
120	71.33333333333333	0.0
130	363.3333333333333	0.0
140	222.66666666666666	0.0
150	220.66666666666666	0.0
160	186.66666666666666	0.0
170	295.0	0.0
180	247.0	0.0
190	212.0	0.0
200	362.0	0.0
210	345.0	0.0
220	285.3333333333333	0.0
230	391.6666666666667	0.0
240	309.0	0.0
250	296.6666666666667	0.0
260	269.3333333333333	0.0
270	240.66666666666666	0.0
280	433.0	0.0
290	389.3333333333333	0.0
300	375.3333333333333	0.0
310	311.6666666666667	0.0
320	460.0	0.0
330	639.0	0.0
340	573.3333333333334	0.0
350	677.3333333333334	0.0
360	1124.5	0.0
370	1050.6666666666667	0.0
380	1438.3333333333333	0.0
390	1470.5	0.0
400	2055.1666666666665	0.0
410	2242.3333333333335	0.0
420	1335.5	0.0
430	1797.8333333333333	0.0
440	1878.3333333333333	0.0
450	1175.6666666666667	0.0
460	1566.6666666666667	0.0
470	1893.0	0.0
480	1901.6666666666667	0.0
490	2211.5	0.0
500	2245.6666666666665	0.0
510	2258.1666666666665	0.0
520	2234.3333333333335	0.0
530	2434.6666666666665	0.0
540	2332.0	0.0
550	2379.6666666666665	0.0
560	2289.0	0.0
570	2468.3333333333335	0.0
580	2258.6666666666665	0.0
590	2175.3333333333335	0.0
600	2118.1666666666665	0.0
