0	218.0	0.0
10	70.0	0.0
20	70.0	0.0
30	70.0	0.0
40	70.0	0.0
50	70.0	0.0
60	70.0	0.0
70	70.0	0.0
80	71.33333333333333	0.0
90	73.33333333333333	0.0
100	93.0	0.0
110	147.0	0.0
120	367.0	0.0
130	294.0	0.0
140	145.66666666666666	0.0
150	177.0	0.0
160	214.0	0.0
170	377.0	0.0
180	407.3333333333333	0.0
190	190.0	0.0
200	189.33333333333334	0.0
210	424.6666666666667	0.0
220	314.3333333333333	0.0
230	333.3333333333333	0.0
240	399.6666666666667	0.0
250	302.3333333333333	0.0
260	344.3333333333333	0.0
270	317.0	0.0
280	428.3333333333333	0.0
290	568.3333333333334	0.0
300	730.3333333333334	0.0
310	459.0	0.0
320	865.3333333333334	0.0
330	1107.5	0.0
340	2119.3333333333335	0.0
350	2382.6666666666665	0.0
360	2346.1666666666665	0.0
370	1073.0	0.0
380	2345.0	0.0
390	2506.5	0.0
400	2513.0	0.0
410	2568.3333333333335	0.0
420	2608.6666666666665	0.0
430	2530.6666666666665	0.0
440	2266.1666666666665	0.0
450	2556.8333333333335	0.0
460	2624.6666666666665	0.0
470	2340.3333333333335	0.0
480	2503.3333333333335	0.0
490	2201.8333333333335	0.0
500	2574.3333333333335	0.0
510	2381.3333333333335	0.0
520	2516.0	0.0
530	2259.0	0.0
540	2277.5	0.0
550	2340.0	0.0
560	2427.1666666666665	0.0
570	2509.0	0.0
580	1518.6666666666667	0.0
590	1920.6666666666667	0.0
600	1989.6666666666667	0.0
