0	268.6666666666667	0.0
10	124.0	1000.0
20	122.66666666666667	0.0
30	115.66666666666667	0.0
40	119.66666666666667	0.0
50	113.0	0.0
60	101.66666666666667	0.0
70	100.66666666666667	0.0
80	100.33333333333333	0.0
90	100.0	0.0
100	101.0	0.0
110	108.66666666666667	0.0
120	111.33333333333333	0.0
130	113.66666666666667	0.0
140	121.66666666666667	0.0
150	132.33333333333334	0.0
160	375.0	0.0
170	133.33333333333334	0.0
180	171.33333333333334	0.0
190	133.0	0.0
200	396.6666666666667	0.0
210	398.0	0.0
220	478.6666666666667	0.0
230	507.6666666666667	0.0
240	635.0	0.0
250	716.0	0.0
260	428.0	0.0
270	662.0	0.0
280	914.3333333333334	0.0
290	1116.0	0.0
300	1345.6666666666667	0.0
310	1338.6666666666667	0.0
320	1198.0	0.0
330	1187.3333333333333	0.0
340	1353.3333333333333	0.0
350	1532.3333333333333	0.0
360	1704.6666666666667	0.0
370	1867.8333333333333	0.0
380	1558.3333333333333	0.0
390	1887.6666666666667	0.0
400	1463.0	0.0
410	2299.6666666666665	0.0
420	2454.1666666666665	0.0
430	2246.3333333333335	0.0
440	2238.3333333333335	0.0
450	2343.3333333333335	0.0
460	2155.3333333333335	0.0
470	2174.0	0.0
480	2096.0	0.0
490	2155.6666666666665	0.0
500	2526.0	0.0
510	2209.6666666666665	0.0
520	2317.0	0.0
530	2187.3333333333335	0.0
540	2284.3333333333335	0.0
550	2688.0	0.0
560	2517.6666666666665	0.0
570	2528.1666666666665	0.0
580	2460.5	0.0
590	2381.3333333333335	0.0
600	2634.1666666666665	0.0
610	2531.1666666666665	0.0
620	2373.1666666666665	0.0
630	2517.3333333333335	0.0
640	2619.6666666666665	0.0
650	2394.0	0.0
660	2638.0	0.0
670	2557.6666666666665	0.0
680	2561.1666666666665	0.0
690	2730.8333333333335	0.0
700	2730.1666666666665	0.0
710	2571.6666666666665	0.0
720	2572.8333333333335	0.0
730	2270.3333333333335	0.0
740	2371.0	0.0
750	2661.3333333333335	0.0
760	2662.3333333333335	0.0
770	2753.1666666666665	0.0
780	2286.5	0.0
790	2461.6666666666665	0.0
800	2519.1666666666665	0.0
810	2601.8333333333335	0.0
820	2475.0	0.0
830	2685.1666666666665	0.0
840	2449.3333333333335	0.0
850	2409.3333333333335	0.0
860	2554.3333333333335	0.0
870	2534.6666666666665	0.0
880	2810.6666666666665	0.0
890	2673.5	0.0
900	2477.5	0.0
910	2398.0	0.0
920	2424.6666666666665	0.0
930	2564.6666666666665	0.0
940	2443.6666666666665	0.0
950	2639.5	0.0
960	2400.1666666666665	0.0
970	2143.6666666666665	0.0
980	2795.6666666666665	0.0
990	1902.8333333333333	0.0
1000	1681.8333333333333	0.0
