0	236.66666666666666	0.0
10	70.0	0.0
20	70.0	0.0
30	70.0	0.0
40	70.0	0.0
50	70.0	0.0
60	70.0	0.0
70	70.0	0.0
80	71.66666666666667	0.0
90	71.33333333333333	0.0
100	73.0	0.0
110	143.0	0.0
120	303.6666666666667	0.0
130	84.33333333333333	0.0
140	261.6666666666667	0.0
150	315.6666666666667	0.0
160	149.0	0.0
170	298.6666666666667	0.0
180	161.66666666666666	0.0
190	89.66666666666667	0.0
200	258.6666666666667	0.0
210	338.3333333333333	0.0
220	303.0	0.0
230	290.6666666666667	0.0
240	341.3333333333333	0.0
250	277.6666666666667	0.0
260	406.0	0.0
270	427.3333333333333	0.0
280	389.0	0.0
290	446.6666666666667	0.0
300	562.6666666666666	0.0
310	486.3333333333333	0.0
320	581.3333333333334	0.0
330	635.6666666666666	0.0
340	1130.3333333333333	0.0
350	1429.1666666666667	0.0
360	892.6666666666666	0.0
370	972.6666666666666	0.0
380	1724.5	0.0
390	1357.6666666666667	0.0
400	1989.0	0.0
410	2109.0	0.0
420	1733.3333333333333	0.0
430	2579.3333333333335	0.0
440	2064.0	0.0
450	2465.6666666666665	0.0
460	2470.6666666666665	0.0
470	2478.0	0.0
480	2288.6666666666665	0.0
490	2655.6666666666665	0.0
500	2521.6666666666665	0.0
510	2295.6666666666665	0.0
520	2389.3333333333335	0.0
530	2353.6666666666665	0.0
540	2055.0	0.0
550	2394.6666666666665	0.0
560	2049.0	0.0
570	1995.6666666666667	0.0
580	2444.0	0.0
590	2458.1666666666665	0.0
600	2090.5	0.0
610	2399.0	0.0
620	2426.3333333333335	0.0
630	2294.3333333333335	0.0
640	2337.0	0.0
650	2325.8333333333335	0.0
660	2256.5	0.0
670	1827.3333333333333	0.0
680	2554.6666666666665	0.0
690	1991.0	0.0
700	1937.6666666666667	0.0
710	2068.3333333333335	0.0
720	1517.3333333333333	0.0
730	1918.1666666666667	0.0
740	1771.1666666666667	0.0
750	2102.0	0.0
760	1612.0	0.0
770	2372.6666666666665	0.0
780	2182.8333333333335	0.0
790	2325.0	0.0
800	2338.3333333333335	0.0
810	2005.3333333333333	0.0
820	1848.5	0.0
830	2258.8333333333335	0.0
840	2528.8333333333335	0.0
850	2643.5	0.0
860	2551.8333333333335	0.0
870	2414.3333333333335	0.0
880	2486.5	0.0
890	2258.6666666666665	0.0
900	2367.8333333333335	0.0
910	2212.6666666666665	0.0
920	2374.8333333333335	0.0
930	2014.6666666666667	0.0
940	2652.6666666666665	0.0
950	2434.0	0.0
960	2269.8333333333335	0.0
970	2186.6666666666665	0.0
980	2688.8333333333335	0.0
990	2438.0	0.0
1000	2522.6666666666665	0.0
