0	236.66666666666666	0.0
10	70.0	0.0
20	70.0	0.0
30	70.0	0.0
40	70.0	0.0
50	70.0	0.0
60	70.0	0.0
70	70.0	0.0
80	71.66666666666667	0.0
90	74.0	0.0
100	96.66666666666667	0.0
110	191.33333333333334	0.0
120	340.3333333333333	0.0
130	323.3333333333333	0.0
140	393.3333333333333	0.0
150	354.6666666666667	0.0
160	75.0	0.0
170	142.33333333333334	0.0
180	99.33333333333333	0.0
190	174.33333333333334	0.0
200	524.3333333333334	0.0
210	634.0	0.0
220	463.3333333333333	0.0
230	337.3333333333333	0.0
240	529.3333333333334	0.0
250	385.0	0.0
260	319.3333333333333	0.0
270	400.6666666666667	0.0
280	385.3333333333333	0.0
290	332.0	0.0
300	512.3333333333334	0.0
310	477.6666666666667	0.0
320	423.3333333333333	0.0
330	856.0	0.0
340	702.3333333333334	0.0
350	579.3333333333334	0.0
360	784.3333333333334	0.0
370	1606.5	0.0
380	1383.1666666666667	0.0
390	1694.8333333333333	0.0
400	1779.3333333333333	0.0
410	2215.0	0.0
420	1591.3333333333333	0.0
430	1636.6666666666667	0.0
440	1879.8333333333333	0.0
450	2082.6666666666665	0.0
460	1567.6666666666667	0.0
470	1903.3333333333333	0.0
480	1468.6666666666667	0.0
490	2033.5	0.0
500	1639.0	0.0
510	1457.3333333333333	0.0
520	1617.0	0.0
530	1634.0	0.0
540	1631.3333333333333	0.0
550	1601.3333333333333	0.0
560	1807.8333333333333	0.0
570	1704.6666666666667	0.0
580	2091.8333333333335	0.0
590	1728.8333333333333	0.0
600	2169.3333333333335	0.0
610	2029.0	0.0
620	2496.5	0.0
630	2362.6666666666665	0.0
640	1982.5	0.0
650	2154.0	0.0
660	1644.0	0.0
670	2055.5	0.0
680	2193.6666666666665	0.0
690	1978.1666666666667	0.0
700	1929.0	0.0
710	2410.6666666666665	0.0
720	2361.1666666666665	0.0
730	2534.1666666666665	0.0
740	2601.1666666666665	0.0
750	2198.8333333333335	0.0
760	2521.5	0.0
770	2276.8333333333335	0.0
780	2443.0	0.0
790	2520.3333333333335	0.0
800	2525.8333333333335	0.0
810	2272.6666666666665	0.0
820	2466.6666666666665	0.0
830	2536.3333333333335	0.0
840	2267.3333333333335	0.0
850	2620.6666666666665	0.0
860	2220.0	0.0
870	2455.8333333333335	0.0
880	2453.3333333333335	0.0
890	2355.1666666666665	0.0
900	2307.6666666666665	0.0
910	2302.1666666666665	0.0
920	2311.3333333333335	0.0
930	2381.0	0.0
940	2271.3333333333335	0.0
950	1998.1666666666667	0.0
960	1801.6666666666667	0.0
970	1813.5	0.0
980	1898.6666666666667	0.0
990	1559.3333333333333	0.0
1000	1726.0	0.0
