0	236.66666666666666	0.0
10	78.66666666666667	452.0
20	70.66666666666667	548.0
30	70.0	0.0
40	70.0	0.0
50	70.0	0.0
60	70.0	0.0
70	70.0	0.0
80	70.0	0.0
90	70.0	0.0
100	70.0	0.0
110	71.0	0.0
120	104.0	0.0
130	73.66666666666667	0.0
140	263.3333333333333	0.0
150	242.66666666666666	0.0
160	79.0	0.0
170	592.6666666666666	0.0
180	949.6666666666666	0.0
190	1300.3333333333333	0.0
200	1254.6666666666667	0.0
210	1116.3333333333333	0.0
220	1029.3333333333333	0.0
230	760.0	0.0
240	1131.0	0.0
250	1521.3333333333333	0.0
260	1522.3333333333333	0.0
270	1420.0	0.0
280	1856.3333333333333	0.0
290	1802.0	0.0
300	1818.3333333333333	0.0
310	2228.8333333333335	0.0
320	2112.3333333333335	0.0
330	2121.3333333333335	0.0
340	2351.0	0.0
350	2053.3333333333335	0.0
360	2359.3333333333335	0.0
370	2196.3333333333335	0.0
380	2320.1666666666665	0.0
390	2240.6666666666665	0.0
400	2137.0	0.0
410	2301.3333333333335	0.0
420	2419.0	0.0
430	2508.5	0.0
440	2600.6666666666665	0.0
450	2507.0	0.0
460	2353.3333333333335	0.0
470	2659.0	0.0
480	2457.1666666666665	0.0
490	2771.0	0.0
500	2326.3333333333335	0.0
510	2575.6666666666665	0.0
520	2582.0	0.0
530	2424.1666666666665	0.0
540	2540.1666666666665	0.0
550	2732.6666666666665	0.0
560	2577.5	0.0
570	2615.0	0.0
580	2629.5	0.0
590	2512.6666666666665	0.0
600	2479.8333333333335	0.0
610	2545.3333333333335	0.0
620	2564.3333333333335	0.0
630	2566.6666666666665	0.0
640	2510.0	0.0
650	2452.3333333333335	0.0
660	2390.8333333333335	0.0
670	2439.1666666666665	0.0
680	2555.0	0.0
690	2395.0	0.0
700	2484.5	0.0
710	2397.1666666666665	0.0
720	2427.6666666666665	0.0
730	2623.0	0.0
740	2607.6666666666665	0.0
750	2459.1666666666665	0.0
760	2387.8333333333335	0.0
770	2513.5	0.0
780	2357.8333333333335	0.0
790	2380.6666666666665	0.0
800	2563.3333333333335	0.0
810	2555.6666666666665	0.0
820	2538.3333333333335	0.0
830	2631.6666666666665	0.0
840	2398.5	0.0
850	2020.3333333333333	0.0
860	1877.6666666666667	0.0
870	2143.8333333333335	0.0
880	1825.0	0.0
890	2121.6666666666665	0.0
900	2069.1666666666665	0.0
910	2038.6666666666667	0.0
920	1527.0	0.0
930	1968.3333333333333	0.0
940	1926.6666666666667	0.0
950	1979.0	0.0
960	1607.8333333333333	0.0
970	2376.3333333333335	0.0
980	2641.6666666666665	0.0
990	2188.5	0.0
1000	2081.0	0.0
