0	245.66666666666666	0.0
10	95.66666666666667	255.0
20	70.0	483.0
30	70.0	262.0
40	70.0	0.0
50	70.0	0.0
60	70.0	0.0
70	70.0	0.0
80	70.0	0.0
90	70.0	0.0
100	70.0	0.0
110	70.0	0.0
120	71.66666666666667	0.0
130	71.0	0.0
140	267.6666666666667	0.0
150	567.3333333333334	0.0
160	1397.0	0.0
170	1561.0	0.0
180	1104.0	0.0
190	1232.0	0.0
200	1279.3333333333333	0.0
210	1950.0	0.0
220	1724.0	0.0
230	1699.6666666666667	0.0
240	1972.6666666666667	0.0
250	1813.6666666666667	0.0
260	1864.0	0.0
270	2240.0	0.0
280	1986.3333333333333	0.0
290	1928.6666666666667	0.0
300	2073.3333333333335	0.0
310	2162.6666666666665	0.0
320	2058.3333333333335	0.0
330	2279.1666666666665	0.0
340	2215.6666666666665	0.0
350	2220.0	0.0
360	2266.5	0.0
370	2446.6666666666665	0.0
380	2178.0	0.0
390	2585.5	0.0
400	2366.0	0.0
410	2261.3333333333335	0.0
420	2249.0	0.0
430	2375.8333333333335	0.0
440	2704.0	0.0
450	2545.3333333333335	0.0
460	2455.6666666666665	0.0
470	2226.5	0.0
480	2506.0	0.0
490	2424.0	0.0
500	2351.1666666666665	0.0
510	2783.6666666666665	0.0
520	2667.6666666666665	0.0
530	2599.6666666666665	0.0
540	2552.0	0.0
550	2536.0	0.0
560	2645.6666666666665	0.0
570	2454.8333333333335	0.0
580	2261.0	0.0
590	2472.0	0.0
600	2307.3333333333335	0.0
610	2560.8333333333335	0.0
620	2751.3333333333335	0.0
630	2633.3333333333335	0.0
640	2182.6666666666665	0.0
650	2640.8333333333335	0.0
660	2523.0	0.0
670	2395.6666666666665	0.0
680	2850.8333333333335	0.0
690	2398.3333333333335	0.0
700	2781.8333333333335	0.0
710	2335.6666666666665	0.0
720	2748.3333333333335	0.0
730	2727.5	0.0
740	2717.3333333333335	0.0
750	2401.5	0.0
760	2636.5	0.0
770	2747.0	0.0
780	2549.8333333333335	0.0
790	2468.0	0.0
800	2787.0	0.0
810	2838.3333333333335	0.0
820	2828.5	0.0
830	2719.0	0.0
840	2663.3333333333335	0.0
850	2651.0	0.0
860	2644.0	0.0
870	2628.6666666666665	0.0
880	2479.0	0.0
890	2607.6666666666665	0.0
900	2590.3333333333335	0.0
910	2298.0	0.0
920	2572.0	0.0
930	2562.0	0.0
940	2560.6666666666665	0.0
950	2761.8333333333335	0.0
960	2466.0	0.0
970	2607.0	0.0
980	2536.6666666666665	0.0
990	2465.6666666666665	0.0
1000	2400.3333333333335	0.0
