0	242.66666666666666	0.0
10	70.0	10.0
20	70.0	0.0
30	70.0	3.0
40	70.0	4.0
50	70.0	17.0
60	70.0	11.0
70	70.0	0.0
80	70.0	0.0
90	70.0	0.0
100	70.0	7.0
110	70.0	13.0
120	70.0	2.0
130	70.0	7.0
140	70.0	2.0
150	70.0	0.0
160	70.0	18.0
170	70.0	0.0
180	70.0	5.0
190	70.0	11.0
200	71.66666666666667	11.0
210	72.66666666666667	0.0
220	73.0	10.0
230	72.33333333333333	0.0
240	70.66666666666667	2.0
250	109.33333333333333	16.0
260	73.33333333333333	125.0
270	107.33333333333333	0.0
280	121.33333333333333	112.0
290	359.0	76.0
300	255.33333333333334	217.0
310	228.66666666666666	321.0
320	283.0	0.0
330	163.66666666666666	0.0
340	248.0	0.0
350	279.6666666666667	0.0
360	217.66666666666666	0.0
370	162.66666666666666	0.0
380	225.0	0.0
390	183.0	0.0
400	487.3333333333333	0.0
410	881.0	0.0
420	897.6666666666666	0.0
430	923.6666666666666	0.0
440	1448.5	0.0
450	1495.0	0.0
460	2119.0	0.0
470	1703.6666666666667	0.0
480	2058.6666666666665	0.0
490	2047.3333333333333	0.0
500	1973.3333333333333	0.0
510	2100.0	0.0
520	2040.3333333333333	0.0
530	2199.0	0.0
540	2119.0	0.0
550	2036.6666666666667	0.0
560	2025.3333333333333	0.0
570	2097.3333333333335	0.0
580	2216.3333333333335	0.0
590	2288.6666666666665	0.0
600	2459.0	0.0
610	2165.0	0.0
620	2298.6666666666665	0.0
630	2112.6666666666665	0.0
640	2262.8333333333335	0.0
650	2742.1666666666665	0.0
660	2245.6666666666665	0.0
670	2449.3333333333335	0.0
680	2387.5	0.0
690	2572.8333333333335	0.0
700	2629.8333333333335	0.0
710	2304.5	0.0
720	2579.3333333333335	0.0
730	2526.8333333333335	0.0
740	2631.3333333333335	0.0
750	2519.6666666666665	0.0
760	2685.3333333333335	0.0
770	2467.3333333333335	0.0
780	2497.1666666666665	0.0
790	2577.3333333333335	0.0
800	2649.1666666666665	0.0
