0	249.33333333333334	0.0
10	70.0	7.0
20	70.0	0.0
30	70.0	2.0
40	70.0	0.0
50	70.0	0.0
60	70.0	1.0
70	70.0	0.0
80	70.0	0.0
90	70.0	0.0
100	70.0	1.0
110	70.0	1.0
120	70.0	7.0
130	70.0	111.0
140	70.0	10.0
150	70.0	2.0
160	70.0	1.0
170	70.0	5.0
180	70.33333333333333	20.0
190	73.0	11.0
200	70.66666666666667	0.0
210	70.33333333333333	8.0
220	72.0	0.0
230	87.33333333333333	24.0
240	147.66666666666666	88.0
250	321.6666666666667	124.0
260	145.66666666666666	263.0
270	180.0	190.0
280	144.66666666666666	107.0
290	170.0	17.0
300	229.0	0.0
310	146.0	0.0
320	130.0	0.0
330	130.0	0.0
340	153.33333333333334	0.0
350	130.0	0.0
360	242.33333333333334	0.0
370	508.6666666666667	0.0
380	601.3333333333334	0.0
390	597.3333333333334	0.0
400	856.0	0.0
410	968.0	0.0
420	879.0	0.0
430	1390.3333333333333	0.0
440	1363.0	0.0
450	1859.0	0.0
460	1646.0	0.0
470	1753.3333333333333	0.0
480	1995.0	0.0
490	2039.3333333333333	0.0
500	1863.3333333333333	0.0
510	2293.6666666666665	0.0
520	1931.5	0.0
530	2083.5	0.0
540	2453.8333333333335	0.0
550	2118.0	0.0
560	2381.0	0.0
570	2420.8333333333335	0.0
580	2278.0	0.0
590	2412.5	0.0
600	2472.3333333333335	0.0
610	2379.6666666666665	0.0
620	2705.3333333333335	0.0
630	2630.5	0.0
640	2308.0	0.0
650	2571.1666666666665	0.0
660	2318.0	0.0
670	2391.1666666666665	0.0
680	2550.6666666666665	0.0
690	2485.0	0.0
700	2594.3333333333335	0.0
710	2735.8333333333335	0.0
720	2496.0	0.0
730	2655.0	0.0
740	2688.1666666666665	0.0
750	2795.5	0.0
760	2417.0	0.0
770	2437.0	0.0
780	2478.3333333333335	0.0
790	2420.6666666666665	0.0
800	2625.6666666666665	0.0
