0	236.66666666666666	0.0
10	70.0	10.0
20	70.0	3.0
30	70.0	6.0
40	70.0	0.0
50	70.0	8.0
60	70.0	1.0
70	70.0	2.0
80	70.0	0.0
90	70.0	16.0
100	70.0	17.0
110	70.0	6.0
120	70.0	1.0
130	70.0	0.0
140	70.0	0.0
150	70.0	1.0
160	70.0	2.0
170	70.0	6.0
180	70.0	5.0
190	70.66666666666667	1.0
200	71.33333333333333	0.0
210	75.66666666666667	0.0
220	71.66666666666667	0.0
230	74.0	2.0
240	80.33333333333333	12.0
250	71.0	8.0
260	172.66666666666666	7.0
270	132.33333333333334	128.0
280	184.33333333333334	103.0
290	375.0	108.0
300	102.0	430.0
310	198.0	117.0
320	145.33333333333334	0.0
330	153.66666666666666	0.0
340	244.33333333333334	0.0
350	295.3333333333333	0.0
360	240.66666666666666	0.0
370	188.0	0.0
380	242.0	0.0
390	330.0	0.0
400	500.6666666666667	0.0
410	671.3333333333334	0.0
420	443.0	0.0
430	728.3333333333334	0.0
440	839.3333333333334	0.0
450	633.3333333333334	0.0
460	761.5	0.0
470	1134.0	0.0
480	1774.0	0.0
490	1296.3333333333333	0.0
500	1781.6666666666667	0.0
510	1764.6666666666667	0.0
520	1789.6666666666667	0.0
530	2098.3333333333335	0.0
540	2218.0	0.0
550	1992.0	0.0
560	2094.3333333333335	0.0
570	2042.6666666666667	0.0
580	2085.0	0.0
590	2226.3333333333335	0.0
600	2251.0	0.0
610	2200.1666666666665	0.0
620	2341.6666666666665	0.0
630	2210.0	0.0
640	2297.3333333333335	0.0
650	2171.6666666666665	0.0
660	2125.0	0.0
670	2373.3333333333335	0.0
680	2513.5	0.0
690	2450.0	0.0
700	2481.6666666666665	0.0
710	2551.0	0.0
720	2744.3333333333335	0.0
730	2636.0	0.0
740	2445.3333333333335	0.0
750	2651.6666666666665	0.0
760	2287.3333333333335	0.0
770	2387.6666666666665	0.0
780	2747.8333333333335	0.0
790	2806.5	0.0
800	2643.1666666666665	0.0
