0	276.0	0.0
10	70.0	16.0
20	70.0	1.0
30	70.0	4.0
40	70.0	4.0
50	70.0	1.0
60	70.0	2.0
70	70.0	0.0
80	70.0	0.0
90	70.0	0.0
100	70.0	5.0
110	70.0	1.0
120	70.0	3.0
130	70.0	5.0
140	70.0	1.0
150	70.0	2.0
160	70.0	2.0
170	70.0	8.0
180	71.66666666666667	0.0
190	71.33333333333333	7.0
200	70.66666666666667	9.0
210	73.66666666666667	0.0
220	73.0	3.0
230	71.33333333333333	10.0
240	90.66666666666667	0.0
250	78.66666666666667	114.0
260	99.33333333333333	80.0
270	187.0	14.0
280	391.3333333333333	148.0
290	174.0	312.0
300	171.66666666666666	103.0
310	181.66666666666666	78.0
320	669.3333333333334	67.0
330	998.3333333333334	0.0
340	856.0	0.0
350	706.0	0.0
360	1093.3333333333333	0.0
370	1098.6666666666667	0.0
380	1557.3333333333333	0.0
390	1312.6666666666667	0.0
400	1198.0	0.0
410	1507.6666666666667	0.0
420	1288.0	0.0
430	1103.3333333333333	0.0
440	1442.6666666666667	0.0
450	1412.0	0.0
460	2335.3333333333335	0.0
470	2097.3333333333335	0.0
480	2056.3333333333335	0.0
490	2274.0	0.0
500	1891.6666666666667	0.0
510	1985.0	0.0
520	2120.0	0.0
530	2182.3333333333335	0.0
540	2520.0	0.0
550	2436.3333333333335	0.0
560	2257.3333333333335	0.0
570	2342.3333333333335	0.0
580	2434.8333333333335	0.0
590	2421.6666666666665	0.0
600	2442.8333333333335	0.0
610	2392.8333333333335	0.0
620	2366.3333333333335	0.0
630	2465.0	0.0
640	2652.0	0.0
650	2700.8333333333335	0.0
660	2698.3333333333335	0.0
670	2676.6666666666665	0.0
680	2452.6666666666665	0.0
690	2597.6666666666665	0.0
700	2571.5	0.0
710	2898.1666666666665	0.0
720	2694.5	0.0
730	2490.0	0.0
740	2586.6666666666665	0.0
750	2715.8333333333335	0.0
760	2676.5	0.0
770	2567.0	0.0
780	2669.8333333333335	0.0
790	2607.0	0.0
800	2731.1666666666665	0.0
