0	299.3333333333333	0.0
10	70.0	0.0
20	70.0	0.0
30	70.0	0.0
40	70.0	0.0
50	70.0	0.0
60	70.0	0.0
70	70.0	0.0
80	70.0	0.0
90	70.0	0.0
100	70.0	0.0
110	70.0	0.0
120	70.0	0.0
130	70.0	0.0
140	70.0	0.0
150	70.0	0.0
160	70.0	0.0
170	70.66666666666667	0.0
180	70.0	0.0
190	71.33333333333333	0.0
200	70.33333333333333	0.0
210	76.0	0.0
220	70.66666666666667	0.0
230	102.33333333333333	0.0
240	121.33333333333333	0.0
250	264.0	0.0
260	285.6666666666667	0.0
270	138.0	0.0
280	158.0	0.0
290	203.33333333333334	0.0
300	138.0	1.0
310	131.0	0.0
320	154.66666666666666	0.0
330	179.33333333333334	0.0
340	151.0	0.0
350	147.66666666666666	0.0
360	181.0	0.0
370	195.0	0.0
380	239.0	30.0
390	204.0	0.0
400	252.0	0.0
410	232.66666666666666	9.0
420	283.0	8.0
430	298.3333333333333	0.0
440	221.33333333333334	31.0
450	203.66666666666666	19.0
460	265.3333333333333	0.0
470	246.66666666666666	0.0
480	280.0	0.0
490	268.0	4.0
500	398.3333333333333	21.0
510	279.3333333333333	0.0
520	268.0	10.0
530	490.6666666666667	0.0
540	328.0	0.0
550	327.3333333333333	0.0
560	408.0	0.0
570	493.0	45.0
580	505.3333333333333	1.0
590	398.6666666666667	63.0
600	511.6666666666667	34.0
