0	250.0	0.0
10	70.0	0.0
20	70.0	0.0
30	70.0	0.0
40	70.0	0.0
50	70.0	0.0
60	70.0	0.0
70	70.0	0.0
80	70.0	0.0
90	70.0	0.0
100	70.0	0.0
110	70.0	0.0
120	70.0	0.0
130	70.0	0.0
140	70.0	0.0
150	70.0	0.0
160	70.0	0.0
170	70.0	3.0
180	70.66666666666667	0.0
190	70.66666666666667	0.0
200	71.66666666666667	0.0
210	79.66666666666667	0.0
220	78.66666666666667	0.0
230	107.0	0.0
240	105.0	0.0
250	150.33333333333334	1.0
260	152.33333333333334	0.0
270	167.33333333333334	0.0
280	135.33333333333334	0.0
290	145.66666666666666	24.0
300	139.33333333333334	1.0
310	138.33333333333334	0.0
320	151.33333333333334	0.0
330	162.33333333333334	5.0
340	163.66666666666666	18.0
350	200.66666666666666	0.0
360	165.33333333333334	0.0
370	316.3333333333333	30.0
380	144.33333333333334	3.0
390	218.66666666666666	3.0
400	389.3333333333333	14.0
410	394.0	28.0
420	396.6666666666667	13.0
430	651.3333333333334	60.0
440	806.3333333333334	24.0
450	1109.0	34.0
460	890.3333333333334	83.0
470	1258.6666666666667	45.0
480	1253.3333333333333	44.0
490	1749.6666666666667	86.0
500	2157.6666666666665	145.0
510	1684.0	174.0
520	2333.8333333333335	99.0
530	1844.3333333333333	63.0
540	2174.0	0.0
550	1996.0	0.0
560	2060.6666666666665	0.0
570	2246.0	0.0
580	1960.3333333333333	0.0
590	2254.1666666666665	0.0
600	2266.3333333333335	0.0
