0	237.33333333333334	0.0
10	70.0	0.0
20	70.0	0.0
30	70.0	0.0
40	70.0	0.0
50	70.0	0.0
60	70.0	0.0
70	70.0	0.0
80	70.0	0.0
90	70.0	0.0
100	70.0	0.0
110	70.0	0.0
120	70.0	0.0
130	70.0	0.0
140	70.0	0.0
150	70.0	0.0
160	70.0	0.0
170	70.0	0.0
180	70.0	0.0
190	70.66666666666667	0.0
200	76.0	0.0
210	71.66666666666667	0.0
220	71.66666666666667	0.0
230	71.0	0.0
240	71.33333333333333	0.0
250	128.33333333333334	0.0
260	305.3333333333333	0.0
270	157.33333333333334	0.0
280	176.0	0.0
290	137.33333333333334	18.0
300	155.66666666666666	0.0
310	138.0	0.0
320	170.66666666666666	0.0
330	130.0	28.0
340	138.0	7.0
350	146.0	10.0
360	138.0	34.0
370	382.0	109.0
380	500.0	74.0
390	789.3333333333334	62.0
400	725.3333333333334	51.0
410	800.6666666666666	77.0
420	922.0	67.0
430	1612.0	205.0
440	1341.6666666666667	105.0
450	1226.6666666666667	86.0
460	1081.6666666666667	67.0
470	1166.3333333333333	0.0
480	1492.5	0.0
490	1931.6666666666667	0.0
500	1304.0	0.0
510	2266.0	0.0
520	2109.6666666666665	0.0
530	2169.6666666666665	0.0
540	2373.3333333333335	0.0
550	2302.6666666666665	0.0
560	2162.5	0.0
570	2334.3333333333335	0.0
580	2344.0	0.0
590	2369.3333333333335	0.0
600	2461.0	0.0
