0	274.6666666666667	0.0
10	349.6666666666667	1154.0
20	804.3333333333334	0.0
30	839.3333333333334	0.0
40	1597.6666666666667	0.0
50	1831.0	0.0
60	2057.3333333333335	0.0
70	2194.6666666666665	0.0
80	2420.6666666666665	0.0
90	2354.0	0.0
100	2346.6666666666665	0.0
110	2267.0	0.0
120	2235.0	0.0
130	2117.6666666666665	0.0
140	2427.6666666666665	0.0
150	2487.3333333333335	0.0
160	2373.3333333333335	0.0
170	2079.0	0.0
180	2042.0	0.0
190	2445.3333333333335	0.0
200	2366.0	0.0
210	2298.0	0.0
220	2386.3333333333335	0.0
230	2635.8333333333335	0.0
240	2474.5	0.0
250	2313.5	0.0
260	2368.3333333333335	0.0
270	2283.0	0.0
280	2329.3333333333335	0.0
290	1762.3333333333333	0.0
300	1841.1666666666667	0.0
310	1802.0	0.0
320	1973.0	0.0
330	1706.3333333333333	0.0
340	1778.6666666666667	0.0
350	1995.0	0.0
360	1776.6666666666667	0.0
370	1833.5	0.0
380	1945.5	0.0
390	1931.5	0.0
400	2170.0	0.0
410	2080.0	0.0
420	2181.1666666666665	0.0
430	1820.0	0.0
440	2245.8333333333335	0.0
450	2058.8333333333335	0.0
460	2068.5	0.0
470	1928.6666666666667	0.0
480	2384.3333333333335	0.0
490	1791.5	0.0
500	1910.6666666666667	0.0
510	1624.6666666666667	0.0
520	1951.0	0.0
530	1829.8333333333333	0.0
540	2294.0	0.0
550	2397.6666666666665	0.0
560	2452.0	0.0
570	2365.1666666666665	0.0
580	2868.5	0.0
590	2262.1666666666665	0.0
600	1898.6666666666667	0.0
