0	224.0	0.0
10	933.3333333333334	1192.0
20	668.6666666666666	0.0
30	1293.6666666666667	0.0
40	684.6666666666666	0.0
50	1058.3333333333333	0.0
60	1839.3333333333333	0.0
70	1897.6666666666667	0.0
80	2377.5	0.0
90	2146.6666666666665	0.0
100	2499.3333333333335	0.0
110	2339.6666666666665	0.0
120	2339.0	0.0
130	2468.6666666666665	0.0
140	2348.3333333333335	0.0
150	2525.1666666666665	0.0
160	2404.3333333333335	0.0
170	2374.3333333333335	0.0
180	2301.6666666666665	0.0
190	2635.0	0.0
200	2391.8333333333335	0.0
210	2241.0	0.0
220	2036.1666666666667	0.0
230	2440.1666666666665	0.0
240	2559.3333333333335	0.0
250	1958.8333333333333	0.0
260	2380.6666666666665	0.0
270	2329.5	0.0
280	2283.6666666666665	0.0
290	2559.0	0.0
300	2554.0	0.0
310	2237.8333333333335	0.0
320	2442.6666666666665	0.0
330	2407.3333333333335	0.0
340	1800.0	0.0
350	2275.1666666666665	0.0
360	2198.8333333333335	0.0
370	2068.1666666666665	0.0
380	1862.6666666666667	0.0
390	1916.5	0.0
400	2113.3333333333335	0.0
410	2070.1666666666665	0.0
420	1835.5	0.0
430	2267.8333333333335	0.0
440	2047.3333333333333	0.0
450	2514.3333333333335	0.0
460	2526.3333333333335	0.0
470	2164.0	0.0
480	1895.6666666666667	0.0
490	2011.3333333333333	0.0
500	2540.3333333333335	0.0
510	2442.6666666666665	0.0
520	2013.1666666666667	0.0
530	2047.8333333333333	0.0
540	2014.3333333333333	0.0
550	2015.0	0.0
560	2189.5	0.0
570	1937.8333333333333	0.0
580	2063.5	0.0
590	2069.1666666666665	0.0
600	1586.6666666666667	0.0
