0	273.3333333333333	0.0
10	163.66666666666666	1231.0
20	70.66666666666667	0.0
30	70.33333333333333	0.0
40	157.33333333333334	0.0
50	1679.0	0.0
60	1700.0	0.0
70	1930.5	0.0
80	2095.1666666666665	0.0
90	2220.5	0.0
100	2435.0	0.0
110	2163.0	0.0
120	2043.3333333333333	0.0
130	2077.0	0.0
140	2231.6666666666665	0.0
150	2186.0	0.0
160	2483.6666666666665	0.0
170	2600.3333333333335	0.0
180	2229.0	0.0
190	2184.3333333333335	0.0
200	1703.1666666666667	0.0
210	2277.6666666666665	0.0
220	2113.6666666666665	0.0
230	2566.3333333333335	0.0
240	2308.3333333333335	0.0
250	2468.6666666666665	0.0
260	1590.6666666666667	0.0
270	1746.5	0.0
280	1556.3333333333333	0.0
290	1657.6666666666667	0.0
300	1584.3333333333333	0.0
310	1797.0	0.0
320	1772.0	0.0
330	2213.3333333333335	0.0
340	1970.3333333333333	0.0
350	1556.1666666666667	0.0
360	2295.8333333333335	0.0
370	2421.5	0.0
380	2248.0	0.0
390	1536.0	0.0
400	2275.6666666666665	0.0
410	1964.1666666666667	0.0
420	1964.0	0.0
430	2431.6666666666665	0.0
440	2309.1666666666665	0.0
450	2484.0	0.0
460	2512.5	0.0
470	2296.6666666666665	0.0
480	2545.0	0.0
490	2641.6666666666665	0.0
500	2441.0	0.0
510	1816.0	0.0
520	1782.0	0.0
530	1820.5	0.0
540	2280.0	0.0
550	2511.3333333333335	0.0
560	2503.8333333333335	0.0
570	2428.6666666666665	0.0
580	2551.6666666666665	0.0
590	2618.0	0.0
600	2516.0	0.0
