0	260.0	0.0
10	127.33333333333333	1148.0
20	71.33333333333333	0.0
30	71.33333333333333	0.0
40	171.66666666666666	0.0
50	119.66666666666667	0.0
60	77.66666666666667	0.0
70	1605.0	0.0
80	1465.6666666666667	0.0
90	1649.3333333333333	0.0
100	2144.6666666666665	0.0
110	2123.0	0.0
120	2257.6666666666665	0.0
130	2252.0	0.0
140	2372.1666666666665	0.0
150	2157.0	0.0
160	2126.5	0.0
170	2094.3333333333335	0.0
180	2296.3333333333335	0.0
190	2194.6666666666665	0.0
200	2352.0	0.0
210	2491.3333333333335	0.0
220	2352.8333333333335	0.0
230	2527.1666666666665	0.0
240	1895.1666666666667	0.0
250	2137.5	0.0
260	2483.6666666666665	0.0
270	2571.6666666666665	0.0
280	1819.5	0.0
290	2634.3333333333335	0.0
300	2066.6666666666665	0.0
310	2388.5	0.0
320	2327.0	0.0
330	2533.6666666666665	0.0
340	2297.6666666666665	0.0
350	2239.1666666666665	0.0
360	2130.8333333333335	0.0
370	2649.1666666666665	0.0
380	1871.8333333333333	0.0
390	2016.6666666666667	0.0
400	2377.0	0.0
410	2529.3333333333335	0.0
420	2312.0	0.0
430	2630.6666666666665	0.0
440	1980.3333333333333	0.0
450	2300.0	0.0
460	2477.6666666666665	0.0
470	1935.0	0.0
480	1916.6666666666667	0.0
490	1975.5	0.0
500	1550.6666666666667	0.0
510	2069.5	0.0
520	1452.3333333333333	0.0
530	2324.6666666666665	0.0
540	2391.0	0.0
550	2468.8333333333335	0.0
560	2484.0	0.0
570	2420.3333333333335	0.0
580	1710.1666666666667	0.0
590	1791.6666666666667	0.0
600	2437.1666666666665	0.0
