0	230.0	0.0
10	70.0	0.0
20	70.0	0.0
30	70.0	0.0
40	70.0	0.0
50	70.0	0.0
60	70.0	0.0
70	70.0	0.0
80	70.0	0.0
90	70.0	0.0
100	70.0	0.0
110	70.0	0.0
120	70.0	0.0
130	70.0	0.0
140	70.0	0.0
150	70.0	0.0
160	70.0	0.0
170	70.0	0.0
180	71.0	0.0
190	70.33333333333333	0.0
200	70.33333333333333	0.0
210	71.0	0.0
220	78.0	0.0
230	70.66666666666667	0.0
240	71.33333333333333	0.0
250	139.33333333333334	0.0
260	156.33333333333334	0.0
270	298.0	0.0
280	184.66666666666666	0.0
290	145.0	0.0
300	152.66666666666666	0.0
310	179.66666666666666	0.0
320	131.0	0.0
330	154.66666666666666	0.0
340	147.66666666666666	0.0
350	154.66666666666666	0.0
360	138.0	0.0
370	171.33333333333334	0.0
380	205.0	0.0
390	236.33333333333334	0.0
400	219.66666666666666	0.0
410	203.0	0.0
420	265.6666666666667	0.0
430	296.6666666666667	0.0
440	441.0	0.0
450	379.6666666666667	0.0
460	218.33333333333334	0.0
470	877.0	0.0
480	1109.6666666666667	0.0
490	729.3333333333334	0.0
500	906.0	0.0
510	1006.3333333333334	0.0
520	1743.0	0.0
530	1449.3333333333333	0.0
540	1630.3333333333333	0.0
550	1310.6666666666667	0.0
560	1748.3333333333333	0.0
570	1815.3333333333333	0.0
580	1397.6666666666667	0.0
590	2495.0	0.0
600	1822.0	0.0
