0	282.3333333333333	0.0
10	84.0	369.0
20	70.0	0.0
30	70.0	0.0
40	70.0	0.0
50	70.0	0.0
60	70.0	0.0
70	70.0	0.0
80	70.0	0.0
90	70.0	0.0
100	70.0	0.0
110	70.0	0.0
120	70.0	0.0
130	70.0	0.0
140	70.0	0.0
150	70.0	0.0
160	70.0	0.0
170	70.0	0.0
180	71.66666666666667	0.0
190	71.33333333333333	0.0
200	71.66666666666667	0.0
210	70.33333333333333	0.0
220	72.0	0.0
230	77.33333333333333	0.0
240	81.33333333333333	0.0
250	81.33333333333333	0.0
260	159.66666666666666	0.0
270	170.0	0.0
280	364.0	0.0
290	225.33333333333334	0.0
300	180.66666666666666	0.0
310	326.0	0.0
320	265.0	0.0
330	211.33333333333334	0.0
340	130.0	0.0
350	265.6666666666667	0.0
360	238.33333333333334	0.0
370	239.0	0.0
380	258.6666666666667	0.0
390	138.0	0.0
400	246.0	0.0
410	265.6666666666667	0.0
420	266.6666666666667	0.0
430	636.6666666666666	0.0
440	228.0	0.0
450	771.3333333333334	0.0
460	632.0	0.0
470	883.6666666666666	0.0
480	1005.6666666666666	0.0
490	1102.6666666666667	0.0
500	1479.6666666666667	0.0
510	1568.3333333333333	0.0
520	1673.6666666666667	0.0
530	1762.6666666666667	0.0
540	2306.3333333333335	0.0
550	1715.6666666666667	0.0
560	1847.0	0.0
570	1878.0	0.0
580	2102.1666666666665	0.0
590	1996.3333333333333	0.0
600	2357.3333333333335	0.0
610	2419.1666666666665	0.0
620	2375.6666666666665	0.0
630	2132.6666666666665	0.0
640	1867.0	0.0
650	2384.6666666666665	0.0
660	2148.5	0.0
670	2255.3333333333335	0.0
680	2507.5	0.0
690	2523.6666666666665	0.0
700	2660.6666666666665	0.0
710	2546.3333333333335	0.0
720	2508.0	0.0
730	2433.1666666666665	0.0
740	2628.1666666666665	0.0
750	2761.1666666666665	0.0
760	2513.3333333333335	0.0
770	2331.6666666666665	0.0
780	2377.6666666666665	0.0
790	2222.0	0.0
800	2412.3333333333335	0.0
810	2581.3333333333335	0.0
820	2651.3333333333335	0.0
830	2541.3333333333335	0.0
840	2538.6666666666665	0.0
850	2392.6666666666665	0.0
860	2751.3333333333335	0.0
870	2499.3333333333335	0.0
880	2792.5	0.0
890	2779.6666666666665	0.0
900	2556.6666666666665	0.0
910	2342.5	0.0
920	2211.6666666666665	0.0
930	2492.5	0.0
940	2618.5	0.0
950	2766.3333333333335	0.0
960	2401.5	0.0
970	2600.3333333333335	0.0
980	2496.5	0.0
990	2843.6666666666665	0.0
1000	2618.1666666666665	0.0
