0	247.33333333333334	0.0
10	70.66666666666667	1000.0
20	70.0	0.0
30	70.0	0.0
40	93.66666666666667	0.0
50	70.33333333333333	0.0
60	1577.0	0.0
70	1224.0	0.0
80	337.6666666666667	0.0
90	873.0	0.0
100	1782.1666666666667	0.0
110	1527.3333333333333	0.0
120	2100.0	0.0
130	2014.0	0.0
140	2318.0	0.0
150	2373.3333333333335	0.0
160	2463.0	0.0
170	1910.3333333333333	0.0
180	2324.3333333333335	0.0
190	2437.6666666666665	0.0
200	2322.3333333333335	0.0
210	2391.8333333333335	0.0
220	2652.6666666666665	0.0
230	2385.5	0.0
240	2210.5	0.0
250	2279.6666666666665	0.0
260	2448.0	0.0
270	2427.3333333333335	0.0
280	2550.5	0.0
290	2385.5	0.0
300	2199.0	0.0
310	2419.8333333333335	0.0
320	2067.6666666666665	0.0
330	1714.0	0.0
340	2013.6666666666667	0.0
350	1815.3333333333333	0.0
360	2243.3333333333335	0.0
370	1797.6666666666667	0.0
380	2144.8333333333335	0.0
390	2169.3333333333335	0.0
400	2048.0	0.0
410	2166.3333333333335	0.0
420	1991.5	0.0
430	1769.3333333333333	0.0
440	1908.6666666666667	0.0
450	1981.0	0.0
460	2053.5	0.0
470	1435.5	0.0
480	2134.3333333333335	0.0
490	2411.3333333333335	0.0
500	2324.0	0.0
510	2488.3333333333335	0.0
520	2361.1666666666665	0.0
530	2446.3333333333335	0.0
540	2310.8333333333335	0.0
550	2292.3333333333335	0.0
560	2357.6666666666665	0.0
570	2643.6666666666665	0.0
580	2547.0	0.0
590	1906.5	0.0
600	2024.3333333333333	0.0
610	2562.1666666666665	0.0
620	1802.1666666666667	0.0
630	2619.6666666666665	0.0
640	2163.6666666666665	0.0
650	2443.6666666666665	0.0
660	2366.6666666666665	0.0
670	2256.6666666666665	0.0
680	2243.0	0.0
690	2524.1666666666665	0.0
700	1846.0	0.0
710	2732.5	0.0
720	1755.3333333333333	0.0
730	2071.5	0.0
740	2069.6666666666665	0.0
750	2151.8333333333335	0.0
760	1987.3333333333333	0.0
770	2488.5	0.0
780	2339.8333333333335	0.0
790	2271.6666666666665	0.0
800	1830.1666666666667	0.0
810	1800.0	0.0
820	2461.0	0.0
830	1678.6666666666667	0.0
840	1635.5	0.0
850	2300.6666666666665	0.0
860	2545.1666666666665	0.0
870	1780.3333333333333	0.0
880	1905.3333333333333	0.0
890	2315.3333333333335	0.0
900	2454.3333333333335	0.0
910	2336.1666666666665	0.0
920	2443.3333333333335	0.0
930	2463.1666666666665	0.0
940	2326.6666666666665	0.0
950	2425.0	0.0
960	2058.3333333333335	0.0
970	1828.3333333333333	0.0
980	1837.1666666666667	0.0
990	2412.1666666666665	0.0
1000	2411.1666666666665	0.0
