0	258.3333333333333	0.0
10	143.0	1000.0
20	124.66666666666667	0.0
30	383.6666666666667	0.0
40	105.33333333333333	0.0
50	157.0	0.0
60	147.0	0.0
70	191.0	0.0
80	142.0	0.0
90	1845.1666666666667	0.0
100	2018.0	0.0
110	1926.6666666666667	0.0
120	2221.6666666666665	0.0
130	2455.1666666666665	0.0
140	2537.0	0.0
150	2076.6666666666665	0.0
160	2432.3333333333335	0.0
170	2460.3333333333335	0.0
180	2585.1666666666665	0.0
190	2591.6666666666665	0.0
200	2598.0	0.0
210	2608.0	0.0
220	2607.3333333333335	0.0
230	2499.8333333333335	0.0
240	2286.6666666666665	0.0
250	2459.6666666666665	0.0
260	2594.6666666666665	0.0
270	1445.6666666666667	0.0
280	1744.0	0.0
290	2461.0	0.0
300	2341.0	0.0
310	2340.3333333333335	0.0
320	1939.5	0.0
330	2239.6666666666665	0.0
340	2407.3333333333335	0.0
350	1879.0	0.0
360	2186.5	0.0
370	2273.6666666666665	0.0
380	2132.3333333333335	0.0
390	2117.0	0.0
400	2271.8333333333335	0.0
410	2348.6666666666665	0.0
420	2717.8333333333335	0.0
430	2407.1666666666665	0.0
440	2600.0	0.0
450	1900.0	0.0
460	2123.5	0.0
470	2058.0	0.0
480	2253.6666666666665	0.0
490	1960.3333333333333	0.0
500	1796.3333333333333	0.0
510	2271.0	0.0
520	1979.6666666666667	0.0
530	2103.6666666666665	0.0
540	2057.3333333333335	0.0
550	2633.3333333333335	0.0
560	2405.0	0.0
570	2469.3333333333335	0.0
580	2480.3333333333335	0.0
590	2407.6666666666665	0.0
600	2526.6666666666665	0.0
610	2564.0	0.0
620	2520.5	0.0
630	2408.6666666666665	0.0
640	2291.0	0.0
650	2438.3333333333335	0.0
660	2489.3333333333335	0.0
670	2052.8333333333335	0.0
680	2345.1666666666665	0.0
690	1770.3333333333333	0.0
700	2545.5	0.0
710	2331.0	0.0
720	2240.8333333333335	0.0
730	2317.8333333333335	0.0
740	2457.6666666666665	0.0
750	2339.0	0.0
760	2439.3333333333335	0.0
770	2542.6666666666665	0.0
780	2422.6666666666665	0.0
790	2013.6666666666667	0.0
800	2471.3333333333335	0.0
810	1862.1666666666667	0.0
820	2179.1666666666665	0.0
830	2150.0	0.0
840	2587.3333333333335	0.0
850	2053.6666666666665	0.0
860	2238.5	0.0
870	1893.0	0.0
880	2043.5	0.0
890	2094.1666666666665	0.0
900	1845.0	0.0
910	2203.3333333333335	0.0
920	2077.6666666666665	0.0
930	2104.3333333333335	0.0
940	1643.3333333333333	0.0
950	2442.1666666666665	0.0
960	2647.5	0.0
970	2451.0	0.0
980	2441.0	0.0
990	2380.8333333333335	0.0
1000	2651.8333333333335	0.0
