0	281.6666666666667	0.0
10	70.0	156.0
20	70.0	47.0
30	70.0	54.0
40	70.0	154.0
50	70.0	31.0
60	70.0	159.0
70	70.0	35.0
80	71.66666666666667	192.0
90	873.3333333333334	172.0
100	1264.0	0.0
110	1609.0	0.0
120	1358.6666666666667	0.0
130	1999.3333333333333	0.0
140	2310.6666666666665	0.0
150	2162.6666666666665	0.0
160	2157.1666666666665	0.0
170	2166.8333333333335	0.0
180	2361.3333333333335	0.0
190	2428.3333333333335	0.0
200	2326.6666666666665	0.0
210	2313.0	0.0
220	2312.5	0.0
230	2484.0	0.0
240	2421.3333333333335	0.0
250	2312.0	0.0
260	2335.5	0.0
270	2687.0	0.0
280	2341.0	0.0
290	2474.0	0.0
300	2413.5	0.0
310	2360.6666666666665	0.0
320	2422.6666666666665	0.0
330	1635.1666666666667	0.0
340	2462.0	0.0
350	2481.6666666666665	0.0
360	1109.3333333333333	0.0
370	1214.0	0.0
380	1109.8333333333333	0.0
390	2107.6666666666665	0.0
400	2158.3333333333335	0.0
410	2161.5	0.0
420	1863.6666666666667	0.0
430	2032.3333333333333	0.0
440	1914.3333333333333	0.0
450	1853.3333333333333	0.0
460	2328.3333333333335	0.0
470	2622.6666666666665	0.0
480	2357.0	0.0
490	1916.8333333333333	0.0
500	1881.0	0.0
510	2339.3333333333335	0.0
520	2250.0	0.0
530	2577.6666666666665	0.0
540	2532.5	0.0
550	2280.8333333333335	0.0
560	2484.5	0.0
570	2326.1666666666665	0.0
580	2356.0	0.0
590	2389.3333333333335	0.0
600	2438.3333333333335	0.0
610	2507.8333333333335	0.0
620	2328.1666666666665	0.0
630	2794.0	0.0
640	2431.1666666666665	0.0
650	2370.8333333333335	0.0
660	2243.6666666666665	0.0
670	2400.6666666666665	0.0
680	2596.5	0.0
690	2429.0	0.0
700	2466.3333333333335	0.0
710	2403.1666666666665	0.0
720	2528.5	0.0
730	2746.8333333333335	0.0
740	2544.0	0.0
750	1868.6666666666667	0.0
760	1904.3333333333333	0.0
770	2701.5	0.0
780	2184.1666666666665	0.0
790	1806.0	0.0
800	2391.6666666666665	0.0
810	2554.0	0.0
820	2379.5	0.0
830	1760.5	0.0
840	1532.3333333333333	0.0
850	2398.1666666666665	0.0
860	2556.3333333333335	0.0
870	2554.0	0.0
880	2351.6666666666665	0.0
890	2559.6666666666665	0.0
900	2433.0	0.0
910	2622.1666666666665	0.0
920	2446.3333333333335	0.0
930	2346.6666666666665	0.0
940	2754.3333333333335	0.0
950	2525.8333333333335	0.0
960	2474.1666666666665	0.0
970	2180.0	0.0
980	2412.6666666666665	0.0
990	2492.0	0.0
1000	1633.5	0.0
