0	253.2222222222222	0.0
10	305.73333333333335	1441.3
20	356.1444444444444	12.6
30	420.20000000000005	0.0
40	630.6277777777777	0.0
50	1244.8888888888894	0.0
60	1384.4333333333336	0.0
70	1640.9222222222222	0.0
80	1885.1333333333337	0.0
90	2003.2777777777776	0.0
100	2198.2055555555557	0.0
110	2180.9	0.0
120	2241.516666666667	0.0
130	2253.3555555555554	0.0
140	2287.1611111111115	0.0
150	2250.172222222222	0.0
160	2293.822222222223	0.0
170	2364.722222222222	0.0
180	2276.766666666667	0.0
190	2339.244444444444	0.0
200	2355.3222222222225	0.0
210	2321.811111111111	0.0
220	2315.366666666667	0.0
230	2245.3833333333328	0.0
240	2315.516666666667	0.0
250	2161.0777777777776	0.0
260	2183.9666666666662	0.0
270	2181.5722222222225	0.0
280	2141.822222222222	0.0
290	2025.7777777777778	0.0
300	2061.738888888889	0.0
310	2003.6611111111113	0.0
320	2047.2611111111116	0.0
330	2045.5111111111107	0.0
340	2035.383333333333	0.0
350	2004.1500000000003	0.0
360	1978.55	0.0
370	1975.9166666666667	0.0
380	2040.3944444444444	0.0
390	2063.3499999999995	0.0
400	2131.577777777778	0.0
410	2086.172222222222	0.0
420	2010.3777777777782	0.0
430	2016.9333333333334	0.0
440	2119.5333333333333	0.0
450	2141.3722222222223	0.0
460	2128.6888888888884	0.0
470	2049.3944444444446	0.0
480	2081.1555555555556	0.0
490	2053.7277777777776	0.0
500	2108.0777777777776	0.0
510	2180.3777777777777	0.0
520	2181.705555555556	0.0
530	2104.6722222222224	0.0
540	2151.255555555556	0.0
550	2228.7555555555564	0.0
560	2268.5500000000006	0.0
570	2299.722222222222	0.0
580	2286.6222222222223	0.0
590	2291.933333333333	0.0
600	2248.3500000000004	0.0
