0	220.33333333333334	0.0
10	142.0	1460.0
20	395.6666666666667	0.0
30	152.0	0.0
40	664.3333333333334	0.0
50	686.0	0.0
60	1313.0	0.0
70	1666.3333333333333	0.0
80	1995.0	0.0
90	2208.5	0.0
100	2490.0	0.0
110	2396.6666666666665	0.0
120	2613.3333333333335	0.0
130	2302.5	0.0
140	2482.6666666666665	0.0
150	2421.8333333333335	0.0
160	2354.0	0.0
170	2468.3333333333335	0.0
180	2504.6666666666665	0.0
190	2414.8333333333335	0.0
200	2298.5	0.0
210	2416.6666666666665	0.0
220	2416.3333333333335	0.0
230	2326.6666666666665	0.0
240	2503.8333333333335	0.0
250	2252.5	0.0
260	2412.6666666666665	0.0
270	2362.8333333333335	0.0
280	2189.3333333333335	0.0
290	2296.1666666666665	0.0
300	2626.8333333333335	0.0
310	2552.6666666666665	0.0
320	1771.5	0.0
330	2214.0	0.0
340	2107.5	0.0
350	1720.8333333333333	0.0
360	2025.1666666666667	0.0
370	2074.8333333333335	0.0
380	2325.1666666666665	0.0
390	2027.5	0.0
400	2055.1666666666665	0.0
410	1692.8333333333333	0.0
420	1827.6666666666667	0.0
430	1807.6666666666667	0.0
440	1792.3333333333333	0.0
450	1928.6666666666667	0.0
460	1909.8333333333333	0.0
470	2083.6666666666665	0.0
480	1863.0	0.0
490	1506.0	0.0
500	1970.3333333333333	0.0
510	1858.3333333333333	0.0
520	1719.0	0.0
530	1889.3333333333333	0.0
540	1917.0	0.0
550	2206.8333333333335	0.0
560	2095.5	0.0
570	1957.8333333333333	0.0
580	2139.3333333333335	0.0
590	1885.1666666666667	0.0
600	2594.3333333333335	0.0
