0	271.0	0.0
10	104.33333333333333	1589.0
20	70.33333333333333	0.0
30	70.33333333333333	0.0
40	75.0	0.0
50	1865.3333333333333	0.0
60	1577.0	0.0
70	1725.3333333333333	0.0
80	1940.3333333333333	0.0
90	1889.0	0.0
100	2214.3333333333335	0.0
110	2244.5	0.0
120	2105.5	0.0
130	2488.3333333333335	0.0
140	2436.3333333333335	0.0
150	2062.3333333333335	0.0
160	2121.0	0.0
170	2562.6666666666665	0.0
180	2318.0	0.0
190	2377.6666666666665	0.0
200	2378.6666666666665	0.0
210	2227.0	0.0
220	2353.6666666666665	0.0
230	2262.6666666666665	0.0
240	1791.8333333333333	0.0
250	2431.5	0.0
260	2553.1666666666665	0.0
270	2446.0	0.0
280	1365.0	0.0
290	633.3333333333334	0.0
300	2279.3333333333335	0.0
310	2326.0	0.0
320	2382.3333333333335	0.0
330	2470.0	0.0
340	1801.0	0.0
350	1972.0	0.0
360	2178.1666666666665	0.0
370	2385.0	0.0
380	1864.6666666666667	0.0
390	2241.6666666666665	0.0
400	2509.8333333333335	0.0
410	2356.1666666666665	0.0
420	1699.6666666666667	0.0
430	2090.6666666666665	0.0
440	2496.0	0.0
450	2070.3333333333335	0.0
460	1924.6666666666667	0.0
470	2352.0	0.0
480	2328.6666666666665	0.0
490	1833.0	0.0
500	2027.3333333333333	0.0
510	2038.1666666666667	0.0
520	2073.3333333333335	0.0
530	2104.1666666666665	0.0
540	2313.8333333333335	0.0
550	1620.3333333333333	0.0
560	2294.3333333333335	0.0
570	2523.5	0.0
580	2409.3333333333335	0.0
590	2486.0	0.0
600	2564.6666666666665	0.0
