0	253.33333333333334	0.0
10	100.0	1537.0
20	132.33333333333334	97.0
30	156.66666666666666	0.0
40	830.0	0.0
50	1374.3333333333333	0.0
60	1602.0	0.0
70	1503.3333333333333	0.0
80	1911.6666666666667	0.0
90	2002.5	0.0
100	2316.1666666666665	0.0
110	2014.3333333333333	0.0
120	2301.0	0.0
130	2236.6666666666665	0.0
140	2365.3333333333335	0.0
150	2296.6666666666665	0.0
160	2114.0	0.0
170	2133.0	0.0
180	2098.0	0.0
190	2227.0	0.0
200	2558.6666666666665	0.0
210	2272.6666666666665	0.0
220	2483.5	0.0
230	2705.3333333333335	0.0
240	1029.8333333333333	0.0
250	1270.6666666666667	0.0
260	2307.5	0.0
270	1987.6666666666667	0.0
280	1763.0	0.0
290	1343.0	0.0
300	1354.6666666666667	0.0
310	2009.6666666666667	0.0
320	1619.1666666666667	0.0
330	2037.5	0.0
340	1993.1666666666667	0.0
350	1935.8333333333333	0.0
360	1414.3333333333333	0.0
370	1545.0	0.0
380	1875.6666666666667	0.0
390	1695.3333333333333	0.0
400	1909.6666666666667	0.0
410	1827.8333333333333	0.0
420	1654.8333333333333	0.0
430	2243.8333333333335	0.0
440	1722.3333333333333	0.0
450	1749.0	0.0
460	2154.8333333333335	0.0
470	1491.3333333333333	0.0
480	1557.8333333333333	0.0
490	2130.1666666666665	0.0
500	1976.3333333333333	0.0
510	2355.1666666666665	0.0
520	1768.0	0.0
530	1788.0	0.0
540	2033.0	0.0
550	2005.1666666666667	0.0
560	1951.1666666666667	0.0
570	2392.8333333333335	0.0
580	2148.0	0.0
590	2327.6666666666665	0.0
600	2363.0	0.0
