0	286.6666666666667	0.0
10	70.0	1000.0
20	70.0	0.0
30	70.0	0.0
40	70.0	0.0
50	70.0	0.0
60	70.0	0.0
70	70.0	0.0
80	70.0	0.0
90	70.0	0.0
100	70.0	0.0
110	70.0	0.0
120	70.0	0.0
130	70.0	0.0
140	70.0	0.0
150	70.0	0.0
160	70.0	0.0
170	71.33333333333333	0.0
180	74.66666666666667	0.0
190	71.0	0.0
200	73.66666666666667	0.0
210	147.0	0.0
220	171.0	0.0
230	177.33333333333334	0.0
240	149.66666666666666	0.0
250	364.3333333333333	0.0
260	143.66666666666666	0.0
270	191.66666666666666	0.0
280	316.3333333333333	0.0
290	146.0	0.0
300	180.33333333333334	0.0
310	131.0	0.0
320	479.0	0.0
330	183.66666666666666	0.0
340	389.0	0.0
350	541.6666666666666	0.0
360	755.6666666666666	0.0
370	879.3333333333334	0.0
380	1081.3333333333333	0.0
390	1203.3333333333333	0.0
400	1566.0	0.0
410	1506.0	0.0
420	1598.3333333333333	0.0
430	1838.0	0.0
440	2005.3333333333333	0.0
450	1899.3333333333333	0.0
460	2171.3333333333335	0.0
470	2059.3333333333335	0.0
480	2312.6666666666665	0.0
490	1891.3333333333333	0.0
500	2255.0	0.0
510	2226.0	0.0
520	2182.3333333333335	0.0
530	2153.0	0.0
540	2214.1666666666665	0.0
550	2440.0	0.0
560	2548.3333333333335	0.0
570	2508.3333333333335	0.0
580	2583.0	0.0
590	2196.1666666666665	0.0
600	2488.8333333333335	0.0
610	2557.5	0.0
620	2487.5	0.0
630	2589.1666666666665	0.0
640	2534.6666666666665	0.0
650	2533.0	0.0
660	2543.1666666666665	0.0
670	2258.3333333333335	0.0
680	2636.6666666666665	0.0
690	2700.6666666666665	0.0
700	2568.8333333333335	0.0
710	2305.6666666666665	0.0
720	2464.0	0.0
730	2509.5	0.0
740	2502.0	0.0
750	2477.1666666666665	0.0
760	2540.3333333333335	0.0
770	2610.0	0.0
780	2530.0	0.0
790	2640.6666666666665	0.0
800	2372.1666666666665	0.0
810	2369.3333333333335	0.0
820	2287.0	0.0
830	2784.6666666666665	0.0
840	2472.3333333333335	0.0
850	2696.8333333333335	0.0
860	2454.1666666666665	0.0
870	2375.6666666666665	0.0
880	2518.1666666666665	0.0
890	2729.6666666666665	0.0
900	2491.6666666666665	0.0
910	2667.6666666666665	0.0
920	2573.1666666666665	0.0
930	2752.1666666666665	0.0
940	2709.5	0.0
950	2671.0	0.0
960	2562.3333333333335	0.0
970	2483.6666666666665	0.0
980	2649.5	0.0
990	2567.0	0.0
1000	2545.0	0.0
