0	266.6666666666667	0.0
10	71.33333333333333	1000.0
20	70.0	0.0
30	70.0	0.0
40	70.0	0.0
50	70.0	0.0
60	70.0	0.0
70	70.0	0.0
80	70.0	0.0
90	70.0	0.0
100	70.0	0.0
110	70.0	0.0
120	70.0	0.0
130	70.0	0.0
140	70.0	0.0
150	70.0	0.0
160	70.33333333333333	0.0
170	76.0	0.0
180	71.33333333333333	0.0
190	79.66666666666667	0.0
200	72.66666666666667	0.0
210	128.0	0.0
220	96.0	0.0
230	808.6666666666666	0.0
240	320.0	0.0
250	143.66666666666666	0.0
260	183.33333333333334	0.0
270	146.0	0.0
280	139.0	0.0
290	154.66666666666666	0.0
300	167.33333333333334	0.0
310	393.3333333333333	0.0
320	399.6666666666667	0.0
330	744.0	0.0
340	779.0	0.0
350	886.0	0.0
360	871.3333333333334	0.0
370	877.0	0.0
380	1191.3333333333333	0.0
390	1311.3333333333333	0.0
400	1488.0	0.0
410	1616.6666666666667	0.0
420	1334.0	0.0
430	1878.0	0.0
440	1788.6666666666667	0.0
450	1737.0	0.0
460	1970.3333333333333	0.0
470	2141.6666666666665	0.0
480	1748.6666666666667	0.0
490	1978.3333333333333	0.0
500	2355.0	0.0
510	1707.3333333333333	0.0
520	1767.6666666666667	0.0
530	2089.0	0.0
540	2194.0	0.0
550	1906.6666666666667	0.0
560	2155.0	0.0
570	2293.3333333333335	0.0
580	2272.0	0.0
590	2320.8333333333335	0.0
600	2163.6666666666665	0.0
610	2337.1666666666665	0.0
620	2456.3333333333335	0.0
630	2607.6666666666665	0.0
640	2565.1666666666665	0.0
650	2424.0	0.0
660	2299.1666666666665	0.0
670	2314.0	0.0
680	2506.0	0.0
690	2701.6666666666665	0.0
700	2696.0	0.0
710	2374.1666666666665	0.0
720	2362.3333333333335	0.0
730	2682.1666666666665	0.0
740	2728.0	0.0
750	2427.5	0.0
760	2665.0	0.0
770	2402.5	0.0
780	2564.0	0.0
790	2569.6666666666665	0.0
800	2583.5	0.0
810	2608.6666666666665	0.0
820	2442.1666666666665	0.0
830	2833.1666666666665	0.0
840	2797.3333333333335	0.0
850	2497.0	0.0
860	2848.0	0.0
870	2552.5	0.0
880	2604.5	0.0
890	2572.0	0.0
900	2427.6666666666665	0.0
910	2394.0	0.0
920	2678.6666666666665	0.0
930	2560.0	0.0
940	2623.8333333333335	0.0
950	2730.8333333333335	0.0
960	1801.0	0.0
970	1575.3333333333333	0.0
980	2141.3333333333335	0.0
990	1716.0	0.0
1000	1957.6666666666667	0.0
