0	251.66666666666666	0.0
10	98.66666666666667	1000.0
20	100.66666666666667	0.0
30	100.0	0.0
40	100.0	0.0
50	98.33333333333333	0.0
60	82.33333333333333	0.0
70	82.0	0.0
80	83.33333333333333	0.0
90	70.0	0.0
100	70.0	0.0
110	70.0	0.0
120	70.0	0.0
130	70.0	0.0
140	70.0	0.0
150	70.0	0.0
160	70.0	0.0
170	70.0	0.0
180	70.33333333333333	0.0
190	70.0	0.0
200	72.0	0.0
210	96.66666666666667	0.0
220	70.33333333333333	0.0
230	99.66666666666667	0.0
240	297.0	0.0
250	156.0	0.0
260	210.66666666666666	0.0
270	120.33333333333333	0.0
280	260.6666666666667	0.0
290	191.66666666666666	0.0
300	276.6666666666667	0.0
310	899.6666666666666	0.0
320	1029.6666666666667	0.0
330	1019.0	0.0
340	1042.6666666666667	0.0
350	1656.0	0.0
360	1765.6666666666667	0.0
370	1824.0	0.0
380	1988.3333333333333	0.0
390	1728.0	0.0
400	1871.0	0.0
410	1917.6666666666667	0.0
420	2037.3333333333333	0.0
430	2170.6666666666665	0.0
440	2203.3333333333335	0.0
450	2381.6666666666665	0.0
460	2468.0	0.0
470	2279.0	0.0
480	1842.1666666666667	0.0
490	2400.6666666666665	0.0
500	2485.6666666666665	0.0
510	2402.6666666666665	0.0
520	1949.3333333333333	0.0
530	2385.6666666666665	0.0
540	2164.6666666666665	0.0
550	2370.3333333333335	0.0
560	2447.5	0.0
570	2352.0	0.0
580	2670.8333333333335	0.0
590	2558.0	0.0
600	2263.6666666666665	0.0
610	2414.3333333333335	0.0
620	2655.5	0.0
630	2556.6666666666665	0.0
640	2761.3333333333335	0.0
650	2353.3333333333335	0.0
660	2454.0	0.0
670	2385.1666666666665	0.0
680	2615.0	0.0
690	2372.1666666666665	0.0
700	2559.3333333333335	0.0
710	2565.5	0.0
720	2432.3333333333335	0.0
730	2566.0	0.0
740	2486.3333333333335	0.0
750	2447.3333333333335	0.0
760	2604.0	0.0
770	2552.8333333333335	0.0
780	2546.3333333333335	0.0
790	2604.3333333333335	0.0
800	2900.0	0.0
810	2620.0	0.0
820	2800.5	0.0
830	2666.3333333333335	0.0
840	2487.0	0.0
850	2509.1666666666665	0.0
860	2638.1666666666665	0.0
870	2676.0	0.0
880	2549.0	0.0
890	2739.8333333333335	0.0
900	2466.8333333333335	0.0
910	2722.0	0.0
920	2573.0	0.0
930	2481.5	0.0
940	2614.6666666666665	0.0
950	2404.3333333333335	0.0
960	2476.6666666666665	0.0
970	2387.6666666666665	0.0
980	2323.0	0.0
990	2488.0	0.0
1000	2104.3333333333335	0.0
