0	252.33333333333334	0.0
10	70.0	0.0
20	70.0	0.0
30	70.0	0.0
40	70.0	0.0
50	70.0	0.0
60	70.0	0.0
70	70.0	0.0
80	70.0	0.0
90	72.0	0.0
100	100.33333333333333	0.0
110	390.3333333333333	0.0
120	139.33333333333334	0.0
130	126.66666666666667	0.0
140	111.66666666666667	0.0
150	339.3333333333333	0.0
160	91.0	0.0
170	178.0	31.0
180	263.0	4.0
190	152.0	0.0
200	286.3333333333333	0.0
210	260.6666666666667	0.0
220	182.33333333333334	19.0
230	304.3333333333333	0.0
240	352.0	0.0
250	435.0	24.0
260	330.3333333333333	0.0
270	411.6666666666667	19.0
280	432.6666666666667	7.0
290	520.3333333333334	1.0
300	650.6666666666666	13.0
310	1008.6666666666666	42.0
320	1340.8333333333333	8.0
330	1610.5	77.0
340	1803.1666666666667	86.0
350	1543.6666666666667	103.0
360	1415.6666666666667	54.0
370	1531.0	185.0
380	1311.3333333333333	75.0
390	2000.1666666666667	100.0
400	1703.0	152.0
410	2014.5	0.0
420	1937.0	0.0
430	1389.5	0.0
440	1658.0	0.0
450	1824.8333333333333	0.0
460	1032.0	0.0
470	1822.0	0.0
480	1846.6666666666667	0.0
490	1758.3333333333333	0.0
500	2009.3333333333333	0.0
510	2130.1666666666665	0.0
520	1617.0	0.0
530	2416.6666666666665	0.0
540	2151.0	0.0
550	2380.3333333333335	0.0
560	2329.5	0.0
570	2266.8333333333335	0.0
580	2582.6666666666665	0.0
590	2093.1666666666665	0.0
600	1566.3333333333333	0.0
