0	258.3333333333333	0.0
10	70.0	0.0
20	70.0	0.0
30	70.0	0.0
40	70.0	7.0
50	70.0	0.0
60	70.0	0.0
70	70.0	0.0
80	72.0	0.0
90	78.33333333333333	0.0
100	83.66666666666667	0.0
110	122.66666666666667	0.0
120	393.3333333333333	0.0
130	92.66666666666667	18.0
140	111.0	0.0
150	372.3333333333333	0.0
160	205.66666666666666	0.0
170	197.0	0.0
180	360.3333333333333	0.0
190	376.3333333333333	1.0
200	214.33333333333334	0.0
210	166.0	6.0
220	317.6666666666667	0.0
230	482.6666666666667	0.0
240	430.0	0.0
250	426.0	26.0
260	478.3333333333333	7.0
270	620.6666666666666	12.0
280	554.0	0.0
290	864.3333333333334	42.0
300	693.6666666666666	2.0
310	658.0	41.0
320	667.3333333333334	0.0
330	701.0	38.0
340	626.3333333333334	45.0
350	889.3333333333334	40.0
360	1560.0	78.0
370	990.8333333333334	75.0
380	1541.6666666666667	104.0
390	1538.8333333333333	124.0
400	1265.6666666666667	20.0
410	1658.6666666666667	18.0
420	1957.8333333333333	66.0
430	1493.6666666666667	101.0
440	1884.1666666666667	51.0
450	1419.8333333333333	71.0
460	1990.6666666666667	7.0
470	1714.3333333333333	0.0
480	2425.0	0.0
490	2006.8333333333333	0.0
500	2314.1666666666665	0.0
510	2207.3333333333335	0.0
520	1533.3333333333333	0.0
530	1287.3333333333333	0.0
540	1738.0	0.0
550	1839.8333333333333	0.0
560	1858.6666666666667	0.0
570	2026.6666666666667	0.0
580	2001.0	0.0
590	2085.6666666666665	0.0
600	1950.8333333333333	0.0
