0	235.33333333333334	0.0
10	70.0	0.0
20	70.0	0.0
30	70.0	0.0
40	70.0	0.0
50	70.0	0.0
60	70.0	0.0
70	70.0	0.0
80	70.33333333333333	0.0
90	75.66666666666667	0.0
100	99.66666666666667	0.0
110	75.0	0.0
120	139.66666666666666	0.0
130	436.6666666666667	0.0
140	106.0	0.0
150	304.3333333333333	0.0
160	446.3333333333333	29.0
170	154.0	7.0
180	291.6666666666667	0.0
190	316.6666666666667	0.0
200	277.0	0.0
210	262.6666666666667	15.0
220	194.0	8.0
230	314.0	0.0
240	404.0	0.0
250	392.6666666666667	0.0
260	502.3333333333333	0.0
270	712.6666666666666	0.0
280	719.0	44.0
290	718.6666666666666	43.0
300	654.0	2.0
310	812.3333333333334	13.0
320	1133.0	0.0
330	1129.6666666666667	66.0
340	1082.3333333333333	72.0
350	1184.6666666666667	41.0
360	1992.8333333333333	79.0
370	2028.5	54.0
380	1844.1666666666667	30.0
390	1422.5	25.0
400	1473.3333333333333	114.0
410	1711.3333333333333	162.0
420	1948.0	137.0
430	1987.5	23.0
440	1829.0	36.0
450	1558.6666666666667	0.0
460	1835.6666666666667	0.0
470	1771.8333333333333	0.0
480	2193.0	0.0
490	2207.8333333333335	0.0
500	2080.1666666666665	0.0
510	2083.5	0.0
520	1839.3333333333333	0.0
530	2032.0	0.0
540	2194.6666666666665	0.0
550	2278.5	0.0
560	2168.3333333333335	0.0
570	2058.3333333333335	0.0
580	2273.6666666666665	0.0
590	2409.5	0.0
600	2210.6666666666665	0.0
