0	257.3333333333333	0.0
10	70.0	0.0
20	70.0	0.0
30	70.0	0.0
40	70.0	0.0
50	70.0	0.0
60	70.0	0.0
70	70.0	0.0
80	70.0	0.0
90	73.66666666666667	0.0
100	80.0	0.0
110	169.0	0.0
120	318.3333333333333	0.0
130	275.0	0.0
140	290.3333333333333	0.0
150	432.3333333333333	0.0
160	191.0	0.0
170	132.0	29.0
180	267.3333333333333	0.0
190	159.33333333333334	0.0
200	394.0	48.0
210	266.0	6.0
220	348.3333333333333	0.0
230	286.0	0.0
240	326.0	0.0
250	324.0	32.0
260	312.6666666666667	0.0
270	469.6666666666667	17.0
280	446.3333333333333	13.0
290	419.3333333333333	30.0
300	916.0	7.0
310	721.0	0.0
320	841.3333333333334	84.0
330	869.1666666666666	100.0
340	1420.0	112.0
350	2660.8333333333335	127.0
360	2417.1666666666665	236.0
370	2654.5	159.0
380	2358.3333333333335	0.0
390	2530.3333333333335	0.0
400	1922.0	0.0
410	2412.8333333333335	0.0
420	1823.0	0.0
430	2575.0	0.0
440	2504.3333333333335	0.0
450	2278.6666666666665	0.0
460	2215.8333333333335	0.0
470	2240.3333333333335	0.0
480	2212.0	0.0
490	2403.3333333333335	0.0
500	2294.0	0.0
510	1963.1666666666667	0.0
520	1982.0	0.0
530	1574.0	0.0
540	1958.8333333333333	0.0
550	2007.5	0.0
560	2032.6666666666667	0.0
570	1756.0	0.0
580	2170.8333333333335	0.0
590	2235.6666666666665	0.0
600	2363.6666666666665	0.0
