0	258.0888888888889	0.0
10	70.0	0.0
20	70.0	0.0
30	70.0	0.0
40	70.0	0.0
50	70.0	0.0
60	70.0	0.0
70	70.0111111111111	0.0
80	70.42222222222222	0.0
90	73.95555555555553	0.0
100	85.77777777777779	0.0
110	131.52222222222224	0.0
120	162.42222222222225	0.0
130	220.4	0.0
140	221.7555555555556	0.0
150	236.89999999999998	0.0
160	217.01111111111112	0.0
170	217.69999999999993	0.0
180	233.8111111111111	0.0
190	313.3333333333333	0.0
200	293.29999999999995	0.0
210	350.6666666666667	0.0
220	347.6222222222222	0.0
230	348.6888888888889	0.0
240	384.22222222222206	0.0
250	377.5166666666666	0.0
260	423.3833333333332	0.0
270	488.7	0.0
280	512.4555555555556	0.0
290	590.0388888888888	0.0
300	627.6277777777777	0.0
310	783.3777777777776	0.0
320	940.8555555555555	0.0
330	1052.2833333333333	0.0
340	1196.4388888888889	0.0
350	1323.438888888889	0.0
360	1470.166666666667	0.0
370	1638.594444444444	0.0
380	1721.2555555555555	0.0
390	1856.911111111111	0.0
400	1863.772222222222	0.0
410	1947.6333333333334	0.0
420	1974.1444444444448	0.0
430	1970.7722222222221	0.0
440	2076.172222222222	0.0
450	1931.366666666667	0.0
460	2011.272222222222	0.0
470	2036.122222222222	0.0
480	2085.8	0.0
490	2013.5055555555557	0.0
500	2009.9388888888886	0.0
510	1937.1055555555556	0.0
520	1958.8499999999997	0.0
530	1972.288888888889	0.0
540	1997.1111111111115	0.0
550	1951.7222222222222	0.0
560	2099.3444444444444	0.0
570	2079.1000000000004	0.0
580	2163.405555555555	0.0
590	1986.2111111111112	0.0
600	1999.1277777777782	0.0
610	2061.9666666666662	0.0
620	2072.6	0.0
630	2082.8722222222223	0.0
640	2040.65	0.0
650	1956.594444444444	0.0
660	2113.9500000000003	0.0
670	2085.105555555556	0.0
680	2032.4277777777781	0.0
690	2088.6555555555556	0.0
700	2146.65	0.0
710	2144.8666666666663	0.0
720	2067.5388888888892	0.0
730	2121.522222222222	0.0
740	2156.7111111111108	0.0
750	2208.2611111111114	0.0
760	2179.555555555555	0.0
770	2222.122222222222	0.0
780	2212.8	0.0
790	2221.311111111111	0.0
800	2251.066666666667	0.0
810	2247.0833333333335	0.0
820	2283.3999999999996	0.0
830	2310.0722222222225	0.0
840	2336.0777777777776	0.0
850	2381.555555555555	0.0
860	2278.438888888889	0.0
870	2233.9000000000005	0.0
880	2231.883333333333	0.0
890	2222.5333333333333	0.0
900	2262.6222222222223	0.0
910	2257.3555555555554	0.0
920	2234.311111111111	0.0
930	2153.7722222222224	0.0
940	2174.611111111111	0.0
950	2252.3611111111113	0.0
960	2156.627777777778	0.0
970	2182.733333333333	0.0
980	2266.3388888888885	0.0
990	2242.9166666666665	0.0
1000	2196.133333333333	0.0
