0	280.6666666666667	0.0
10	70.0	0.0
20	70.0	0.0
30	70.0	0.0
40	70.0	0.0
50	70.0	0.0
60	70.0	0.0
70	70.0	0.0
80	71.33333333333333	0.0
90	75.0	0.0
100	88.0	0.0
110	77.66666666666667	0.0
120	107.33333333333333	0.0
130	355.3333333333333	0.0
140	377.0	0.0
150	138.0	0.0
160	165.66666666666666	0.0
170	469.3333333333333	0.0
180	394.0	0.0
190	320.3333333333333	0.0
200	390.3333333333333	0.0
210	339.3333333333333	0.0
220	368.0	0.0
230	400.3333333333333	0.0
240	328.3333333333333	0.0
250	314.0	0.0
260	468.0	0.0
270	647.3333333333334	0.0
280	517.3333333333334	0.0
290	749.0	0.0
300	662.6666666666666	0.0
310	987.5	0.0
320	1896.8333333333333	0.0
330	1832.5	0.0
340	1532.6666666666667	0.0
350	1649.6666666666667	0.0
360	2100.3333333333335	0.0
370	2545.1666666666665	0.0
380	2409.6666666666665	0.0
390	1816.3333333333333	0.0
400	2118.0	0.0
410	1950.6666666666667	0.0
420	2334.3333333333335	0.0
430	2277.3333333333335	0.0
440	2446.0	0.0
450	1546.0	0.0
460	1899.6666666666667	0.0
470	1814.0	0.0
480	2169.5	0.0
490	1596.0	0.0
500	1423.6666666666667	0.0
510	1764.3333333333333	0.0
520	1807.6666666666667	0.0
530	1687.3333333333333	0.0
540	1826.5	0.0
550	1543.5	0.0
560	1254.5	0.0
570	2605.3333333333335	0.0
580	2458.1666666666665	0.0
590	2011.3333333333333	0.0
600	1586.0	0.0
610	2482.0	0.0
620	2234.6666666666665	0.0
630	2278.5	0.0
640	2307.6666666666665	0.0
650	1553.6666666666667	0.0
660	2274.3333333333335	0.0
670	1659.3333333333333	0.0
680	1829.3333333333333	0.0
690	1624.0	0.0
700	1504.8333333333333	0.0
710	1937.1666666666667	0.0
720	1349.3333333333333	0.0
730	2138.3333333333335	0.0
740	2456.6666666666665	0.0
750	2402.3333333333335	0.0
760	2468.0	0.0
770	2468.1666666666665	0.0
780	2303.3333333333335	0.0
790	2265.3333333333335	0.0
800	2551.3333333333335	0.0
810	2470.0	0.0
820	2423.3333333333335	0.0
830	2492.5	0.0
840	2460.6666666666665	0.0
850	2636.5	0.0
860	2429.0	0.0
870	2265.0	0.0
880	2278.0	0.0
890	2556.6666666666665	0.0
900	2457.0	0.0
910	1991.0	0.0
920	1632.8333333333333	0.0
930	2090.6666666666665	0.0
940	1865.6666666666667	0.0
950	1867.0	0.0
960	1931.3333333333333	0.0
970	1835.0	0.0
980	1845.6666666666667	0.0
990	2267.3333333333335	0.0
1000	2177.1666666666665	0.0
