0	224.66666666666666	0.0
10	70.0	0.0
20	70.0	0.0
30	70.0	0.0
40	70.0	0.0
50	70.0	0.0
60	70.0	0.0
70	70.0	0.0
80	70.33333333333333	0.0
90	79.33333333333333	0.0
100	80.66666666666667	0.0
110	100.33333333333333	0.0
120	84.66666666666667	0.0
130	74.66666666666667	0.0
140	79.66666666666667	0.0
150	113.66666666666667	0.0
160	287.6666666666667	0.0
170	411.3333333333333	0.0
180	424.0	0.0
190	503.6666666666667	0.0
200	291.3333333333333	0.0
210	292.0	0.0
220	170.0	0.0
230	286.6666666666667	0.0
240	395.0	0.0
250	255.0	0.0
260	371.6666666666667	0.0
270	473.3333333333333	0.0
280	362.6666666666667	0.0
290	503.3333333333333	0.0
300	495.0	0.0
310	463.0	0.0
320	408.0	0.0
330	645.3333333333334	0.0
340	1226.3333333333333	0.0
350	1042.5	0.0
360	1570.3333333333333	0.0
370	1832.3333333333333	0.0
380	2061.0	0.0
390	2446.3333333333335	0.0
400	1815.0	0.0
410	2617.3333333333335	0.0
420	2379.6666666666665	0.0
430	2414.6666666666665	0.0
440	2405.6666666666665	0.0
450	2295.1666666666665	0.0
460	2503.3333333333335	0.0
470	2090.3333333333335	0.0
480	1300.6666666666667	0.0
490	1939.3333333333333	0.0
500	1865.1666666666667	0.0
510	1881.6666666666667	0.0
520	2077.0	0.0
530	1614.6666666666667	0.0
540	1838.0	0.0
550	1525.0	0.0
560	1798.3333333333333	0.0
570	1628.0	0.0
580	1574.6666666666667	0.0
590	1893.5	0.0
600	1906.0	0.0
610	1812.3333333333333	0.0
620	1557.6666666666667	0.0
630	1662.8333333333333	0.0
640	1759.6666666666667	0.0
650	1904.5	0.0
660	1865.3333333333333	0.0
670	1587.5	0.0
680	1646.3333333333333	0.0
690	1738.0	0.0
700	1927.6666666666667	0.0
710	1942.0	0.0
720	1646.3333333333333	0.0
730	1607.5	0.0
740	2528.1666666666665	0.0
750	2268.0	0.0
760	2384.1666666666665	0.0
770	2325.1666666666665	0.0
780	2314.3333333333335	0.0
790	2413.8333333333335	0.0
800	2239.1666666666665	0.0
810	2438.3333333333335	0.0
820	2304.6666666666665	0.0
830	2383.1666666666665	0.0
840	2253.8333333333335	0.0
850	2460.6666666666665	0.0
860	2283.3333333333335	0.0
870	2375.0	0.0
880	2505.1666666666665	0.0
890	2274.0	0.0
900	2353.1666666666665	0.0
910	1777.0	0.0
920	1971.6666666666667	0.0
930	1905.1666666666667	0.0
940	1883.1666666666667	0.0
950	2417.1666666666665	0.0
960	2365.1666666666665	0.0
970	2471.5	0.0
980	2404.0	0.0
990	2423.3333333333335	0.0
1000	2259.6666666666665	0.0
