0	242.0	0.0
10	70.0	0.0
20	70.0	0.0
30	70.0	0.0
40	70.0	0.0
50	70.0	0.0
60	70.0	0.0
70	70.0	0.0
80	70.0	0.0
90	70.0	0.0
100	70.0	0.0
110	70.0	0.0
120	70.0	0.0
130	70.0	0.0
140	70.0	0.0
150	70.0	0.0
160	70.0	0.0
170	70.33333333333333	0.0
180	70.33333333333333	0.0
190	71.0	0.0
200	72.33333333333333	0.0
210	73.33333333333333	0.0
220	71.66666666666667	0.0
230	77.0	0.0
240	93.33333333333333	0.0
250	143.66666666666666	0.0
260	216.66666666666666	0.0
270	247.33333333333334	0.0
280	142.0	0.0
290	170.33333333333334	0.0
300	139.33333333333334	0.0
310	128.66666666666666	0.0
320	130.66666666666666	0.0
330	147.66666666666666	0.0
340	170.66666666666666	0.0
350	170.66666666666666	0.0
360	146.33333333333334	0.0
370	220.33333333333334	0.0
380	269.0	0.0
390	202.0	0.0
400	154.66666666666666	0.0
410	225.33333333333334	0.0
420	239.66666666666666	0.0
430	234.0	0.0
440	293.3333333333333	0.0
450	236.0	0.0
460	206.0	0.0
470	186.0	0.0
480	305.6666666666667	0.0
490	347.3333333333333	0.0
500	404.6666666666667	0.0
510	332.3333333333333	0.0
520	430.3333333333333	0.0
530	502.6666666666667	0.0
540	274.6666666666667	0.0
550	251.0	0.0
560	251.66666666666666	0.0
570	359.0	0.0
580	273.0	0.0
590	497.3333333333333	0.0
600	459.0	0.0
