0	256.0	0.0
10	70.0	0.0
20	70.0	0.0
30	70.0	0.0
40	70.0	0.0
50	70.0	0.0
60	70.0	0.0
70	70.0	0.0
80	70.0	0.0
90	70.0	0.0
100	70.0	0.0
110	70.0	0.0
120	70.0	0.0
130	70.0	0.0
140	70.0	0.0
150	70.0	0.0
160	70.0	0.0
170	70.0	0.0
180	70.66666666666667	0.0
190	70.0	0.0
200	72.33333333333333	0.0
210	71.0	0.0
220	87.0	0.0
230	72.0	0.0
240	71.66666666666667	0.0
250	150.66666666666666	0.0
260	202.0	0.0
270	244.66666666666666	0.0
280	299.0	0.0
290	212.0	0.0
300	154.0	0.0
310	138.0	0.0
320	162.0	0.0
330	130.33333333333334	0.0
340	145.66666666666666	0.0
350	155.66666666666666	0.0
360	152.33333333333334	0.0
370	357.0	0.0
380	460.3333333333333	0.0
390	526.6666666666666	0.0
400	748.3333333333334	0.0
410	772.0	0.0
420	1026.0	0.0
430	1329.0	0.0
440	1205.6666666666667	0.0
450	1747.3333333333333	0.0
460	1689.5	0.0
470	2095.0	0.0
480	2070.6666666666665	0.0
490	2076.6666666666665	0.0
500	2025.0	0.0
510	2176.3333333333335	0.0
520	2440.8333333333335	0.0
530	2190.6666666666665	0.0
540	2051.8333333333335	0.0
550	2217.8333333333335	0.0
560	1822.6666666666667	0.0
570	2089.6666666666665	0.0
580	2188.3333333333335	0.0
590	2351.3333333333335	0.0
600	2413.3333333333335	0.0
