0	278.6666666666667	0.0
10	70.0	0.0
20	70.0	0.0
30	70.0	0.0
40	70.0	0.0
50	70.0	0.0
60	70.0	0.0
70	70.0	0.0
80	70.0	0.0
90	70.0	0.0
100	70.0	0.0
110	70.0	0.0
120	70.0	0.0
130	70.0	0.0
140	70.0	0.0
150	70.0	0.0
160	70.0	0.0
170	70.0	0.0
180	70.0	0.0
190	70.0	0.0
200	72.0	0.0
210	71.66666666666667	0.0
220	77.33333333333333	0.0
230	73.0	0.0
240	73.0	0.0
250	114.33333333333333	0.0
260	99.33333333333333	0.0
270	104.0	0.0
280	116.66666666666667	0.0
290	307.3333333333333	0.0
300	349.0	0.0
310	122.0	0.0
320	220.33333333333334	0.0
330	180.0	0.0
340	128.66666666666666	0.0
350	147.33333333333334	0.0
360	155.66666666666666	0.0
370	189.33333333333334	0.0
380	255.33333333333334	0.0
390	175.0	0.0
400	253.33333333333334	0.0
410	632.0	0.0
420	748.6666666666666	0.0
430	1060.6666666666667	0.0
440	826.3333333333334	0.0
450	912.0	0.0
460	770.3333333333334	0.0
470	969.3333333333334	0.0
480	841.6666666666666	0.0
490	1709.0	0.0
500	1569.6666666666667	0.0
510	1411.0	0.0
520	1429.3333333333333	0.0
530	1931.1666666666667	0.0
540	2018.6666666666667	0.0
550	1904.1666666666667	0.0
560	1921.6666666666667	0.0
570	1943.0	0.0
580	2029.5	0.0
590	2138.3333333333335	0.0
600	2174.3333333333335	0.0
