0	254.66666666666666	0.0
10	127.33333333333333	307.0
20	471.0	314.0
30	1387.0	157.0
40	1586.0	145.0
50	1791.3333333333333	77.0
60	2052.6666666666665	0.0
70	1901.1666666666667	0.0
80	2009.1666666666667	0.0
90	2275.1666666666665	0.0
100	2446.6666666666665	0.0
110	2430.0	0.0
120	1717.1666666666667	0.0
130	2345.6666666666665	0.0
140	2152.6666666666665	0.0
150	2286.0	0.0
160	1811.5	0.0
170	2231.0	0.0
180	2306.0	0.0
190	2344.6666666666665	0.0
200	2411.8333333333335	0.0
210	2139.5	0.0
220	2284.6666666666665	0.0
230	2300.5	0.0
240	2091.5	0.0
250	2311.5	0.0
260	2368.6666666666665	0.0
270	2307.0	0.0
280	2475.3333333333335	0.0
290	2438.3333333333335	0.0
300	1834.3333333333333	0.0
310	1743.6666666666667	0.0
320	2137.6666666666665	0.0
330	1937.3333333333333	0.0
340	2364.3333333333335	0.0
350	2033.8333333333333	0.0
360	2101.0	0.0
370	2140.1666666666665	0.0
380	2161.6666666666665	0.0
390	2161.1666666666665	0.0
400	1978.3333333333333	0.0
410	1940.3333333333333	0.0
420	1963.6666666666667	0.0
430	2219.1666666666665	0.0
440	2515.3333333333335	0.0
450	2135.3333333333335	0.0
460	2226.0	0.0
470	2426.8333333333335	0.0
480	2462.5	0.0
490	2188.5	0.0
500	2373.5	0.0
510	2475.3333333333335	0.0
520	2372.3333333333335	0.0
530	2132.6666666666665	0.0
540	2563.0	0.0
550	2405.0	0.0
560	2432.0	0.0
570	2417.6666666666665	0.0
580	2418.6666666666665	0.0
590	2845.5	0.0
600	2265.0	0.0
610	2284.6666666666665	0.0
620	2530.0	0.0
630	1963.3333333333333	0.0
640	1867.1666666666667	0.0
650	2062.5	0.0
660	2090.0	0.0
670	2010.0	0.0
680	1911.0	0.0
690	1938.3333333333333	0.0
700	1897.0	0.0
710	2000.1666666666667	0.0
720	1984.1666666666667	0.0
730	2434.8333333333335	0.0
740	2251.5	0.0
750	2398.5	0.0
760	2111.3333333333335	0.0
770	2328.0	0.0
780	2034.3333333333333	0.0
790	2324.3333333333335	0.0
800	1741.6666666666667	0.0
810	1860.0	0.0
820	2276.3333333333335	0.0
830	2605.0	0.0
840	2501.3333333333335	0.0
850	2014.6666666666667	0.0
860	2419.3333333333335	0.0
870	2038.3333333333333	0.0
880	2290.3333333333335	0.0
890	2365.0	0.0
900	2165.0	0.0
910	1978.3333333333333	0.0
920	2052.6666666666665	0.0
930	2147.0	0.0
940	1960.0	0.0
950	2467.1666666666665	0.0
960	1756.0	0.0
970	2268.5	0.0
980	2118.6666666666665	0.0
990	2066.6666666666665	0.0
1000	1671.1666666666667	0.0
