0	280.6666666666667	0.0
10	70.0	1000.0
20	70.0	0.0
30	70.0	0.0
40	70.0	0.0
50	70.0	0.0
60	70.0	0.0
70	70.0	0.0
80	70.0	0.0
90	70.0	0.0
100	70.0	0.0
110	70.0	0.0
120	70.0	0.0
130	70.0	0.0
140	70.0	0.0
150	70.0	0.0
160	71.0	0.0
170	72.0	0.0
180	70.0	0.0
190	73.33333333333333	0.0
200	79.66666666666667	0.0
210	72.0	0.0
220	101.66666666666667	0.0
230	169.66666666666666	0.0
240	225.33333333333334	0.0
250	255.0	0.0
260	277.3333333333333	0.0
270	160.33333333333334	0.0
280	188.0	0.0
290	170.33333333333334	0.0
300	154.66666666666666	0.0
310	140.33333333333334	0.0
320	154.0	0.0
330	194.33333333333334	0.0
340	146.66666666666666	0.0
350	234.33333333333334	0.0
360	233.66666666666666	0.0
370	171.0	0.0
380	335.0	0.0
390	303.3333333333333	0.0
400	868.1666666666666	0.0
410	918.0	0.0
420	992.1666666666666	0.0
430	849.0	0.0
440	1030.6666666666667	0.0
450	1503.0	0.0
460	1869.5	0.0
470	1974.0	0.0
480	1784.6666666666667	0.0
490	1809.0	0.0
500	2052.0	0.0
510	2155.0	0.0
520	2161.6666666666665	0.0
530	2156.3333333333335	0.0
540	2178.3333333333335	0.0
550	2237.3333333333335	0.0
560	2226.0	0.0
570	2243.3333333333335	0.0
580	2380.1666666666665	0.0
590	2122.0	0.0
600	2416.8333333333335	0.0
610	2100.6666666666665	0.0
620	2498.0	0.0
630	2526.3333333333335	0.0
640	2107.6666666666665	0.0
650	2312.0	0.0
660	2258.6666666666665	0.0
670	2384.0	0.0
680	2295.0	0.0
690	2467.0	0.0
700	2505.3333333333335	0.0
710	2809.5	0.0
720	2496.0	0.0
730	2727.3333333333335	0.0
740	2719.3333333333335	0.0
750	2683.5	0.0
760	2410.8333333333335	0.0
770	2476.0	0.0
780	2461.1666666666665	0.0
790	2601.6666666666665	0.0
800	3040.8333333333335	0.0
810	2215.0	0.0
820	2828.1666666666665	0.0
830	2708.8333333333335	0.0
840	2318.6666666666665	0.0
850	2154.6666666666665	0.0
860	1709.3333333333333	0.0
870	2307.6666666666665	0.0
880	2929.6666666666665	0.0
890	2962.3333333333335	0.0
900	2572.6666666666665	0.0
910	2283.0	0.0
920	2795.3333333333335	0.0
930	2729.1666666666665	0.0
940	2787.3333333333335	0.0
950	2504.3333333333335	0.0
960	2763.0	0.0
970	2616.5	0.0
980	2454.5	0.0
990	2291.3333333333335	0.0
1000	2540.5	0.0
