0	300.0	0.0
10	2046.0	0.0
20	1938.8333333333333	0.0
30	2097.8333333333335	0.0
40	2046.3333333333333	0.0
50	2064.0	28.0
60	2117.0	0.0
70	2032.0	0.0
80	2185.8333333333335	0.0
90	2120.6666666666665	0.0
100	2045.8333333333333	1.0
110	2259.0	30.0
120	1972.1666666666667	0.0
130	2132.0	0.0
140	2246.3333333333335	4.0
150	2012.3333333333333	12.0
160	2092.0	0.0
170	2301.1666666666665	15.0
180	2039.1666666666667	10.0
190	2227.6666666666665	35.0
200	2144.5	3.0
210	2316.5	12.0
220	2336.1666666666665	28.0
230	2329.3333333333335	0.0
240	2309.8333333333335	0.0
250	2307.3333333333335	3.0
260	2356.6666666666665	29.0
270	2396.0	0.0
280	2364.6666666666665	40.0
290	2276.5	0.0
300	2475.5	0.0
310	2179.6666666666665	0.0
320	2308.8333333333335	0.0
330	2746.6666666666665	0.0
340	2296.6666666666665	0.0
350	2494.8333333333335	0.0
360	2545.3333333333335	0.0
370	2635.3333333333335	0.0
380	2258.8333333333335	0.0
390	2794.8333333333335	0.0
400	2557.6666666666665	6.0
410	2611.1666666666665	0.0
420	2439.6666666666665	17.0
430	2476.1666666666665	0.0
440	2470.6666666666665	25.0
450	2637.5	0.0
460	2720.5	18.0
470	2553.6666666666665	0.0
480	2533.0	19.0
490	2887.0	14.0
500	2427.8333333333335	11.0
