0	281.3333333333333	0.0
10	2096.6666666666665	0.0
20	2150.6666666666665	0.0
30	1939.8333333333333	23.0
40	2241.1666666666665	0.0
50	2017.3333333333333	0.0
60	2041.3333333333333	20.0
70	2017.8333333333333	0.0
80	2124.5	6.0
90	2008.8333333333333	0.0
100	2246.8333333333335	0.0
110	2028.6666666666667	27.0
120	2223.0	5.0
130	2087.3333333333335	0.0
140	2225.8333333333335	0.0
150	2234.1666666666665	0.0
160	2275.6666666666665	26.0
170	2128.5	16.0
180	2029.0	27.0
190	2049.3333333333335	0.0
200	2024.5	0.0
210	2268.8333333333335	0.0
220	2241.3333333333335	9.0
230	2375.5	15.0
240	2205.1666666666665	0.0
250	2436.8333333333335	0.0
260	2361.5	34.0
270	2565.3333333333335	13.0
280	2451.5	6.0
290	2520.6666666666665	3.0
300	2365.3333333333335	0.0
310	2783.3333333333335	17.0
320	2401.0	34.0
330	2474.3333333333335	0.0
340	2592.1666666666665	4.0
350	2242.1666666666665	12.0
360	2625.1666666666665	0.0
370	2425.5	21.0
380	2574.1666666666665	39.0
390	2689.0	0.0
400	2551.6666666666665	0.0
410	2327.8333333333335	0.0
420	2420.8333333333335	22.0
430	2393.3333333333335	23.0
440	2475.5	22.0
450	2501.3333333333335	0.0
460	2700.1666666666665	0.0
470	2460.0	0.0
480	2540.1666666666665	0.0
490	2574.3333333333335	0.0
500	3011.6666666666665	0.0
