0	257.6666666666667	0.0
10	70.0	13.0
20	70.0	11.0
30	70.0	0.0
40	70.0	7.0
50	70.0	7.0
60	70.0	8.0
70	70.0	13.0
80	70.0	1.0
90	70.0	8.0
100	70.0	4.0
110	70.0	3.0
120	70.0	0.0
130	70.0	8.0
140	70.0	0.0
150	70.0	2.0
160	70.0	0.0
170	70.0	12.0
180	70.33333333333333	8.0
190	70.33333333333333	0.0
200	70.0	1.0
210	73.33333333333333	1.0
220	71.33333333333333	0.0
230	82.66666666666667	1.0
240	73.0	3.0
250	141.66666666666666	54.0
260	312.6666666666667	10.0
270	90.66666666666667	178.0
280	169.0	5.0
290	192.0	79.0
300	204.66666666666666	77.0
310	287.3333333333333	40.0
320	139.33333333333334	229.0
330	194.66666666666666	24.0
340	266.0	51.0
350	130.0	142.0
360	156.66666666666666	0.0
370	130.0	0.0
380	252.0	0.0
390	463.6666666666667	0.0
400	633.6666666666666	0.0
410	726.0	0.0
420	823.6666666666666	0.0
430	558.6666666666666	0.0
440	899.6666666666666	0.0
450	1161.3333333333333	0.0
460	1163.0	0.0
470	1385.0	0.0
480	1654.0	0.0
490	2290.6666666666665	0.0
500	2216.6666666666665	0.0
510	2040.1666666666667	0.0
520	1618.0	0.0
530	1531.0	0.0
540	2028.0	0.0
550	2250.8333333333335	0.0
560	2294.3333333333335	0.0
570	2463.0	0.0
580	2293.6666666666665	0.0
590	2355.3333333333335	0.0
600	2127.3333333333335	0.0
610	2381.8333333333335	0.0
620	1964.8333333333333	0.0
630	2119.8333333333335	0.0
640	2156.5	0.0
650	2430.3333333333335	0.0
660	2217.1666666666665	0.0
670	2476.1666666666665	0.0
680	2196.6666666666665	0.0
690	2466.3333333333335	0.0
700	2485.6666666666665	0.0
710	2358.6666666666665	0.0
720	2400.3333333333335	0.0
730	2542.6666666666665	0.0
740	2382.1666666666665	0.0
750	2396.3333333333335	0.0
760	2316.3333333333335	0.0
770	2402.6666666666665	0.0
780	2407.6666666666665	0.0
790	2302.6666666666665	0.0
800	2545.0	0.0
