0	276.6666666666667	0.0
10	70.0	5.0
20	70.0	13.0
30	70.0	5.0
40	70.0	1.0
50	70.0	4.0
60	70.0	0.0
70	70.0	7.0
80	70.0	1.0
90	70.0	7.0
100	70.0	0.0
110	70.0	1.0
120	70.0	3.0
130	70.0	7.0
140	70.0	3.0
150	70.0	4.0
160	70.0	7.0
170	70.0	2.0
180	70.33333333333333	8.0
190	70.66666666666667	0.0
200	71.0	0.0
210	72.33333333333333	34.0
220	76.0	8.0
230	71.33333333333333	7.0
240	110.66666666666667	7.0
250	101.0	28.0
260	113.66666666666667	19.0
270	130.0	47.0
280	156.33333333333334	11.0
290	183.66666666666666	136.0
300	138.33333333333334	12.0
310	138.0	213.0
320	138.0	52.0
330	130.0	313.0
340	162.0	35.0
350	410.3333333333333	0.0
360	871.6666666666666	0.0
370	799.3333333333334	0.0
380	563.6666666666666	0.0
390	1098.6666666666667	0.0
400	943.3333333333334	0.0
410	1201.3333333333333	0.0
420	1661.0	0.0
430	1572.8333333333333	0.0
440	1279.3333333333333	0.0
450	1323.6666666666667	0.0
460	1325.3333333333333	0.0
470	1679.1666666666667	0.0
480	1565.3333333333333	0.0
490	2164.0	0.0
500	2073.6666666666665	0.0
510	2258.3333333333335	0.0
520	2459.5	0.0
530	2313.3333333333335	0.0
540	2204.0	0.0
550	2325.6666666666665	0.0
560	2278.6666666666665	0.0
570	1964.0	0.0
580	2260.3333333333335	0.0
590	2088.3333333333335	0.0
600	2303.3333333333335	0.0
610	2354.6666666666665	0.0
620	2280.0	0.0
630	2563.8333333333335	0.0
640	2249.3333333333335	0.0
650	2492.1666666666665	0.0
660	2682.8333333333335	0.0
670	2401.1666666666665	0.0
680	2508.3333333333335	0.0
690	2248.1666666666665	0.0
700	2274.3333333333335	0.0
710	2735.1666666666665	0.0
720	2456.6666666666665	0.0
730	2481.3333333333335	0.0
740	2722.1666666666665	0.0
750	2674.3333333333335	0.0
760	2415.6666666666665	0.0
770	2382.3333333333335	0.0
780	2651.6666666666665	0.0
790	2715.0	0.0
800	2693.0	0.0
