0	265.3333333333333	0.0
10	70.0	4.0
20	70.0	12.0
30	70.0	0.0
40	70.0	11.0
50	70.0	5.0
60	70.0	1.0
70	70.0	0.0
80	70.0	10.0
90	70.0	22.0
100	70.0	1.0
110	70.0	9.0
120	70.0	6.0
130	70.0	10.0
140	70.0	7.0
150	70.0	3.0
160	70.0	0.0
170	70.0	2.0
180	70.0	24.0
190	71.33333333333333	0.0
200	71.66666666666667	16.0
210	71.0	11.0
220	76.0	0.0
230	78.0	8.0
240	72.0	133.0
250	70.0	7.0
260	113.66666666666667	18.0
270	268.3333333333333	95.0
280	374.3333333333333	19.0
290	161.0	84.0
300	144.66666666666666	263.0
310	145.33333333333334	0.0
320	140.0	76.0
330	172.0	8.0
340	463.3333333333333	135.0
350	462.0	0.0
360	485.6666666666667	0.0
370	516.6666666666666	0.0
380	443.6666666666667	0.0
390	458.0	0.0
400	618.3333333333334	0.0
410	882.0	0.0
420	816.3333333333334	0.0
430	985.0	0.0
440	1374.0	0.0
450	1384.3333333333333	0.0
460	1501.1666666666667	0.0
470	1502.3333333333333	0.0
480	1632.6666666666667	0.0
490	1920.3333333333333	0.0
500	2357.6666666666665	0.0
510	1809.0	0.0
520	2348.3333333333335	0.0
530	2073.3333333333335	0.0
540	1968.6666666666667	0.0
550	2156.5	0.0
560	2212.5	0.0
570	2512.8333333333335	0.0
580	2377.0	0.0
590	2185.3333333333335	0.0
600	2064.6666666666665	0.0
610	2043.6666666666667	0.0
620	2273.3333333333335	0.0
630	2276.5	0.0
640	2597.3333333333335	0.0
650	2223.3333333333335	0.0
660	2410.6666666666665	0.0
670	2319.0	0.0
680	2397.6666666666665	0.0
690	2347.5	0.0
700	2233.0	0.0
710	2744.5	0.0
720	2618.0	0.0
730	2996.3333333333335	0.0
740	2786.6666666666665	0.0
750	2532.6666666666665	0.0
760	2813.0	0.0
770	2766.1666666666665	0.0
780	2491.3333333333335	0.0
790	2241.8333333333335	0.0
800	2634.3333333333335	0.0
