0	249.33333333333334	0.0
10	70.0	0.0
20	70.0	0.0
30	70.0	0.0
40	70.0	0.0
50	70.0	0.0
60	70.0	0.0
70	70.0	0.0
80	70.0	0.0
90	70.0	0.0
100	70.0	0.0
110	70.0	0.0
120	70.0	0.0
130	70.0	0.0
140	70.0	0.0
150	70.0	0.0
160	70.0	0.0
170	70.0	0.0
180	70.33333333333333	0.0
190	71.66666666666667	0.0
200	71.0	0.0
210	70.66666666666667	0.0
220	76.33333333333333	0.0
230	74.0	0.0
240	71.66666666666667	0.0
250	119.0	0.0
260	209.33333333333334	0.0
270	278.3333333333333	0.0
280	168.33333333333334	0.0
290	143.66666666666666	0.0
300	138.0	0.0
310	140.33333333333334	0.0
320	138.0	0.0
330	154.0	0.0
340	138.66666666666666	0.0
350	162.0	0.0
360	138.0	0.0
370	170.66666666666666	0.0
380	226.0	0.0
390	162.0	0.0
400	160.33333333333334	0.0
410	219.33333333333334	0.0
420	311.3333333333333	0.0
430	251.0	0.0
440	398.3333333333333	0.0
450	398.3333333333333	0.0
460	499.6666666666667	0.0
470	823.3333333333334	0.0
480	682.0	0.0
490	517.3333333333334	0.0
500	1162.0	0.0
510	973.0	0.0
520	1055.0	0.0
530	942.0	0.0
540	1273.6666666666667	0.0
550	1053.6666666666667	0.0
560	1417.0	0.0
570	1813.0	0.0
580	2260.1666666666665	0.0
590	2358.3333333333335	0.0
600	1589.6666666666667	0.0
610	2006.0	0.0
620	2018.0	0.0
630	2116.0	0.0
640	2291.8333333333335	0.0
650	2355.5	0.0
660	2397.0	0.0
670	2199.6666666666665	0.0
680	2291.6666666666665	0.0
690	2099.3333333333335	0.0
700	2212.1666666666665	0.0
710	2556.1666666666665	0.0
720	2494.1666666666665	0.0
730	2360.5	0.0
740	2568.1666666666665	0.0
750	2513.1666666666665	0.0
760	2701.1666666666665	0.0
770	2165.0	0.0
780	2602.1666666666665	0.0
790	2706.5	0.0
800	2630.8333333333335	0.0
