0	257.6666666666667	0.0
10	70.0	0.0
20	70.0	0.0
30	70.0	0.0
40	70.0	0.0
50	70.0	0.0
60	70.0	0.0
70	70.0	0.0
80	70.0	0.0
90	70.0	0.0
100	70.0	0.0
110	70.0	0.0
120	70.0	0.0
130	70.0	0.0
140	70.0	0.0
150	70.0	0.0
160	70.0	0.0
170	70.0	0.0
180	70.0	0.0
190	72.0	0.0
200	70.0	0.0
210	72.66666666666667	0.0
220	74.0	0.0
230	74.66666666666667	0.0
240	184.66666666666666	0.0
250	431.3333333333333	0.0
260	288.0	0.0
270	178.66666666666666	0.0
280	165.33333333333334	0.0
290	147.0	0.0
300	188.0	0.0
310	146.0	0.0
320	138.33333333333334	0.0
330	148.0	0.0
340	154.0	0.0
350	146.33333333333334	0.0
360	163.0	0.0
370	138.0	0.0
380	153.66666666666666	0.0
390	228.0	0.0
400	394.0	0.0
410	602.3333333333334	0.0
420	817.6666666666666	0.0
430	790.0	0.0
440	782.0	0.0
450	663.0	0.0
460	788.3333333333334	0.0
470	948.3333333333334	0.0
480	1355.3333333333333	0.0
490	1134.6666666666667	0.0
500	1743.0	0.0
510	2039.0	0.0
520	2260.5	0.0
530	2049.0	0.0
540	2361.0	0.0
550	2298.0	0.0
560	1946.3333333333333	0.0
570	2159.1666666666665	0.0
580	1944.0	0.0
590	2430.6666666666665	0.0
600	2423.6666666666665	0.0
610	1784.0	0.0
620	2349.6666666666665	0.0
630	1766.0	0.0
640	2332.0	0.0
650	2109.0	0.0
660	2231.6666666666665	0.0
670	2373.0	0.0
680	2293.0	0.0
690	2239.8333333333335	0.0
700	2268.5	0.0
710	2419.1666666666665	0.0
720	2421.0	0.0
730	2886.0	0.0
740	2641.6666666666665	0.0
750	2696.6666666666665	0.0
760	2697.0	0.0
770	2747.5	0.0
780	2511.3333333333335	0.0
790	2524.3333333333335	0.0
800	2696.8333333333335	0.0
