0	245.66666666666666	0.0
10	100.0	726.0
20	100.0	274.0
30	100.66666666666667	0.0
40	101.66666666666667	0.0
50	95.66666666666667	0.0
60	93.0	0.0
70	71.66666666666667	0.0
80	70.66666666666667	0.0
90	70.0	0.0
100	73.66666666666667	0.0
110	131.0	0.0
120	72.66666666666667	0.0
130	136.66666666666666	0.0
140	1358.6666666666667	0.0
150	1436.6666666666667	0.0
160	1083.3333333333333	0.0
170	1095.3333333333333	0.0
180	1473.6666666666667	0.0
190	1128.3333333333333	0.0
200	1181.6666666666667	0.0
210	1158.6666666666667	0.0
220	1242.0	0.0
230	1472.0	0.0
240	1697.6666666666667	0.0
250	1912.0	0.0
260	1951.3333333333333	0.0
270	1996.3333333333333	0.0
280	2206.0	0.0
290	1896.6666666666667	0.0
300	2084.0	0.0
310	2095.0	0.0
320	2129.0	0.0
330	2135.3333333333335	0.0
340	2218.8333333333335	0.0
350	2184.0	0.0
360	2426.5	0.0
370	2207.3333333333335	0.0
380	2393.0	0.0
390	2370.3333333333335	0.0
400	2554.6666666666665	0.0
410	2246.1666666666665	0.0
420	2227.6666666666665	0.0
430	2414.6666666666665	0.0
440	2179.0	0.0
450	2723.1666666666665	0.0
460	2466.0	0.0
470	2458.1666666666665	0.0
480	2146.1666666666665	0.0
490	2525.3333333333335	0.0
500	2639.6666666666665	0.0
510	2805.0	0.0
520	2573.1666666666665	0.0
530	2753.8333333333335	0.0
540	2722.6666666666665	0.0
550	2486.3333333333335	0.0
560	2776.0	0.0
570	2661.6666666666665	0.0
580	2639.5	0.0
590	2506.3333333333335	0.0
600	2621.0	0.0
610	2635.5	0.0
620	2555.1666666666665	0.0
630	2577.3333333333335	0.0
640	2457.5	0.0
650	2534.3333333333335	0.0
660	2550.0	0.0
670	2523.0	0.0
680	2404.8333333333335	0.0
690	2432.6666666666665	0.0
700	2378.3333333333335	0.0
710	2748.1666666666665	0.0
720	2420.8333333333335	0.0
730	2449.3333333333335	0.0
740	2691.1666666666665	0.0
750	2548.0	0.0
760	2589.8333333333335	0.0
770	2330.6666666666665	0.0
780	2546.6666666666665	0.0
790	2476.8333333333335	0.0
800	2610.8333333333335	0.0
810	2440.0	0.0
820	2617.1666666666665	0.0
830	2730.6666666666665	0.0
840	2536.8333333333335	0.0
850	1849.0	0.0
860	2034.8333333333333	0.0
870	1998.3333333333333	0.0
880	1793.1666666666667	0.0
890	1948.3333333333333	0.0
900	1943.6666666666667	0.0
910	2195.1666666666665	0.0
920	1747.6666666666667	0.0
930	2233.6666666666665	0.0
940	1775.1666666666667	0.0
950	1892.3333333333333	0.0
960	1840.6666666666667	0.0
970	1755.0	0.0
980	1760.6666666666667	0.0
990	1567.0	0.0
1000	1804.6666666666667	0.0
