0	269.6666666666667	0.0
10	70.0	0.0
20	70.0	0.0
30	70.0	0.0
40	70.0	0.0
50	70.0	0.0
60	70.0	0.0
70	70.0	0.0
80	70.0	0.0
90	70.0	0.0
100	70.0	0.0
110	70.0	0.0
120	70.0	0.0
130	70.0	0.0
140	70.0	0.0
150	70.0	0.0
160	70.0	0.0
170	70.0	0.0
180	70.0	0.0
190	71.0	0.0
200	70.33333333333333	0.0
210	76.33333333333333	0.0
220	72.0	0.0
230	71.66666666666667	0.0
240	70.0	0.0
250	143.33333333333334	0.0
260	216.33333333333334	0.0
270	305.3333333333333	0.0
280	361.3333333333333	0.0
290	223.0	0.0
300	200.66666666666666	0.0
310	156.33333333333334	0.0
320	147.66666666666666	0.0
330	174.33333333333334	0.0
340	170.33333333333334	0.0
350	155.0	0.0
360	163.66666666666666	0.0
370	260.0	0.0
380	236.0	0.0
390	212.0	0.0
400	219.0	0.0
410	156.33333333333334	0.0
420	187.66666666666666	0.0
430	243.66666666666666	0.0
440	285.6666666666667	0.0
450	285.3333333333333	0.0
460	252.66666666666666	0.0
470	240.66666666666666	0.0
480	279.3333333333333	0.0
490	238.0	0.0
500	259.0	0.0
510	235.66666666666666	0.0
520	268.3333333333333	0.0
530	231.66666666666666	0.0
540	210.0	0.0
550	301.6666666666667	0.0
560	345.6666666666667	0.0
570	619.0	0.0
580	790.6666666666666	0.0
590	1100.3333333333333	0.0
600	968.6666666666666	0.0
610	990.0	0.0
620	854.6666666666666	0.0
630	994.3333333333334	0.0
640	1829.3333333333333	0.0
650	1947.1666666666667	0.0
660	2341.0	0.0
670	2443.3333333333335	0.0
680	847.3333333333334	0.0
690	882.6666666666666	0.0
700	1916.6666666666667	0.0
710	702.3333333333334	0.0
720	1099.0	0.0
730	1062.0	0.0
740	1261.3333333333333	0.0
750	2493.3333333333335	0.0
760	2368.6666666666665	0.0
770	2475.6666666666665	0.0
780	1504.8333333333333	0.0
790	2207.0	0.0
800	2761.0	0.0
