0	257.6666666666667	0.0
10	70.0	0.0
20	70.0	0.0
30	70.0	0.0
40	70.0	0.0
50	70.0	0.0
60	70.0	0.0
70	70.0	0.0
80	70.0	0.0
90	70.0	0.0
100	70.0	0.0
110	70.0	0.0
120	70.0	0.0
130	70.0	0.0
140	70.0	0.0
150	70.0	0.0
160	70.0	0.0
170	70.0	0.0
180	70.0	0.0
190	71.0	0.0
200	70.0	0.0
210	74.33333333333333	0.0
220	71.0	0.0
230	97.33333333333333	0.0
240	177.0	0.0
250	313.3333333333333	0.0
260	189.33333333333334	0.0
270	196.0	0.0
280	206.0	0.0
290	179.33333333333334	0.0
300	130.0	0.0
310	154.0	0.0
320	130.0	0.0
330	195.66666666666666	0.0
340	158.0	0.0
350	350.6666666666667	0.0
360	374.6666666666667	0.0
370	408.6666666666667	0.0
380	543.3333333333334	0.0
390	625.6666666666666	0.0
400	692.0	0.0
410	925.0	0.0
420	863.6666666666666	0.0
430	1223.8333333333333	0.0
440	1426.3333333333333	0.0
450	1699.0	0.0
460	1471.0	0.0
470	1760.5	0.0
480	2079.6666666666665	0.0
490	1777.0	0.0
500	1916.3333333333333	0.0
510	2138.5	0.0
520	2120.0	0.0
530	2015.3333333333333	0.0
540	2131.1666666666665	0.0
550	2217.3333333333335	0.0
560	2271.0	0.0
570	2020.6666666666667	0.0
580	2221.0	0.0
590	2158.6666666666665	0.0
600	2206.0	0.0
610	2073.0	0.0
620	2368.3333333333335	0.0
630	2476.5	0.0
640	2229.3333333333335	0.0
650	2157.6666666666665	0.0
660	2549.6666666666665	0.0
670	2166.5	0.0
680	2518.0	0.0
690	2520.5	0.0
700	2527.6666666666665	0.0
710	2465.8333333333335	0.0
720	2450.5	0.0
730	2677.3333333333335	0.0
740	2452.1666666666665	0.0
750	2692.5	0.0
760	2710.0	0.0
770	2459.6666666666665	0.0
780	2425.5	0.0
790	2557.3333333333335	0.0
800	2562.3333333333335	0.0
