0	244.0	0.0
10	70.0	0.0
20	70.0	0.0
30	70.0	0.0
40	70.0	0.0
50	70.0	0.0
60	70.0	0.0
70	70.0	0.0
80	70.0	0.0
90	70.0	0.0
100	70.0	0.0
110	70.0	0.0
120	70.0	0.0
130	70.0	0.0
140	70.0	0.0
150	70.0	0.0
160	70.0	0.0
170	70.0	0.0
180	70.0	0.0
190	70.0	0.0
200	71.66666666666667	0.0
210	70.33333333333333	0.0
220	70.66666666666667	0.0
230	71.33333333333333	0.0
240	70.66666666666667	0.0
250	77.33333333333333	0.0
260	85.33333333333333	0.0
270	115.33333333333333	0.0
280	132.66666666666666	0.0
290	238.0	0.0
300	188.0	0.0
310	180.66666666666666	0.0
320	138.0	0.0
330	139.66666666666666	0.0
340	130.0	0.0
350	227.33333333333334	0.0
360	154.0	0.0
370	215.66666666666666	0.0
380	146.0	0.0
390	139.0	0.0
400	139.33333333333334	0.0
410	148.0	0.0
420	277.3333333333333	0.0
430	211.66666666666666	0.0
440	262.6666666666667	0.0
450	332.0	0.0
460	247.0	0.0
470	345.6666666666667	0.0
480	312.0	0.0
490	360.6666666666667	0.0
500	727.1666666666666	0.0
510	689.6666666666666	0.0
520	1031.6666666666667	0.0
530	825.3333333333334	0.0
540	1058.0	0.0
550	1520.3333333333333	0.0
560	1601.8333333333333	0.0
570	1978.5	0.0
580	1945.1666666666667	0.0
590	1981.0	0.0
600	2007.1666666666667	0.0
610	2027.3333333333333	0.0
620	1886.0	0.0
630	1573.3333333333333	0.0
640	2237.8333333333335	0.0
650	2294.3333333333335	0.0
660	1791.6666666666667	0.0
670	2320.5	0.0
680	1856.1666666666667	0.0
690	1961.1666666666667	0.0
700	2341.0	0.0
710	2427.1666666666665	0.0
720	2545.1666666666665	0.0
730	2419.6666666666665	0.0
740	2414.0	0.0
750	2607.3333333333335	0.0
760	2559.6666666666665	0.0
770	2704.0	0.0
780	2380.1666666666665	0.0
790	2569.5	0.0
800	2747.8333333333335	0.0
