0	258.3333333333333	0.0
10	70.0	0.0
20	70.0	0.0
30	70.0	0.0
40	70.0	0.0
50	70.0	0.0
60	70.0	0.0
70	70.0	0.0
80	70.66666666666667	0.0
90	73.66666666666667	0.0
100	79.33333333333333	0.0
110	145.0	0.0
120	144.0	0.0
130	383.0	0.0
140	348.3333333333333	0.0
150	199.66666666666666	0.0
160	199.66666666666666	0.0
170	188.0	0.0
180	421.3333333333333	0.0
190	450.0	0.0
200	286.0	0.0
210	261.6666666666667	0.0
220	286.3333333333333	0.0
230	347.3333333333333	0.0
240	302.6666666666667	0.0
250	225.33333333333334	0.0
260	300.3333333333333	0.0
270	301.0	0.0
280	463.0	0.0
290	840.3333333333334	0.0
300	431.3333333333333	0.0
310	637.6666666666666	0.0
320	601.3333333333334	0.0
330	986.6666666666666	0.0
340	1081.1666666666667	0.0
350	1302.3333333333333	0.0
360	1356.6666666666667	0.0
370	1621.1666666666667	0.0
380	1544.6666666666667	0.0
390	1030.3333333333333	0.0
400	1115.0	0.0
410	2076.0	0.0
420	1369.6666666666667	0.0
430	894.3333333333334	0.0
440	1106.6666666666667	0.0
450	1230.5	0.0
460	1801.0	0.0
470	1440.0	0.0
480	1655.6666666666667	0.0
490	2185.8333333333335	0.0
500	1569.8333333333333	0.0
510	2119.8333333333335	0.0
520	1804.0	0.0
530	2070.3333333333335	0.0
540	1661.5	0.0
550	1494.0	0.0
560	2219.8333333333335	0.0
570	1899.1666666666667	0.0
580	1876.8333333333333	0.0
590	1694.6666666666667	0.0
600	2023.8333333333333	0.0
