0	262.6666666666667	0.0
10	70.0	0.0
20	70.0	0.0
30	70.0	0.0
40	70.0	0.0
50	70.0	0.0
60	70.0	0.0
70	70.0	0.0
80	71.33333333333333	0.0
90	76.33333333333333	0.0
100	99.66666666666667	0.0
110	216.0	0.0
120	166.33333333333334	0.0
130	243.66666666666666	0.0
140	109.66666666666667	0.0
150	206.66666666666666	0.0
160	345.0	0.0
170	280.6666666666667	0.0
180	285.0	0.0
190	326.6666666666667	0.0
200	385.0	0.0
210	339.3333333333333	0.0
220	134.0	0.0
230	417.6666666666667	0.0
240	421.3333333333333	0.0
250	414.0	0.0
260	967.6666666666666	0.0
270	835.6666666666666	0.0
280	1086.1666666666667	0.0
290	1707.0	0.0
300	1614.6666666666667	0.0
310	2040.5	0.0
320	2094.0	0.0
330	2214.0	0.0
340	2436.1666666666665	0.0
350	2542.0	0.0
360	2437.3333333333335	0.0
370	2525.3333333333335	0.0
380	2235.0	0.0
390	2485.6666666666665	0.0
400	2455.3333333333335	0.0
410	2499.1666666666665	0.0
420	2611.8333333333335	0.0
430	2390.5	0.0
440	2482.3333333333335	0.0
450	2500.3333333333335	0.0
460	2333.0	0.0
470	2472.0	0.0
480	2518.3333333333335	0.0
490	2124.3333333333335	0.0
500	1720.6666666666667	0.0
510	1792.8333333333333	0.0
520	2287.1666666666665	0.0
530	2292.5	0.0
540	1890.1666666666667	0.0
550	2002.6666666666667	0.0
560	2370.3333333333335	0.0
570	1912.8333333333333	0.0
580	2099.0	0.0
590	2246.5	0.0
600	1829.1666666666667	0.0
