0	273.3333333333333	0.0
10	70.0	0.0
20	70.0	0.0
30	70.0	0.0
40	70.0	0.0
50	70.0	0.0
60	70.0	0.0
70	70.0	0.0
80	70.66666666666667	0.0
90	71.0	0.0
100	81.66666666666667	0.0
110	76.66666666666667	0.0
120	93.66666666666667	0.0
130	131.0	0.0
140	295.0	0.0
150	298.0	0.0
160	70.66666666666667	0.0
170	252.0	0.0
180	84.66666666666667	0.0
190	457.3333333333333	0.0
200	339.6666666666667	0.0
210	410.6666666666667	0.0
220	371.0	0.0
230	319.0	0.0
240	247.66666666666666	0.0
250	268.3333333333333	0.0
260	384.3333333333333	0.0
270	222.0	0.0
280	376.0	0.0
290	415.6666666666667	0.0
300	769.0	0.0
310	473.6666666666667	0.0
320	923.5	0.0
330	555.0	0.0
340	934.6666666666666	0.0
350	746.5	0.0
360	1161.0	0.0
370	1005.3333333333334	0.0
380	1395.0	0.0
390	1016.3333333333334	0.0
400	1510.3333333333333	0.0
410	1187.0	0.0
420	2042.6666666666667	0.0
430	2139.3333333333335	0.0
440	1999.6666666666667	0.0
450	1708.0	0.0
460	2005.3333333333333	0.0
470	1961.0	0.0
480	1854.0	0.0
490	1729.0	0.0
500	2293.8333333333335	0.0
510	2452.0	0.0
520	1816.3333333333333	0.0
530	1299.6666666666667	0.0
540	1446.6666666666667	0.0
550	1462.3333333333333	0.0
560	2093.1666666666665	0.0
570	1715.0	0.0
580	1826.3333333333333	0.0
590	1514.1666666666667	0.0
600	1574.6666666666667	0.0
