0	280.6666666666667	0.0
10	70.0	1000.0
20	70.0	0.0
30	70.0	0.0
40	70.0	0.0
50	70.0	0.0
60	71.0	0.0
70	77.33333333333333	0.0
80	152.0	0.0
90	145.33333333333334	0.0
100	325.6666666666667	0.0
110	270.6666666666667	0.0
120	480.6666666666667	0.0
130	161.66666666666666	0.0
140	224.0	0.0
150	178.0	0.0
160	330.0	0.0
170	154.66666666666666	0.0
180	276.0	0.0
190	223.33333333333334	0.0
200	264.3333333333333	0.0
210	339.0	0.0
220	264.0	0.0
230	352.6666666666667	0.0
240	494.0	0.0
250	477.3333333333333	0.0
260	545.6666666666666	0.0
270	433.0	0.0
280	446.6666666666667	0.0
290	570.0	0.0
300	787.0	0.0
310	912.0	0.0
320	851.3333333333334	0.0
330	934.6666666666666	0.0
340	2020.0	0.0
350	1918.6666666666667	0.0
360	2289.3333333333335	0.0
370	2180.0	0.0
380	2074.3333333333335	0.0
390	2016.0	0.0
400	1386.5	0.0
410	1936.1666666666667	0.0
420	1844.8333333333333	0.0
430	1862.5	0.0
440	2248.6666666666665	0.0
450	2124.6666666666665	0.0
460	2043.0	0.0
470	2068.5	0.0
480	2214.5	0.0
490	2259.0	0.0
500	2163.3333333333335	0.0
510	2393.8333333333335	0.0
520	2234.6666666666665	0.0
530	2546.8333333333335	0.0
540	2434.6666666666665	0.0
550	2141.0	0.0
560	2467.6666666666665	0.0
570	2486.0	0.0
580	2232.3333333333335	0.0
590	2245.6666666666665	0.0
600	2480.3333333333335	0.0
