0	269.0	0.0
10	70.0	1000.0
20	70.0	0.0
30	70.0	0.0
40	72.33333333333333	0.0
50	104.0	0.0
60	581.6666666666666	0.0
70	314.3333333333333	0.0
80	1265.6666666666667	0.0
90	345.0	0.0
100	1450.3333333333333	0.0
110	1429.0	0.0
120	1430.3333333333333	0.0
130	1645.6666666666667	0.0
140	2268.6666666666665	0.0
150	1739.0	0.0
160	2536.5	0.0
170	2250.3333333333335	0.0
180	2249.1666666666665	0.0
190	2259.5	0.0
200	2136.6666666666665	0.0
210	2404.3333333333335	0.0
220	2325.3333333333335	0.0
230	2473.5	0.0
240	2438.0	0.0
250	2581.5	0.0
260	2497.1666666666665	0.0
270	2473.1666666666665	0.0
280	2349.6666666666665	0.0
290	2266.6666666666665	0.0
300	2467.0	0.0
310	1781.6666666666667	0.0
320	2082.0	0.0
330	2689.3333333333335	0.0
340	2546.3333333333335	0.0
350	2469.6666666666665	0.0
360	2382.3333333333335	0.0
370	2309.0	0.0
380	2012.0	0.0
390	2540.3333333333335	0.0
400	2374.8333333333335	0.0
410	1848.5	0.0
420	2494.1666666666665	0.0
430	1840.8333333333333	0.0
440	2500.1666666666665	0.0
450	2178.0	0.0
460	2510.3333333333335	0.0
470	2352.3333333333335	0.0
480	2518.5	0.0
490	2512.0	0.0
500	2094.6666666666665	0.0
510	1690.3333333333333	0.0
520	1820.0	0.0
530	1640.0	0.0
540	2532.1666666666665	0.0
550	2348.8333333333335	0.0
560	2312.3333333333335	0.0
570	2460.3333333333335	0.0
580	2396.8333333333335	0.0
590	2254.3333333333335	0.0
600	2415.5	0.0
