0	236.66666666666666	0.0
10	70.0	1000.0
20	70.0	0.0
30	70.0	0.0
40	70.0	0.0
50	84.33333333333333	0.0
60	476.6666666666667	0.0
70	308.0	0.0
80	854.3333333333334	0.0
90	969.6666666666666	0.0
100	1795.3333333333333	0.0
110	2010.3333333333333	0.0
120	2153.6666666666665	0.0
130	2409.5	0.0
140	2110.3333333333335	0.0
150	2476.6666666666665	0.0
160	2138.6666666666665	0.0
170	2443.3333333333335	0.0
180	2207.6666666666665	0.0
190	2336.3333333333335	0.0
200	2526.6666666666665	0.0
210	2238.0	0.0
220	2128.3333333333335	0.0
230	2412.0	0.0
240	2366.3333333333335	0.0
250	2125.1666666666665	0.0
260	2344.8333333333335	0.0
270	2380.3333333333335	0.0
280	1466.0	0.0
290	1663.0	0.0
300	1599.1666666666667	0.0
310	1902.0	0.0
320	1825.6666666666667	0.0
330	1882.6666666666667	0.0
340	1934.5	0.0
350	1647.3333333333333	0.0
360	1593.3333333333333	0.0
370	1263.6666666666667	0.0
380	1360.3333333333333	0.0
390	1632.0	0.0
400	1520.5	0.0
410	1830.3333333333333	0.0
420	1916.3333333333333	0.0
430	2176.5	0.0
440	1976.8333333333333	0.0
450	2276.0	0.0
460	2016.1666666666667	0.0
470	2095.0	0.0
480	2179.0	0.0
490	1987.6666666666667	0.0
500	1890.8333333333333	0.0
510	1899.3333333333333	0.0
520	1322.0	0.0
530	2278.3333333333335	0.0
540	2035.3333333333333	0.0
550	2233.3333333333335	0.0
560	2395.0	0.0
570	2669.6666666666665	0.0
580	1747.3333333333333	0.0
590	2355.8333333333335	0.0
600	2178.3333333333335	0.0
