0	246.66666666666666	0.0
10	82.33333333333333	326.0
20	70.0	0.0
30	70.0	0.0
40	70.0	0.0
50	70.0	0.0
60	462.0	0.0
70	587.6666666666666	0.0
80	205.33333333333334	0.0
90	75.66666666666667	0.0
100	74.66666666666667	0.0
110	669.0	0.0
120	2033.5	0.0
130	1060.6666666666667	0.0
140	1108.6666666666667	0.0
150	1967.8333333333333	0.0
160	1707.6666666666667	0.0
170	2155.5	0.0
180	2067.3333333333335	0.0
190	2077.3333333333335	0.0
200	2237.8333333333335	0.0
210	2252.6666666666665	0.0
220	2232.3333333333335	0.0
230	2219.0	0.0
240	2045.6666666666667	0.0
250	2515.3333333333335	0.0
260	2155.0	0.0
270	2525.6666666666665	0.0
280	2507.6666666666665	0.0
290	2467.6666666666665	0.0
300	2326.8333333333335	0.0
310	2326.3333333333335	0.0
320	2603.6666666666665	0.0
330	2528.0	0.0
340	2566.8333333333335	0.0
350	2377.0	0.0
360	2373.6666666666665	0.0
370	2450.3333333333335	0.0
380	2295.8333333333335	0.0
390	2610.6666666666665	0.0
400	2588.3333333333335	0.0
410	2014.8333333333333	0.0
420	2440.5	0.0
430	2556.1666666666665	0.0
440	2306.0	0.0
450	2738.1666666666665	0.0
460	2219.6666666666665	0.0
470	2267.1666666666665	0.0
480	2016.0	0.0
490	2401.5	0.0
500	1831.6666666666667	0.0
510	1903.8333333333333	0.0
520	2025.3333333333333	0.0
530	1978.0	0.0
540	2070.0	0.0
550	1948.5	0.0
560	2114.3333333333335	0.0
570	2082.0	0.0
580	1862.3333333333333	0.0
590	2149.3333333333335	0.0
600	2031.6666666666667	0.0
610	1239.8333333333333	0.0
620	1844.8333333333333	0.0
630	2469.6666666666665	0.0
640	2146.8333333333335	0.0
650	1810.3333333333333	0.0
660	1772.6666666666667	0.0
670	2270.8333333333335	0.0
680	2329.0	0.0
690	2243.1666666666665	0.0
700	2373.6666666666665	0.0
710	1962.5	0.0
720	1767.6666666666667	0.0
730	1644.3333333333333	0.0
740	2498.3333333333335	0.0
750	2425.6666666666665	0.0
760	2435.3333333333335	0.0
770	2329.8333333333335	0.0
780	2424.3333333333335	0.0
790	2420.0	0.0
800	2289.0	0.0
810	2492.0	0.0
820	2462.8333333333335	0.0
830	2393.3333333333335	0.0
840	2055.1666666666665	0.0
850	2134.0	0.0
860	2300.6666666666665	0.0
870	2479.6666666666665	0.0
880	2318.8333333333335	0.0
890	2445.0	0.0
900	2589.5	0.0
910	2310.3333333333335	0.0
920	2418.0	0.0
930	2587.1666666666665	0.0
940	2303.3333333333335	0.0
950	2268.3333333333335	0.0
960	2379.6666666666665	0.0
970	2424.0	0.0
980	2537.1666666666665	0.0
990	2355.3333333333335	0.0
1000	2488.0	0.0
