0	268.6666666666667	0.0
10	70.0	303.0
20	70.0	0.0
30	70.0	0.0
40	70.66666666666667	0.0
50	228.0	0.0
60	603.3333333333334	0.0
70	1359.3333333333333	0.0
80	499.6666666666667	0.0
90	423.0	0.0
100	1769.3333333333333	0.0
110	2136.3333333333335	0.0
120	2017.6666666666667	0.0
130	2263.6666666666665	0.0
140	2182.1666666666665	0.0
150	2263.0	0.0
160	2260.3333333333335	0.0
170	2084.6666666666665	0.0
180	2063.0	0.0
190	2214.3333333333335	0.0
200	2354.8333333333335	0.0
210	2251.3333333333335	0.0
220	2252.0	0.0
230	2541.1666666666665	0.0
240	1755.5	0.0
250	2361.0	0.0
260	1925.8333333333333	0.0
270	1872.6666666666667	0.0
280	2481.3333333333335	0.0
290	1811.6666666666667	0.0
300	2166.1666666666665	0.0
310	2222.3333333333335	0.0
320	2398.3333333333335	0.0
330	2459.3333333333335	0.0
340	2300.5	0.0
350	2313.1666666666665	0.0
360	2599.8333333333335	0.0
370	2481.0	0.0
380	2311.0	0.0
390	1657.3333333333333	0.0
400	2212.3333333333335	0.0
410	1824.5	0.0
420	2037.6666666666667	0.0
430	2324.0	0.0
440	1655.8333333333333	0.0
450	2441.0	0.0
460	2227.6666666666665	0.0
470	2238.6666666666665	0.0
480	2103.3333333333335	0.0
490	2420.1666666666665	0.0
500	1723.6666666666667	0.0
510	1874.5	0.0
520	2142.6666666666665	0.0
530	1826.5	0.0
540	2165.5	0.0
550	2274.0	0.0
560	2500.5	0.0
570	2214.5	0.0
580	1922.8333333333333	0.0
590	1888.8333333333333	0.0
600	2505.8333333333335	0.0
610	2524.0	0.0
620	1619.3333333333333	0.0
630	2157.5	0.0
640	1919.5	0.0
650	2036.0	0.0
660	1818.5	0.0
670	2529.6666666666665	0.0
680	2727.3333333333335	0.0
690	2506.3333333333335	0.0
700	2397.6666666666665	0.0
710	2440.0	0.0
720	2559.3333333333335	0.0
730	1954.3333333333333	0.0
740	2006.0	0.0
750	1893.6666666666667	0.0
760	1960.0	0.0
770	2101.0	0.0
780	2304.3333333333335	0.0
790	1878.8333333333333	0.0
800	1778.8333333333333	0.0
810	1724.3333333333333	0.0
820	1722.0	0.0
830	2100.6666666666665	0.0
840	2144.3333333333335	0.0
850	2035.0	0.0
860	2075.6666666666665	0.0
870	2274.3333333333335	0.0
880	2006.3333333333333	0.0
890	2036.3333333333333	0.0
900	2358.0	0.0
910	2361.8333333333335	0.0
920	2426.3333333333335	0.0
930	2424.0	0.0
940	2555.1666666666665	0.0
950	2599.5	0.0
960	2269.6666666666665	0.0
970	1848.3333333333333	0.0
980	2519.0	0.0
990	2398.3333333333335	0.0
1000	2365.6666666666665	0.0
