0	220.33333333333334	0.0
10	70.0	351.0
20	70.0	0.0
30	70.0	0.0
40	70.0	0.0
50	70.0	0.0
60	70.0	0.0
70	72.0	0.0
80	71.0	0.0
90	176.66666666666666	0.0
100	334.0	0.0
110	460.6666666666667	0.0
120	327.3333333333333	0.0
130	267.3333333333333	0.0
140	173.66666666666666	0.0
150	424.0	0.0
160	237.0	0.0
170	778.6666666666666	0.0
180	1116.6666666666667	0.0
190	967.3333333333334	0.0
200	848.0	0.0
210	2125.1666666666665	0.0
220	2188.0	0.0
230	2113.3333333333335	0.0
240	2011.0	0.0
250	2192.0	0.0
260	2404.1666666666665	0.0
270	2211.3333333333335	0.0
280	2272.8333333333335	0.0
290	2028.1666666666667	0.0
300	2348.3333333333335	0.0
310	2352.0	0.0
320	2488.1666666666665	0.0
330	2436.6666666666665	0.0
340	2615.6666666666665	0.0
350	2448.8333333333335	0.0
360	2411.3333333333335	0.0
370	2498.0	0.0
380	2292.0	0.0
390	2380.6666666666665	0.0
400	2505.6666666666665	0.0
410	2199.0	0.0
420	1699.0	0.0
430	2115.0	0.0
440	2330.3333333333335	0.0
450	2463.6666666666665	0.0
460	2470.3333333333335	0.0
470	2266.0	0.0
480	2417.0	0.0
490	2384.1666666666665	0.0
500	1728.0	0.0
510	2116.1666666666665	0.0
520	1658.0	0.0
530	1869.0	0.0
540	2429.6666666666665	0.0
550	2368.0	0.0
560	1953.6666666666667	0.0
570	1910.6666666666667	0.0
580	1957.5	0.0
590	2271.6666666666665	0.0
600	2254.6666666666665	0.0
610	2100.1666666666665	0.0
620	1887.3333333333333	0.0
630	1383.3333333333333	0.0
640	2461.6666666666665	0.0
650	2468.5	0.0
660	2305.6666666666665	0.0
670	2307.0	0.0
680	2486.5	0.0
690	2457.8333333333335	0.0
700	2395.3333333333335	0.0
710	2358.5	0.0
720	1750.8333333333333	0.0
730	2144.0	0.0
740	2260.3333333333335	0.0
750	2464.8333333333335	0.0
760	2396.0	0.0
770	2453.1666666666665	0.0
780	2636.6666666666665	0.0
790	2390.6666666666665	0.0
800	1842.3333333333333	0.0
810	1943.8333333333333	0.0
820	1820.1666666666667	0.0
830	1991.0	0.0
840	1783.8333333333333	0.0
850	1803.0	0.0
860	1878.3333333333333	0.0
870	2205.1666666666665	0.0
880	1993.5	0.0
890	1969.6666666666667	0.0
900	1864.0	0.0
910	2195.0	0.0
920	2113.0	0.0
930	1765.8333333333333	0.0
940	1883.3333333333333	0.0
950	2260.6666666666665	0.0
960	2176.6666666666665	0.0
970	2301.3333333333335	0.0
980	2393.6666666666665	0.0
990	2364.0	0.0
1000	1780.0	0.0
