0	270.3333333333333	0.0
10	70.0	359.0
20	70.0	0.0
30	70.0	0.0
40	70.0	0.0
50	70.0	0.0
60	70.0	0.0
70	70.0	0.0
80	74.0	0.0
90	91.33333333333333	0.0
100	128.33333333333334	0.0
110	394.6666666666667	0.0
120	376.3333333333333	0.0
130	115.0	0.0
140	148.33333333333334	0.0
150	134.33333333333334	0.0
160	368.3333333333333	0.0
170	125.33333333333333	0.0
180	125.33333333333333	0.0
190	128.0	0.0
200	351.6666666666667	0.0
210	284.6666666666667	0.0
220	248.33333333333334	0.0
230	312.6666666666667	0.0
240	346.3333333333333	0.0
250	451.0	0.0
260	371.3333333333333	0.0
270	366.6666666666667	0.0
280	441.0	0.0
290	388.0	0.0
300	404.6666666666667	0.0
310	472.6666666666667	0.0
320	487.0	0.0
330	674.5	0.0
340	561.6666666666666	0.0
350	799.3333333333334	0.0
360	723.0	0.0
370	1412.8333333333333	0.0
380	1455.0	0.0
390	1805.3333333333333	0.0
400	1606.5	0.0
410	2588.3333333333335	0.0
420	2144.0	0.0
430	2176.0	0.0
440	2429.6666666666665	0.0
450	2642.3333333333335	0.0
460	2514.5	0.0
470	2380.3333333333335	0.0
480	2319.6666666666665	0.0
490	1749.0	0.0
500	1676.6666666666667	0.0
510	2011.1666666666667	0.0
520	1859.6666666666667	0.0
530	1520.6666666666667	0.0
540	1384.3333333333333	0.0
550	1631.0	0.0
560	1672.0	0.0
570	1831.1666666666667	0.0
580	1921.0	0.0
590	2125.6666666666665	0.0
600	1735.1666666666667	0.0
610	1702.5	0.0
620	1936.3333333333333	0.0
630	2191.5	0.0
640	2159.0	0.0
650	2517.6666666666665	0.0
660	2291.3333333333335	0.0
670	2633.5	0.0
680	2284.1666666666665	0.0
690	2314.6666666666665	0.0
700	2356.6666666666665	0.0
710	2493.8333333333335	0.0
720	2255.5	0.0
730	2527.1666666666665	0.0
740	2253.3333333333335	0.0
750	2451.1666666666665	0.0
760	2234.3333333333335	0.0
770	2512.0	0.0
780	2591.6666666666665	0.0
790	2558.5	0.0
800	2479.1666666666665	0.0
810	2545.6666666666665	0.0
820	1698.6666666666667	0.0
830	2029.6666666666667	0.0
840	2244.1666666666665	0.0
850	1906.3333333333333	0.0
860	2476.5	0.0
870	1857.3333333333333	0.0
880	2277.8333333333335	0.0
890	2136.3333333333335	0.0
900	2391.5	0.0
910	2406.8333333333335	0.0
920	2088.1666666666665	0.0
930	2000.6666666666667	0.0
940	1836.6666666666667	0.0
950	2503.0	0.0
960	2244.8333333333335	0.0
970	2334.0	0.0
980	2315.0	0.0
990	2312.8333333333335	0.0
1000	2420.0	0.0
