0	237.33333333333334	0.0
10	72.0	596.0
20	124.66666666666667	404.0
30	80.0	0.0
40	79.66666666666667	0.0
50	79.33333333333333	0.0
60	71.33333333333333	0.0
70	70.0	0.0
80	70.0	0.0
90	70.0	0.0
100	70.66666666666667	0.0
110	224.66666666666666	0.0
120	228.33333333333334	0.0
130	265.3333333333333	0.0
140	491.3333333333333	0.0
150	239.33333333333334	0.0
160	334.0	0.0
170	1249.0	0.0
180	1029.0	0.0
190	1650.0	0.0
200	1329.6666666666667	0.0
210	1088.6666666666667	0.0
220	1560.0	0.0
230	1384.6666666666667	0.0
240	2019.6666666666667	0.0
250	1965.3333333333333	0.0
260	1890.1666666666667	0.0
270	2150.0	0.0
280	1886.3333333333333	0.0
290	2442.0	0.0
300	2183.8333333333335	0.0
310	2024.3333333333333	0.0
320	2350.0	0.0
330	2126.5	0.0
340	2052.1666666666665	0.0
350	2362.3333333333335	0.0
360	2227.0	0.0
370	2110.8333333333335	0.0
380	2284.6666666666665	0.0
390	2067.0	0.0
400	2465.5	0.0
410	2292.6666666666665	0.0
420	2507.6666666666665	0.0
430	2601.5	0.0
440	2462.8333333333335	0.0
450	2260.3333333333335	0.0
460	2744.6666666666665	0.0
470	2427.5	0.0
480	2408.1666666666665	0.0
490	2422.6666666666665	0.0
500	2459.3333333333335	0.0
510	2446.3333333333335	0.0
520	2241.0	0.0
530	2703.0	0.0
540	2630.8333333333335	0.0
550	2657.3333333333335	0.0
560	2427.0	0.0
570	2322.1666666666665	0.0
580	2670.8333333333335	0.0
590	2593.5	0.0
600	2788.8333333333335	0.0
610	2359.6666666666665	0.0
620	2698.6666666666665	0.0
630	2715.5	0.0
640	2615.3333333333335	0.0
650	2491.3333333333335	0.0
660	2376.6666666666665	0.0
670	2500.0	0.0
680	2617.1666666666665	0.0
690	2702.0	0.0
700	2862.1666666666665	0.0
710	2580.0	0.0
720	2794.0	0.0
730	2776.8333333333335	0.0
740	2816.8333333333335	0.0
750	2734.6666666666665	0.0
760	2810.0	0.0
770	2793.1666666666665	0.0
780	2733.0	0.0
790	2619.3333333333335	0.0
800	2517.3333333333335	0.0
810	2542.5	0.0
820	2884.5	0.0
830	2454.0	0.0
840	2386.6666666666665	0.0
850	2329.0	0.0
860	2544.1666666666665	0.0
870	2607.6666666666665	0.0
880	2902.5	0.0
890	2619.6666666666665	0.0
900	2395.6666666666665	0.0
910	2711.3333333333335	0.0
920	2646.3333333333335	0.0
930	2471.5	0.0
940	2842.5	0.0
950	2444.1666666666665	0.0
960	2729.0	0.0
970	2045.3333333333333	0.0
980	2529.0	0.0
990	2976.5	0.0
1000	2571.0	0.0
