0	245.0	0.0
10	70.0	0.0
20	70.0	0.0
30	70.0	0.0
40	70.0	0.0
50	70.0	0.0
60	70.0	0.0
70	70.0	0.0
80	70.0	0.0
90	70.0	0.0
100	70.0	0.0
110	70.0	0.0
120	70.0	0.0
130	70.0	0.0
140	70.0	0.0
150	70.0	0.0
160	70.0	0.0
170	70.66666666666667	0.0
180	70.0	0.0
190	70.33333333333333	0.0
200	70.66666666666667	0.0
210	71.0	0.0
220	77.0	0.0
230	70.66666666666667	0.0
240	72.33333333333333	0.0
250	132.66666666666666	0.0
260	103.0	0.0
270	162.0	0.0
280	303.3333333333333	0.0
290	189.33333333333334	0.0
300	188.66666666666666	0.0
310	172.0	0.0
320	146.66666666666666	0.0
330	154.33333333333334	0.0
340	170.33333333333334	0.0
350	234.66666666666666	0.0
360	209.0	0.0
370	146.33333333333334	0.0
380	163.0	0.0
390	246.0	0.0
400	248.33333333333334	0.0
410	162.33333333333334	0.0
420	148.33333333333334	0.0
430	322.0	0.0
440	479.0	0.0
450	463.3333333333333	0.0
460	788.6666666666666	0.0
470	631.6666666666666	0.0
480	827.0	0.0
490	921.3333333333334	0.0
500	777.0	0.0
510	1046.3333333333333	0.0
520	1444.6666666666667	0.0
530	1530.6666666666667	0.0
540	1507.0	0.0
550	1847.1666666666667	0.0
560	1853.0	0.0
570	2269.3333333333335	0.0
580	2134.5	0.0
590	2164.6666666666665	0.0
600	2520.8333333333335	0.0
