0	249.33333333333334	0.0
10	70.0	0.0
20	70.0	0.0
30	70.0	0.0
40	70.0	0.0
50	70.0	0.0
60	70.0	0.0
70	70.0	0.0
80	70.0	0.0
90	70.0	0.0
100	70.0	0.0
110	70.0	0.0
120	70.0	0.0
130	70.0	0.0
140	70.0	0.0
150	70.0	0.0
160	70.0	0.0
170	70.0	0.0
180	70.0	0.0
190	70.33333333333333	0.0
200	70.33333333333333	0.0
210	70.33333333333333	0.0
220	71.66666666666667	0.0
230	71.66666666666667	0.0
240	72.66666666666667	0.0
250	72.66666666666667	0.0
260	95.0	0.0
270	162.66666666666666	0.0
280	296.6666666666667	0.0
290	179.33333333333334	0.0
300	165.33333333333334	0.0
310	287.0	0.0
320	140.0	0.0
330	154.33333333333334	0.0
340	130.0	0.0
350	146.0	0.0
360	155.0	0.0
370	138.0	0.0
380	139.33333333333334	0.0
390	266.0	0.0
400	300.3333333333333	0.0
410	283.3333333333333	0.0
420	276.3333333333333	0.0
430	236.0	0.0
440	208.33333333333334	0.0
450	188.0	0.0
460	392.3333333333333	0.0
470	367.3333333333333	0.0
480	418.6666666666667	0.0
490	589.0	0.0
500	850.6666666666666	0.0
510	1129.0	0.0
520	827.3333333333334	0.0
530	872.0	0.0
540	1052.0	0.0
550	994.0	0.0
560	1588.1666666666667	0.0
570	1818.8333333333333	0.0
580	1966.1666666666667	0.0
590	2192.3333333333335	0.0
600	2111.0	0.0
