0	254.66666666666666	0.0
10	79.66666666666667	616.0
20	70.33333333333333	384.0
30	70.0	0.0
40	70.0	0.0
50	70.0	0.0
60	70.0	0.0
70	70.0	0.0
80	70.0	0.0
90	70.0	0.0
100	70.0	0.0
110	72.0	0.0
120	127.33333333333333	0.0
130	2040.8333333333333	0.0
140	1030.0	0.0
150	1203.3333333333333	0.0
160	1222.0	0.0
170	949.3333333333334	0.0
180	1758.6666666666667	0.0
190	1137.0	0.0
200	1606.6666666666667	0.0
210	1235.6666666666667	0.0
220	1243.6666666666667	0.0
230	1044.3333333333333	0.0
240	1943.0	0.0
250	1446.0	0.0
260	1756.0	0.0
270	2089.6666666666665	0.0
280	2187.6666666666665	0.0
290	2390.0	0.0
300	2085.0	0.0
310	2120.3333333333335	0.0
320	2059.6666666666665	0.0
330	1844.3333333333333	0.0
340	2058.6666666666665	0.0
350	2246.6666666666665	0.0
360	2113.3333333333335	0.0
370	2291.5	0.0
380	2374.8333333333335	0.0
390	2453.5	0.0
400	2246.3333333333335	0.0
410	2376.3333333333335	0.0
420	2636.3333333333335	0.0
430	2524.3333333333335	0.0
440	2577.6666666666665	0.0
450	2564.1666666666665	0.0
460	2609.5	0.0
470	2526.1666666666665	0.0
480	2787.0	0.0
490	2612.5	0.0
500	2617.1666666666665	0.0
510	2706.3333333333335	0.0
520	2427.1666666666665	0.0
530	2715.8333333333335	0.0
540	2613.8333333333335	0.0
550	2701.6666666666665	0.0
560	2550.5	0.0
570	2633.8333333333335	0.0
580	2498.3333333333335	0.0
590	2599.0	0.0
600	2729.5	0.0
610	2786.3333333333335	0.0
620	2596.3333333333335	0.0
630	2800.0	0.0
640	2769.5	0.0
650	2740.3333333333335	0.0
660	2571.6666666666665	0.0
670	2517.3333333333335	0.0
680	2701.1666666666665	0.0
690	2649.0	0.0
700	2409.3333333333335	0.0
710	2483.0	0.0
720	2781.6666666666665	0.0
730	2726.8333333333335	0.0
740	2661.3333333333335	0.0
750	2740.6666666666665	0.0
760	2449.0	0.0
770	2686.0	0.0
780	2540.5	0.0
790	2490.6666666666665	0.0
800	2638.6666666666665	0.0
810	2443.6666666666665	0.0
820	2450.6666666666665	0.0
830	1986.0	0.0
840	2550.3333333333335	0.0
850	2064.1666666666665	0.0
860	2096.3333333333335	0.0
870	1599.0	0.0
880	1961.1666666666667	0.0
890	2247.3333333333335	0.0
900	1958.5	0.0
910	1171.6666666666667	0.0
920	1319.6666666666667	0.0
930	2141.5	0.0
940	1458.1666666666667	0.0
950	2113.5	0.0
960	1929.3333333333333	0.0
970	1939.3333333333333	0.0
980	1824.5	0.0
990	2107.3333333333335	0.0
1000	1848.5	0.0
