0	257.6666666666667	0.0
10	90.0	279.0
20	97.33333333333333	349.0
30	97.33333333333333	327.0
40	90.0	45.0
50	93.0	0.0
60	70.33333333333333	0.0
70	71.0	0.0
80	71.66666666666667	0.0
90	105.33333333333333	0.0
100	110.33333333333333	0.0
110	1054.0	0.0
120	1289.3333333333333	0.0
130	830.6666666666666	0.0
140	1082.6666666666667	0.0
150	1135.3333333333333	0.0
160	1069.3333333333333	0.0
170	1574.0	0.0
180	1354.0	0.0
190	948.0	0.0
200	1102.3333333333333	0.0
210	1202.6666666666667	0.0
220	1395.3333333333333	0.0
230	1266.0	0.0
240	1165.3333333333333	0.0
250	1829.0	0.0
260	1913.0	0.0
270	1671.6666666666667	0.0
280	2119.3333333333335	0.0
290	2097.8333333333335	0.0
300	2080.3333333333335	0.0
310	2099.3333333333335	0.0
320	1957.3333333333333	0.0
330	1971.6666666666667	0.0
340	2144.5	0.0
350	2036.0	0.0
360	2144.0	0.0
370	2098.0	0.0
380	2196.3333333333335	0.0
390	2246.3333333333335	0.0
400	2285.3333333333335	0.0
410	2457.1666666666665	0.0
420	2551.5	0.0
430	2548.0	0.0
440	2446.6666666666665	0.0
450	2273.3333333333335	0.0
460	2536.3333333333335	0.0
470	2450.5	0.0
480	2541.3333333333335	0.0
490	2246.8333333333335	0.0
500	2809.3333333333335	0.0
510	2354.0	0.0
520	2552.8333333333335	0.0
530	2298.3333333333335	0.0
540	2359.3333333333335	0.0
550	2671.1666666666665	0.0
560	2317.5	0.0
570	2554.0	0.0
580	2441.0	0.0
590	2623.3333333333335	0.0
600	2611.6666666666665	0.0
610	2390.6666666666665	0.0
620	2590.1666666666665	0.0
630	2360.0	0.0
640	2539.3333333333335	0.0
650	2478.0	0.0
660	2703.6666666666665	0.0
670	2476.3333333333335	0.0
680	2453.3333333333335	0.0
690	2321.6666666666665	0.0
700	2573.5	0.0
710	2419.0	0.0
720	2342.0	0.0
730	2378.6666666666665	0.0
740	2621.3333333333335	0.0
750	2587.8333333333335	0.0
760	2550.1666666666665	0.0
770	2503.3333333333335	0.0
780	1968.0	0.0
790	2053.3333333333335	0.0
800	2098.6666666666665	0.0
810	2064.6666666666665	0.0
820	2175.5	0.0
830	2005.0	0.0
840	2124.5	0.0
850	2303.3333333333335	0.0
860	2011.1666666666667	0.0
870	2165.1666666666665	0.0
880	1956.3333333333333	0.0
890	1864.3333333333333	0.0
900	1935.5	0.0
910	2076.6666666666665	0.0
920	1975.8333333333333	0.0
930	2058.6666666666665	0.0
940	1968.5	0.0
950	1969.0	0.0
960	1689.0	0.0
970	1692.0	0.0
980	1936.3333333333333	0.0
990	1812.0	0.0
1000	1617.5	0.0
