0	286.6666666666667	0.0
10	76.66666666666667	207.0
20	70.0	0.0
30	70.0	0.0
40	70.0	0.0
50	71.0	0.0
60	83.33333333333333	0.0
70	132.66666666666666	0.0
80	198.0	0.0
90	1301.3333333333333	0.0
100	1318.6666666666667	0.0
110	1292.0	0.0
120	1655.6666666666667	0.0
130	2290.5	0.0
140	2378.6666666666665	0.0
150	2146.6666666666665	0.0
160	2471.0	0.0
170	2331.6666666666665	0.0
180	2248.0	0.0
190	2345.6666666666665	0.0
200	2233.0	0.0
210	2564.1666666666665	0.0
220	2498.3333333333335	0.0
230	2177.0	0.0
240	2320.6666666666665	0.0
250	2370.8333333333335	0.0
260	2264.5	0.0
270	2186.6666666666665	0.0
280	2332.0	0.0
290	1584.3333333333333	0.0
300	2410.3333333333335	0.0
310	1886.0	0.0
320	1908.5	0.0
330	2063.5	0.0
340	1576.6666666666667	0.0
350	1813.8333333333333	0.0
360	1633.6666666666667	0.0
370	2137.6666666666665	0.0
380	1428.0	0.0
390	1976.8333333333333	0.0
400	2285.3333333333335	0.0
410	2309.0	0.0
420	1326.0	0.0
430	1424.3333333333333	0.0
440	1579.1666666666667	0.0
450	1332.0	0.0
460	1782.5	0.0
470	1971.5	0.0
480	1973.6666666666667	0.0
490	2199.5	0.0
500	1662.3333333333333	0.0
510	1840.3333333333333	0.0
520	2073.6666666666665	0.0
530	1792.5	0.0
540	1967.6666666666667	0.0
550	2466.1666666666665	0.0
560	2444.8333333333335	0.0
570	2272.6666666666665	0.0
580	2190.5	0.0
590	2391.6666666666665	0.0
600	2433.0	0.0
610	2360.3333333333335	0.0
620	2281.3333333333335	0.0
630	2573.6666666666665	0.0
640	2582.6666666666665	0.0
650	2361.6666666666665	0.0
660	2302.3333333333335	0.0
670	2370.8333333333335	0.0
680	2434.6666666666665	0.0
690	2459.0	0.0
700	1930.1666666666667	0.0
710	2308.6666666666665	0.0
720	2305.0	0.0
730	1924.1666666666667	0.0
740	2409.0	0.0
750	1803.6666666666667	0.0
760	1998.3333333333333	0.0
770	1794.8333333333333	0.0
780	2178.1666666666665	0.0
790	2076.6666666666665	0.0
800	1774.0	0.0
810	2447.8333333333335	0.0
820	2579.6666666666665	0.0
830	2425.0	0.0
840	2295.3333333333335	0.0
850	2345.6666666666665	0.0
860	2430.5	0.0
870	2403.5	0.0
880	2362.3333333333335	0.0
890	2325.6666666666665	0.0
900	2325.0	0.0
910	2485.8333333333335	0.0
920	2411.3333333333335	0.0
930	2790.0	0.0
940	2505.5	0.0
950	2422.6666666666665	0.0
960	2548.0	0.0
970	2485.0	0.0
980	2503.3333333333335	0.0
990	1736.0	0.0
1000	2289.6666666666665	0.0
