0	267.3333333333333	0.0
10	70.0	223.0
20	70.0	0.0
30	70.0	0.0
40	70.0	0.0
50	70.0	0.0
60	70.0	0.0
70	70.66666666666667	0.0
80	76.0	0.0
90	116.33333333333333	0.0
100	368.3333333333333	0.0
110	84.66666666666667	0.0
120	81.33333333333333	0.0
130	72.33333333333333	0.0
140	337.6666666666667	0.0
150	332.3333333333333	0.0
160	385.6666666666667	0.0
170	166.0	0.0
180	419.3333333333333	0.0
190	393.6666666666667	0.0
200	235.33333333333334	0.0
210	253.33333333333334	0.0
220	416.3333333333333	0.0
230	584.0	0.0
240	464.0	0.0
250	474.0	0.0
260	406.6666666666667	0.0
270	384.6666666666667	0.0
280	570.3333333333334	0.0
290	455.3333333333333	0.0
300	555.0	0.0
310	831.3333333333334	0.0
320	680.3333333333334	0.0
330	1031.0	0.0
340	863.0	0.0
350	1258.0	0.0
360	1649.8333333333333	0.0
370	1686.6666666666667	0.0
380	1687.6666666666667	0.0
390	1850.5	0.0
400	1205.3333333333333	0.0
410	2161.3333333333335	0.0
420	2528.5	0.0
430	2062.6666666666665	0.0
440	2062.3333333333335	0.0
450	1938.0	0.0
460	2826.6666666666665	0.0
470	2617.1666666666665	0.0
480	2467.5	0.0
490	2695.6666666666665	0.0
500	2412.6666666666665	0.0
510	2503.0	0.0
520	2062.3333333333335	0.0
530	1696.3333333333333	0.0
540	2005.0	0.0
550	1918.1666666666667	0.0
560	2000.0	0.0
570	2242.6666666666665	0.0
580	2220.1666666666665	0.0
590	2463.6666666666665	0.0
600	2438.1666666666665	0.0
610	2352.5	0.0
620	2316.0	0.0
630	2629.0	0.0
640	2623.3333333333335	0.0
650	2388.6666666666665	0.0
660	2486.3333333333335	0.0
670	2186.1666666666665	0.0
680	2341.0	0.0
690	2653.3333333333335	0.0
700	2489.3333333333335	0.0
710	2394.6666666666665	0.0
720	2504.0	0.0
730	2630.3333333333335	0.0
740	2249.6666666666665	0.0
750	2392.5	0.0
760	2422.0	0.0
770	2493.6666666666665	0.0
780	1712.6666666666667	0.0
790	1874.3333333333333	0.0
800	2177.5	0.0
810	2121.0	0.0
820	2313.5	0.0
830	2317.5	0.0
840	2000.3333333333333	0.0
850	1526.8333333333333	0.0
860	1546.6666666666667	0.0
870	2328.5	0.0
880	2565.8333333333335	0.0
890	1662.6666666666667	0.0
900	1969.1666666666667	0.0
910	1966.3333333333333	0.0
920	2279.5	0.0
930	2134.1666666666665	0.0
940	2136.1666666666665	0.0
950	2241.0	0.0
960	2580.3333333333335	0.0
970	2458.8333333333335	0.0
980	2365.6666666666665	0.0
990	2446.1666666666665	0.0
1000	2345.8333333333335	0.0
