0	242.66666666666666	0.0
10	70.0	223.0
20	70.0	0.0
30	70.0	0.0
40	70.0	0.0
50	70.0	0.0
60	70.33333333333333	0.0
70	75.66666666666667	0.0
80	72.33333333333333	0.0
90	230.66666666666666	0.0
100	192.33333333333334	0.0
110	70.0	0.0
120	390.3333333333333	0.0
130	163.0	0.0
140	227.66666666666666	0.0
150	745.3333333333334	0.0
160	279.3333333333333	0.0
170	227.66666666666666	0.0
180	665.3333333333334	0.0
190	896.3333333333334	0.0
200	1022.3333333333334	0.0
210	2246.6666666666665	0.0
220	2213.3333333333335	0.0
230	2457.1666666666665	0.0
240	2252.6666666666665	0.0
250	2212.0	0.0
260	2340.6666666666665	0.0
270	2292.8333333333335	0.0
280	2375.0	0.0
290	2191.1666666666665	0.0
300	2259.6666666666665	0.0
310	2378.8333333333335	0.0
320	2581.3333333333335	0.0
330	2362.6666666666665	0.0
340	2213.3333333333335	0.0
350	2330.3333333333335	0.0
360	2385.8333333333335	0.0
370	2380.0	0.0
380	2248.6666666666665	0.0
390	2276.1666666666665	0.0
400	2414.6666666666665	0.0
410	2491.3333333333335	0.0
420	2571.3333333333335	0.0
430	2582.1666666666665	0.0
440	1721.3333333333333	0.0
450	1765.8333333333333	0.0
460	1601.3333333333333	0.0
470	2135.0	0.0
480	2322.6666666666665	0.0
490	2116.3333333333335	0.0
500	1810.6666666666667	0.0
510	1997.0	0.0
520	2126.1666666666665	0.0
530	2050.3333333333335	0.0
540	1862.6666666666667	0.0
550	2276.0	0.0
560	1635.3333333333333	0.0
570	2098.3333333333335	0.0
580	2512.3333333333335	0.0
590	1669.6666666666667	0.0
600	2139.5	0.0
610	1973.6666666666667	0.0
620	2003.3333333333333	0.0
630	2156.5	0.0
640	1584.0	0.0
650	1887.3333333333333	0.0
660	2042.3333333333333	0.0
670	1642.6666666666667	0.0
680	1768.5	0.0
690	2334.6666666666665	0.0
700	2432.3333333333335	0.0
710	2139.8333333333335	0.0
720	2681.3333333333335	0.0
730	2651.6666666666665	0.0
740	1920.3333333333333	0.0
750	1837.0	0.0
760	2124.0	0.0
770	2464.8333333333335	0.0
780	1804.1666666666667	0.0
790	1972.0	0.0
800	2189.6666666666665	0.0
810	1850.6666666666667	0.0
820	1932.8333333333333	0.0
830	2308.3333333333335	0.0
840	1867.3333333333333	0.0
850	2019.6666666666667	0.0
860	1864.8333333333333	0.0
870	2448.6666666666665	0.0
880	2035.0	0.0
890	1876.5	0.0
900	1834.0	0.0
910	2400.6666666666665	0.0
920	2450.1666666666665	0.0
930	1803.3333333333333	0.0
940	2437.3333333333335	0.0
950	1946.0	0.0
960	2470.8333333333335	0.0
970	2045.5	0.0
980	2631.1666666666665	0.0
990	2094.3333333333335	0.0
1000	2270.3333333333335	0.0
