0	228.66666666666666	0.0
10	70.0	207.0
20	70.0	0.0
30	70.0	0.0
40	70.0	0.0
50	70.33333333333333	0.0
60	78.66666666666667	0.0
70	126.0	0.0
80	332.6666666666667	0.0
90	79.0	0.0
100	119.66666666666667	0.0
110	218.0	0.0
120	134.33333333333334	0.0
130	78.66666666666667	0.0
140	154.66666666666666	0.0
150	106.33333333333333	0.0
160	116.33333333333333	0.0
170	578.6666666666666	0.0
180	270.0	0.0
190	158.0	0.0
200	289.6666666666667	0.0
210	288.0	0.0
220	434.6666666666667	0.0
230	409.3333333333333	0.0
240	340.3333333333333	0.0
250	405.6666666666667	0.0
260	946.3333333333334	0.0
270	720.0	0.0
280	940.0	0.0
290	803.3333333333334	0.0
300	930.0	0.0
310	1311.0	0.0
320	1524.5	0.0
330	1836.5	0.0
340	886.3333333333334	0.0
350	1924.6666666666667	0.0
360	2015.5	0.0
370	2026.0	0.0
380	1538.3333333333333	0.0
390	2064.1666666666665	0.0
400	1850.3333333333333	0.0
410	2098.3333333333335	0.0
420	2219.6666666666665	0.0
430	2164.0	0.0
440	2119.0	0.0
450	2353.6666666666665	0.0
460	1934.1666666666667	0.0
470	2423.0	0.0
480	1874.0	0.0
490	1918.6666666666667	0.0
500	2583.3333333333335	0.0
510	2585.1666666666665	0.0
520	2446.0	0.0
530	2569.6666666666665	0.0
540	1834.0	0.0
550	2468.6666666666665	0.0
560	1743.3333333333333	0.0
570	1704.0	0.0
580	1754.0	0.0
590	2600.0	0.0
600	2120.1666666666665	0.0
610	1828.6666666666667	0.0
620	1953.8333333333333	0.0
630	2150.1666666666665	0.0
640	2037.3333333333333	0.0
650	2007.0	0.0
660	2351.8333333333335	0.0
670	2483.6666666666665	0.0
680	2374.5	0.0
690	1694.1666666666667	0.0
700	2399.3333333333335	0.0
710	2361.0	0.0
720	2466.5	0.0
730	2568.0	0.0
740	2576.0	0.0
750	2358.5	0.0
760	2490.6666666666665	0.0
770	2666.6666666666665	0.0
780	1706.0	0.0
790	2183.0	0.0
800	1677.8333333333333	0.0
810	2257.3333333333335	0.0
820	2251.3333333333335	0.0
830	2068.8333333333335	0.0
840	2323.8333333333335	0.0
850	1911.3333333333333	0.0
860	2534.6666666666665	0.0
870	2339.6666666666665	0.0
880	2549.3333333333335	0.0
890	2603.8333333333335	0.0
900	1957.1666666666667	0.0
910	2570.3333333333335	0.0
920	2602.6666666666665	0.0
930	2277.0	0.0
940	2449.0	0.0
950	2451.6666666666665	0.0
960	1966.3333333333333	0.0
970	1891.0	0.0
980	1615.3333333333333	0.0
990	1590.5	0.0
1000	1751.6666666666667	0.0
