0	258.11111111111114	0.0
10	267.3111111111111	471.93333333333334
20	385.9888888888889	311.3333333333333
30	780.9444444444445	104.06666666666666
40	1144.038888888889	66.73333333333333
50	1605.1444444444444	26.366666666666667
60	1791.083333333333	9.6
70	2061.2888888888892	5.466666666666667
80	2131.1	4.5
90	2213.0000000000005	0.0
100	2229.972222222222	0.0
110	2282.516666666666	0.0
120	2294.5111111111114	0.0
130	2323.2999999999997	0.0
140	2358.5888888888885	0.0
150	2346.288888888889	0.0
160	2313.144444444445	0.0
170	2360.105555555556	0.0
180	2309.6	0.0
190	2261.7055555555553	0.0
200	2236.2111111111108	0.0
210	2227.1388888888887	0.0
220	2238.061111111111	0.0
230	2218.8888888888887	0.0
240	2236.1666666666665	0.0
250	2200.3777777777777	0.0
260	2202.2777777777783	0.0
270	2177.9555555555553	0.0
280	2095.294444444445	0.0
290	2127.7	0.0
300	2031.2666666666667	0.0
310	2017.2833333333333	0.0
320	2084.6555555555556	0.0
330	2061.938888888889	0.0
340	2051.0833333333335	0.0
350	2070.444444444444	0.0
360	2017.4277777777781	0.0
370	2034.9111111111113	0.0
380	2093.9722222222226	0.0
390	1927.988888888889	0.0
400	1966.7055555555555	0.0
410	1925.3166666666664	0.0
420	2038.0722222222219	0.0
430	1972.5666666666666	0.0
440	2000.7333333333338	0.0
450	2025.9055555555556	0.0
460	2042.2055555555553	0.0
470	2028.9333333333334	0.0
480	1996.5444444444447	0.0
490	2031.9388888888889	0.0
500	2120.7833333333333	0.0
510	2099.288888888889	0.0
520	2110.055555555556	0.0
530	2121.1611111111106	0.0
540	2189.5833333333335	0.0
550	2149.894444444444	0.0
560	2236.3499999999995	0.0
570	2138.4888888888886	0.0
580	2221.5333333333333	0.0
590	2190.7500000000005	0.0
600	2245.194444444445	0.0
610	2230.2777777777783	0.0
620	2287.2722222222224	0.0
630	2249.9666666666662	0.0
640	2233.8111111111116	0.0
650	2223.7722222222224	0.0
660	2304.05	0.0
670	2365.7833333333338	0.0
680	2357.5444444444443	0.0
690	2368.516666666667	0.0
700	2351.511111111111	0.0
710	2367.9555555555557	0.0
720	2312.0555555555557	0.0
730	2376.1388888888887	0.0
740	2233.1888888888884	0.0
750	2250.3777777777777	0.0
760	2211.827777777778	0.0
770	2235.4722222222217	0.0
780	2131.866666666667	0.0
790	2204.45	0.0
800	2251.155555555555	0.0
810	2269.3111111111116	0.0
820	2225.25	0.0
830	2167.6277777777773	0.0
840	2292.9500000000003	0.0
850	2225.8611111111104	0.0
860	2183.9555555555557	0.0
870	2223.5444444444447	0.0
880	2143.9666666666667	0.0
890	2174.8777777777773	0.0
900	2196.4388888888884	0.0
910	2232.4166666666665	0.0
920	2256.6111111111113	0.0
930	2196.866666666667	0.0
940	2285.8444444444444	0.0
950	2257.1999999999994	0.0
960	2332.005555555556	0.0
970	2255.766666666667	0.0
980	2198.416666666667	0.0
990	2184.016666666666	0.0
1000	2163.933333333333	0.0
