0	274.6666666666667	0.0
10	144.33333333333334	574.0
20	557.6666666666666	426.0
30	1366.0	0.0
40	2128.3333333333335	0.0
50	2241.5	0.0
60	2256.0	0.0
70	2259.3333333333335	0.0
80	1586.0	0.0
90	1954.3333333333333	0.0
100	2334.6666666666665	0.0
110	2360.3333333333335	0.0
120	2330.6666666666665	0.0
130	2407.6666666666665	0.0
140	2354.6666666666665	0.0
150	2394.3333333333335	0.0
160	2504.6666666666665	0.0
170	2441.3333333333335	0.0
180	2302.1666666666665	0.0
190	2335.3333333333335	0.0
200	2131.0	0.0
210	2247.3333333333335	0.0
220	2281.1666666666665	0.0
230	2533.1666666666665	0.0
240	2063.6666666666665	0.0
250	2632.6666666666665	0.0
260	1897.5	0.0
270	2360.3333333333335	0.0
280	2488.3333333333335	0.0
290	2337.3333333333335	0.0
300	2440.3333333333335	0.0
310	2277.0	0.0
320	2443.0	0.0
330	2306.6666666666665	0.0
340	2402.3333333333335	0.0
350	2467.6666666666665	0.0
360	2134.0	0.0
370	2349.3333333333335	0.0
380	2460.3333333333335	0.0
390	2242.6666666666665	0.0
400	2244.1666666666665	0.0
410	2294.3333333333335	0.0
420	2232.6666666666665	0.0
430	2532.8333333333335	0.0
440	2417.0	0.0
450	2401.0	0.0
460	2635.6666666666665	0.0
470	2062.8333333333335	0.0
480	2491.0	0.0
490	2452.6666666666665	0.0
500	2080.6666666666665	0.0
510	1796.8333333333333	0.0
520	2015.6666666666667	0.0
530	1991.1666666666667	0.0
540	2163.6666666666665	0.0
550	2192.8333333333335	0.0
560	2072.1666666666665	0.0
570	1762.0	0.0
580	1490.0	0.0
590	1973.3333333333333	0.0
600	1967.3333333333333	0.0
610	2289.1666666666665	0.0
620	1900.5	0.0
630	1904.6666666666667	0.0
640	1673.3333333333333	0.0
650	1901.0	0.0
660	1715.3333333333333	0.0
670	2462.1666666666665	0.0
680	2476.3333333333335	0.0
690	2517.3333333333335	0.0
700	2495.1666666666665	0.0
710	2470.1666666666665	0.0
720	2502.3333333333335	0.0
730	2553.0	0.0
740	2564.8333333333335	0.0
750	2374.8333333333335	0.0
760	2011.3333333333333	0.0
770	1834.1666666666667	0.0
780	2028.1666666666667	0.0
790	2069.0	0.0
800	1910.8333333333333	0.0
810	2363.0	0.0
820	2167.1666666666665	0.0
830	1519.6666666666667	0.0
840	2014.3333333333333	0.0
850	2588.6666666666665	0.0
860	2301.5	0.0
870	2335.6666666666665	0.0
880	2648.0	0.0
890	2151.6666666666665	0.0
900	2514.6666666666665	0.0
910	2562.1666666666665	0.0
920	2708.0	0.0
930	2358.0	0.0
940	2458.6666666666665	0.0
950	1926.0	0.0
960	2213.0	0.0
970	1872.1666666666667	0.0
980	1600.3333333333333	0.0
990	2015.6666666666667	0.0
1000	1403.0	0.0
