0	249.33333333333334	0.0
10	78.66666666666667	482.0
20	70.0	0.0
30	70.0	0.0
40	70.0	0.0
50	73.33333333333333	0.0
60	542.6666666666666	0.0
70	412.5	0.0
80	533.3333333333334	0.0
90	147.33333333333334	0.0
100	1649.0	0.0
110	1034.0	0.0
120	1890.6666666666667	0.0
130	1951.3333333333333	0.0
140	2189.3333333333335	0.0
150	2265.6666666666665	0.0
160	2252.5	0.0
170	2208.3333333333335	0.0
180	2182.3333333333335	0.0
190	2256.1666666666665	0.0
200	2318.3333333333335	0.0
210	2460.0	0.0
220	2044.3333333333333	0.0
230	2204.1666666666665	0.0
240	1838.8333333333333	0.0
250	2478.6666666666665	0.0
260	2517.6666666666665	0.0
270	2177.1666666666665	0.0
280	2344.3333333333335	0.0
290	2569.6666666666665	0.0
300	2516.3333333333335	0.0
310	2308.1666666666665	0.0
320	2401.0	0.0
330	2462.0	0.0
340	1840.5	0.0
350	1743.0	0.0
360	1991.0	0.0
370	1958.0	0.0
380	1898.6666666666667	0.0
390	2595.0	0.0
400	2067.8333333333335	0.0
410	1998.3333333333333	0.0
420	1891.0	0.0
430	1961.6666666666667	0.0
440	2579.0	0.0
450	1975.1666666666667	0.0
460	1845.5	0.0
470	1676.0	0.0
480	2105.6666666666665	0.0
490	1789.0	0.0
500	1802.0	0.0
510	1814.0	0.0
520	1820.1666666666667	0.0
530	2003.6666666666667	0.0
540	2339.8333333333335	0.0
550	1893.0	0.0
560	1784.6666666666667	0.0
570	1860.5	0.0
580	2057.6666666666665	0.0
590	2059.6666666666665	0.0
600	1876.3333333333333	0.0
610	2120.0	0.0
620	2401.3333333333335	0.0
630	1719.0	0.0
640	2357.0	0.0
650	2105.6666666666665	0.0
660	2476.3333333333335	0.0
670	2610.3333333333335	0.0
680	2449.3333333333335	0.0
690	2207.6666666666665	0.0
700	1894.5	0.0
710	2171.6666666666665	0.0
720	2445.0	0.0
730	2359.1666666666665	0.0
740	1863.0	0.0
750	2301.6666666666665	0.0
760	2583.3333333333335	0.0
770	2535.0	0.0
780	1745.5	0.0
790	2557.3333333333335	0.0
800	2285.3333333333335	0.0
810	2624.0	0.0
820	2483.3333333333335	0.0
830	2510.5	0.0
840	2592.3333333333335	0.0
850	2672.6666666666665	0.0
860	2356.3333333333335	0.0
870	2554.6666666666665	0.0
880	2389.6666666666665	0.0
890	2481.0	0.0
900	2319.0	0.0
910	2625.3333333333335	0.0
920	2487.6666666666665	0.0
930	2614.5	0.0
940	2440.5	0.0
950	2343.3333333333335	0.0
960	2316.5	0.0
970	2267.8333333333335	0.0
980	2440.3333333333335	0.0
990	2369.0	0.0
1000	1861.0	0.0
