0	246.0	0.0
10	70.0	468.0
20	70.0	0.0
30	70.0	0.0
40	70.0	0.0
50	70.0	0.0
60	70.0	0.0
70	72.33333333333333	0.0
80	86.66666666666667	0.0
90	87.33333333333333	0.0
100	232.33333333333334	0.0
110	76.0	0.0
120	307.6666666666667	0.0
130	200.66666666666666	0.0
140	230.0	0.0
150	102.66666666666667	0.0
160	220.66666666666666	0.0
170	263.3333333333333	0.0
180	237.66666666666666	0.0
190	171.66666666666666	0.0
200	538.6666666666666	0.0
210	598.0	0.0
220	332.6666666666667	0.0
230	801.0	0.0
240	1072.5	0.0
250	1418.1666666666667	0.0
260	2097.0	0.0
270	2175.1666666666665	0.0
280	2309.6666666666665	0.0
290	2410.0	0.0
300	2105.6666666666665	0.0
310	2218.3333333333335	0.0
320	2218.8333333333335	0.0
330	1935.3333333333333	0.0
340	2259.3333333333335	0.0
350	1826.0	0.0
360	1681.3333333333333	0.0
370	2447.6666666666665	0.0
380	2618.6666666666665	0.0
390	2203.8333333333335	0.0
400	2423.3333333333335	0.0
410	2451.3333333333335	0.0
420	2141.0	0.0
430	2381.0	0.0
440	2276.3333333333335	0.0
450	2441.3333333333335	0.0
460	2358.6666666666665	0.0
470	2422.6666666666665	0.0
480	2309.6666666666665	0.0
490	2441.0	0.0
500	2139.3333333333335	0.0
510	2288.0	0.0
520	2303.6666666666665	0.0
530	2526.6666666666665	0.0
540	1814.3333333333333	0.0
550	2080.0	0.0
560	2040.1666666666667	0.0
570	2379.6666666666665	0.0
580	1675.3333333333333	0.0
590	1638.6666666666667	0.0
600	1776.6666666666667	0.0
610	2152.0	0.0
620	1634.6666666666667	0.0
630	1758.5	0.0
640	1905.0	0.0
650	2112.3333333333335	0.0
660	1816.1666666666667	0.0
670	2278.6666666666665	0.0
680	2210.3333333333335	0.0
690	1824.8333333333333	0.0
700	2172.5	0.0
710	1587.0	0.0
720	1907.6666666666667	0.0
730	2173.5	0.0
740	1984.0	0.0
750	2723.5	0.0
760	2713.3333333333335	0.0
770	2587.3333333333335	0.0
780	2796.6666666666665	0.0
790	2337.0	0.0
800	2480.0	0.0
810	2579.0	0.0
820	2502.1666666666665	0.0
830	2739.1666666666665	0.0
840	2383.0	0.0
850	2542.5	0.0
860	1774.8333333333333	0.0
870	2480.3333333333335	0.0
880	2622.3333333333335	0.0
890	2615.0	0.0
900	2470.0	0.0
910	2349.0	0.0
920	1804.0	0.0
930	2439.6666666666665	0.0
940	2530.5	0.0
950	2630.0	0.0
960	2406.6666666666665	0.0
970	2401.1666666666665	0.0
980	1751.6666666666667	0.0
990	1888.3333333333333	0.0
1000	1585.6666666666667	0.0
