0	262.0	0.0
10	70.0	0.0
20	70.0	0.0
30	70.0	0.0
40	70.0	0.0
50	70.0	0.0
60	70.0	6.0
70	70.0	0.0
80	70.0	0.0
90	70.0	0.0
100	70.0	0.0
110	70.0	0.0
120	70.0	0.0
130	70.0	0.0
140	70.0	0.0
150	70.0	0.0
160	70.0	0.0
170	70.0	0.0
180	70.33333333333333	0.0
190	70.33333333333333	0.0
200	71.0	0.0
210	72.0	0.0
220	71.0	0.0
230	70.33333333333333	0.0
240	73.66666666666667	0.0
250	98.66666666666667	0.0
260	134.33333333333334	0.0
270	269.0	0.0
280	238.33333333333334	0.0
290	190.33333333333334	0.0
300	153.0	0.0
310	139.66666666666666	8.0
320	130.0	12.0
330	144.33333333333334	0.0
340	139.0	0.0
350	138.0	0.0
360	162.0	4.0
370	146.0	5.0
380	130.0	0.0
390	162.66666666666666	31.0
400	201.0	20.0
410	224.33333333333334	44.0
420	239.33333333333334	62.0
430	534.0	69.0
440	603.0	1.0
450	795.6666666666666	16.0
460	826.0	32.0
470	1193.3333333333333	18.0
480	1136.0	82.0
490	1170.3333333333333	98.0
500	1732.0	78.0
510	1729.6666666666667	155.0
520	1927.6666666666667	86.0
530	1885.0	204.0
540	1968.6666666666667	102.0
550	1716.6666666666667	199.0
560	1769.0	90.0
570	1630.3333333333333	92.0
580	2297.6666666666665	87.0
590	1940.6666666666667	95.0
600	2045.3333333333333	104.0
610	2351.6666666666665	60.0
620	2478.3333333333335	158.0
630	2047.0	133.0
640	2284.6666666666665	146.0
650	2321.5	88.0
660	2421.0	91.0
670	2572.0	117.0
680	2319.0	105.0
690	1916.5	70.0
700	2583.5	218.0
710	2522.5	67.0
720	2526.3333333333335	68.0
730	2219.1666666666665	93.0
740	2523.0	133.0
750	2419.0	73.0
760	2500.3333333333335	110.0
770	2456.0	91.0
780	2516.6666666666665	75.0
790	2608.8333333333335	201.0
800	2542.1666666666665	104.0
