0	264.3333333333333	0.0
10	70.0	0.0
20	70.0	0.0
30	70.0	0.0
40	70.0	0.0
50	70.0	0.0
60	70.0	0.0
70	70.0	0.0
80	70.0	0.0
90	70.0	0.0
100	70.0	0.0
110	70.0	0.0
120	70.0	0.0
130	70.0	0.0
140	70.0	0.0
150	70.0	0.0
160	70.0	0.0
170	70.0	0.0
180	70.0	0.0
190	70.33333333333333	0.0
200	71.66666666666667	0.0
210	76.66666666666667	0.0
220	90.66666666666667	0.0
230	75.33333333333333	0.0
240	85.33333333333333	0.0
250	92.33333333333333	0.0
260	218.0	0.0
270	178.66666666666666	0.0
280	134.0	0.0
290	179.33333333333334	0.0
300	197.0	0.0
310	163.0	0.0
320	130.33333333333334	0.0
330	139.0	0.0
340	153.0	8.0
350	161.0	0.0
360	146.33333333333334	0.0
370	130.0	0.0
380	153.33333333333334	3.0
390	181.0	19.0
400	143.66666666666666	0.0
410	222.33333333333334	0.0
420	196.33333333333334	12.0
430	191.33333333333334	0.0
440	216.0	0.0
450	278.3333333333333	19.0
460	228.66666666666666	0.0
470	306.3333333333333	0.0
480	328.0	8.0
490	239.0	0.0
500	317.3333333333333	56.0
510	365.0	2.0
520	357.6666666666667	0.0
530	396.0	11.0
540	480.6666666666667	35.0
550	274.6666666666667	3.0
560	309.6666666666667	38.0
570	507.3333333333333	22.0
580	415.6666666666667	0.0
590	546.6666666666666	44.0
600	824.3333333333334	61.0
610	911.6666666666666	24.0
620	797.3333333333334	72.0
630	917.1666666666666	30.0
640	546.6666666666666	109.0
650	743.1666666666666	36.0
660	1200.1666666666667	92.0
670	1045.3333333333333	96.0
680	920.3333333333334	60.0
690	942.6666666666666	24.0
700	1684.6666666666667	104.0
710	1994.1666666666667	98.0
720	2284.0	221.0
730	2085.5	256.0
740	1942.8333333333333	141.0
750	2425.6666666666665	68.0
760	1877.0	105.0
770	2050.0	97.0
780	2078.6666666666665	224.0
790	2428.0	271.0
800	2265.3333333333335	344.0
