0	260.6666666666667
10	70.0
20	70.0
30	70.0
40	70.0
50	70.0
60	70.0
70	70.0
80	70.0
90	71.66666666666667
100	75.0
110	316.3333333333333
120	179.0
130	75.66666666666667
140	173.66666666666666
150	130.33333333333334
160	141.66666666666666
170	312.0
180	406.0
190	136.33333333333334
200	345.3333333333333
210	667.6666666666666
220	342.3333333333333
230	454.3333333333333
240	301.0
250	309.3333333333333
260	224.0
270	310.0
280	306.6666666666667
290	329.0
300	366.6666666666667
310	461.3333333333333
320	396.0
330	459.3333333333333
340	497.3333333333333
350	741.0
360	438.0
370	590.6666666666666
380	1005.3333333333334
390	1297.3333333333333
400	1763.6666666666667
410	1593.5
420	2374.6666666666665
430	1820.0
440	1490.6666666666667
450	1020.6666666666666
460	1853.6666666666667
470	1579.1666666666667
480	1688.3333333333333
490	1485.5
500	1589.0
