0	277.0	0.0
10	70.0	0.0
20	70.0	0.0
30	70.0	0.0
40	70.0	0.0
50	70.0	0.0
60	70.0	0.0
70	70.0	0.0
80	70.0	0.0
90	70.66666666666667	0.0
100	71.33333333333333	0.0
110	204.66666666666666	0.0
120	178.0	0.0
130	93.66666666666667	0.0
140	356.0	0.0
150	197.0	0.0
160	388.6666666666667	0.0
170	294.6666666666667	0.0
180	358.3333333333333	0.0
190	135.66666666666666	0.0
200	129.33333333333334	0.0
210	396.3333333333333	0.0
220	354.3333333333333	0.0
230	283.6666666666667	0.0
240	297.3333333333333	0.0
250	332.3333333333333	0.0
260	347.6666666666667	0.0
270	425.6666666666667	0.0
280	335.6666666666667	0.0
290	415.0	0.0
300	410.0	0.0
310	404.0	0.0
320	532.3333333333334	0.0
330	502.6666666666667	0.0
340	766.6666666666666	0.0
350	894.3333333333334	0.0
360	1229.3333333333333	0.0
370	1355.0	0.0
380	1809.5	0.0
390	1738.5	0.0
400	947.0	0.0
410	1568.6666666666667	0.0
420	2323.1666666666665	0.0
430	2082.0	0.0
440	2086.1666666666665	0.0
450	1358.0	0.0
460	1843.0	0.0
470	2025.6666666666667	0.0
480	1815.8333333333333	0.0
490	1526.6666666666667	0.0
500	1468.8333333333333	0.0
510	1877.6666666666667	0.0
520	1853.6666666666667	0.0
530	1634.0	0.0
540	2237.3333333333335	0.0
550	1514.0	0.0
560	1281.6666666666667	0.0
570	1540.0	0.0
580	1774.3333333333333	0.0
590	1923.1666666666667	0.0
600	1558.8333333333333	0.0
610	2329.0	0.0
620	2589.0	0.0
630	2320.1666666666665	0.0
640	2145.0	0.0
650	2384.8333333333335	0.0
660	2285.6666666666665	0.0
670	2655.0	0.0
680	2422.3333333333335	0.0
690	2564.6666666666665	0.0
700	2398.8333333333335	0.0
710	1823.8333333333333	0.0
720	1906.8333333333333	0.0
730	1667.0	0.0
740	1666.8333333333333	0.0
750	1446.3333333333333	0.0
760	1738.8333333333333	0.0
770	1699.8333333333333	0.0
780	1629.3333333333333	0.0
790	1715.3333333333333	0.0
800	1912.3333333333333	0.0
810	2488.3333333333335	0.0
820	1578.3333333333333	0.0
830	1567.0	0.0
840	2310.6666666666665	0.0
850	2146.3333333333335	0.0
860	2430.6666666666665	0.0
870	2490.3333333333335	0.0
880	2492.3333333333335	0.0
890	2511.6666666666665	0.0
900	2192.3333333333335	0.0
910	2294.5	0.0
920	2442.5	0.0
930	2298.0	0.0
940	2424.0	0.0
950	2502.3333333333335	0.0
960	2327.0	0.0
970	2462.0	0.0
980	2300.0	0.0
990	2609.6666666666665	0.0
1000	2505.0	0.0
