0	251.66666666666666	0.0
10	70.0	0.0
20	70.0	0.0
30	70.0	0.0
40	70.0	0.0
50	70.0	0.0
60	70.0	0.0
70	70.0	0.0
80	72.33333333333333	0.0
90	73.66666666666667	0.0
100	107.0	0.0
110	127.0	0.0
120	110.66666666666667	0.0
130	213.66666666666666	0.0
140	82.0	0.0
150	73.33333333333333	0.0
160	131.66666666666666	0.0
170	259.3333333333333	0.0
180	164.66666666666666	0.0
190	308.3333333333333	0.0
200	254.33333333333334	0.0
210	235.0	0.0
220	341.3333333333333	0.0
230	312.0	0.0
240	279.0	0.0
250	364.3333333333333	0.0
260	288.6666666666667	0.0
270	450.3333333333333	0.0
280	279.3333333333333	0.0
290	280.3333333333333	0.0
300	486.0	0.0
310	721.3333333333334	0.0
320	616.6666666666666	0.0
330	668.0	0.0
340	521.6666666666666	0.0
350	685.6666666666666	0.0
360	715.0	0.0
370	1058.0	0.0
380	1206.5	0.0
390	1014.3333333333334	0.0
400	1412.8333333333333	0.0
410	1053.6666666666667	0.0
420	1259.6666666666667	0.0
430	1360.3333333333333	0.0
440	1621.0	0.0
450	1483.8333333333333	0.0
460	1798.1666666666667	0.0
470	1665.0	0.0
480	1854.5	0.0
490	1978.8333333333333	0.0
500	1496.6666666666667	0.0
510	1761.0	0.0
520	1340.0	0.0
530	1831.6666666666667	0.0
540	1621.0	0.0
550	1388.0	0.0
560	1619.0	0.0
570	1501.0	0.0
580	1529.6666666666667	0.0
590	1605.1666666666667	0.0
600	1574.1666666666667	0.0
610	1650.8333333333333	0.0
620	1481.0	0.0
630	1755.8333333333333	0.0
640	1919.5	0.0
650	1943.5	0.0
660	1573.0	0.0
670	1826.8333333333333	0.0
680	1817.1666666666667	0.0
690	1734.3333333333333	0.0
700	1588.6666666666667	0.0
710	1549.6666666666667	0.0
720	1915.0	0.0
730	1907.6666666666667	0.0
740	1745.6666666666667	0.0
750	2150.5	0.0
760	1937.3333333333333	0.0
770	1654.1666666666667	0.0
780	2262.3333333333335	0.0
790	1578.0	0.0
800	1893.8333333333333	0.0
810	1997.1666666666667	0.0
820	2497.0	0.0
830	2462.6666666666665	0.0
840	2173.5	0.0
850	2584.6666666666665	0.0
860	2251.0	0.0
870	2530.6666666666665	0.0
880	2563.0	0.0
890	2534.6666666666665	0.0
900	2478.3333333333335	0.0
910	2371.3333333333335	0.0
920	1803.6666666666667	0.0
930	2078.0	0.0
940	2625.5	0.0
950	2431.3333333333335	0.0
960	2148.3333333333335	0.0
970	2306.6666666666665	0.0
980	2257.6666666666665	0.0
990	1927.5	0.0
1000	1846.0	0.0
