0	247.33333333333334	0.0
10	70.0	0.0
20	70.0	0.0
30	70.0	0.0
40	70.0	0.0
50	70.0	0.0
60	70.0	0.0
70	70.0	0.0
80	71.0	0.0
90	82.66666666666667	0.0
100	102.0	0.0
110	112.0	0.0
120	82.0	0.0
130	95.33333333333333	0.0
140	285.0	0.0
150	472.0	0.0
160	221.66666666666666	0.0
170	185.33333333333334	0.0
180	98.66666666666667	0.0
190	173.0	0.0
200	174.66666666666666	0.0
210	310.6666666666667	0.0
220	386.0	0.0
230	368.6666666666667	0.0
240	257.3333333333333	0.0
250	308.3333333333333	0.0
260	397.0	0.0
270	581.3333333333334	0.0
280	406.3333333333333	0.0
290	426.3333333333333	0.0
300	499.6666666666667	0.0
310	527.0	0.0
320	600.3333333333334	0.0
330	860.0	0.0
340	984.3333333333334	0.0
350	683.3333333333334	0.0
360	620.3333333333334	0.0
370	867.6666666666666	0.0
380	824.0	0.0
390	1061.5	0.0
400	1525.0	0.0
410	1770.8333333333333	0.0
420	1978.1666666666667	0.0
430	1370.0	0.0
440	1866.0	0.0
450	1388.6666666666667	0.0
460	2500.0	0.0
470	1637.6666666666667	0.0
480	1888.1666666666667	0.0
490	1999.6666666666667	0.0
500	1882.3333333333333	0.0
510	1641.0	0.0
520	1680.8333333333333	0.0
530	2047.8333333333333	0.0
540	1989.6666666666667	0.0
550	1824.8333333333333	0.0
560	2132.3333333333335	0.0
570	1345.8333333333333	0.0
580	1616.8333333333333	0.0
590	1557.1666666666667	0.0
600	1839.5	0.0
610	1894.6666666666667	0.0
620	2041.6666666666667	0.0
630	1831.0	0.0
640	1816.1666666666667	0.0
650	1512.0	0.0
660	1520.8333333333333	0.0
670	1677.0	0.0
680	1638.1666666666667	0.0
690	1623.3333333333333	0.0
700	1901.3333333333333	0.0
710	1705.0	0.0
720	1806.8333333333333	0.0
730	1684.8333333333333	0.0
740	2506.3333333333335	0.0
750	2447.3333333333335	0.0
760	1680.1666666666667	0.0
770	2416.6666666666665	0.0
780	2286.0	0.0
790	2482.6666666666665	0.0
800	2286.1666666666665	0.0
810	2345.0	0.0
820	2343.1666666666665	0.0
830	2458.6666666666665	0.0
840	2453.0	0.0
850	2389.3333333333335	0.0
860	2300.1666666666665	0.0
870	2523.6666666666665	0.0
880	2328.0	0.0
890	2279.1666666666665	0.0
900	2250.0	0.0
910	2397.3333333333335	0.0
920	2654.3333333333335	0.0
930	2536.0	0.0
940	2288.6666666666665	0.0
950	2509.3333333333335	0.0
960	2445.0	0.0
970	2447.3333333333335	0.0
980	2662.6666666666665	0.0
990	2442.5	0.0
1000	2517.6666666666665	0.0
