0	226.66666666666666	0.0
10	70.0	0.0
20	70.0	0.0
30	70.0	0.0
40	70.0	0.0
50	70.0	0.0
60	70.0	0.0
70	70.0	0.0
80	70.0	0.0
90	74.0	0.0
100	79.66666666666667	0.0
110	109.33333333333333	0.0
120	109.66666666666667	0.0
130	315.6666666666667	0.0
140	189.0	0.0
150	122.33333333333333	0.0
160	74.0	0.0
170	330.6666666666667	0.0
180	197.66666666666666	0.0
190	194.66666666666666	0.0
200	340.0	0.0
210	401.6666666666667	0.0
220	375.6666666666667	0.0
230	311.6666666666667	0.0
240	329.0	0.0
250	402.3333333333333	0.0
260	281.6666666666667	0.0
270	372.6666666666667	0.0
280	235.33333333333334	0.0
290	330.6666666666667	0.0
300	484.3333333333333	0.0
310	422.3333333333333	0.0
320	610.6666666666666	0.0
330	839.3333333333334	0.0
340	969.3333333333334	0.0
350	969.6666666666666	0.0
360	843.0	0.0
370	924.6666666666666	0.0
380	1409.8333333333333	0.0
390	1603.6666666666667	0.0
400	2324.6666666666665	0.0
410	2298.0	0.0
420	2694.3333333333335	0.0
430	2431.0	0.0
440	1951.0	0.0
450	2422.8333333333335	0.0
460	2623.6666666666665	0.0
470	2580.3333333333335	0.0
480	1890.0	0.0
490	1808.8333333333333	0.0
500	2253.1666666666665	0.0
510	1879.3333333333333	0.0
520	2038.0	0.0
530	1788.3333333333333	0.0
540	2582.0	0.0
550	2479.3333333333335	0.0
560	2498.3333333333335	0.0
570	2436.1666666666665	0.0
580	2136.3333333333335	0.0
590	2472.1666666666665	0.0
600	2453.3333333333335	0.0
610	2498.3333333333335	0.0
620	2009.3333333333333	0.0
630	2239.0	0.0
640	2171.8333333333335	0.0
650	2237.0	0.0
660	2237.8333333333335	0.0
670	2499.3333333333335	0.0
680	2488.6666666666665	0.0
690	2385.3333333333335	0.0
700	2284.0	0.0
710	2618.6666666666665	0.0
720	2268.6666666666665	0.0
730	2208.3333333333335	0.0
740	2185.5	0.0
750	2261.0	0.0
760	1718.8333333333333	0.0
770	1977.1666666666667	0.0
780	2510.6666666666665	0.0
790	2367.3333333333335	0.0
800	2470.8333333333335	0.0
810	2176.6666666666665	0.0
820	2297.0	0.0
830	2606.5	0.0
840	2520.6666666666665	0.0
850	2568.3333333333335	0.0
860	2478.6666666666665	0.0
870	2141.0	0.0
880	2563.3333333333335	0.0
890	2358.6666666666665	0.0
900	2410.0	0.0
910	2322.1666666666665	0.0
920	2564.8333333333335	0.0
930	2599.3333333333335	0.0
940	2308.8333333333335	0.0
950	2418.8333333333335	0.0
960	1811.5	0.0
970	2035.0	0.0
980	2248.6666666666665	0.0
990	2236.6666666666665	0.0
1000	1979.5	0.0
