0	245.66666666666666	0.0
10	70.0	0.0
20	70.0	0.0
30	70.0	0.0
40	70.0	0.0
50	70.0	0.0
60	70.0	0.0
70	70.0	0.0
80	70.66666666666667	0.0
90	72.33333333333333	0.0
100	130.0	0.0
110	83.66666666666667	0.0
120	194.66666666666666	0.0
130	272.0	0.0
140	70.0	0.0
150	70.33333333333333	0.0
160	181.66666666666666	0.0
170	295.6666666666667	0.0
180	427.1666666666667	0.0
190	399.6666666666667	0.0
200	507.0	0.0
210	331.3333333333333	0.0
220	250.33333333333334	0.0
230	301.0	0.0
240	277.6666666666667	0.0
250	219.33333333333334	0.0
260	287.0	0.0
270	357.3333333333333	0.0
280	306.3333333333333	0.0
290	276.3333333333333	0.0
300	273.3333333333333	0.0
310	492.0	0.0
320	965.6666666666666	0.0
330	752.3333333333334	0.0
340	888.0	0.0
350	1269.6666666666667	0.0
360	1159.3333333333333	0.0
370	1255.3333333333333	0.0
380	1430.3333333333333	0.0
390	1629.0	0.0
400	1930.8333333333333	0.0
410	1713.0	1.0
420	1969.6666666666667	0.0
430	1784.6666666666667	0.0
440	1806.6666666666667	0.0
450	1515.3333333333333	0.0
460	2090.0	0.0
470	2389.0	7.0
480	1908.0	0.0
490	1993.6666666666667	0.0
500	1841.6666666666667	0.0
510	2384.6666666666665	0.0
520	1867.0	0.0
530	2368.1666666666665	0.0
540	1959.8333333333333	0.0
550	1855.8333333333333	0.0
560	2205.5	0.0
570	2214.3333333333335	0.0
580	1805.8333333333333	0.0
590	2145.5	0.0
600	2409.8333333333335	0.0
610	2000.3333333333333	0.0
620	2250.3333333333335	0.0
630	2400.0	0.0
640	2271.6666666666665	0.0
650	2553.5	0.0
660	2242.1666666666665	7.0
670	1674.3333333333333	0.0
680	2178.3333333333335	0.0
690	1833.3333333333333	0.0
700	2368.0	0.0
710	1531.6666666666667	0.0
720	2151.5	0.0
730	2495.6666666666665	0.0
740	2309.6666666666665	0.0
750	2603.0	0.0
760	2313.3333333333335	0.0
770	2359.8333333333335	0.0
780	2669.0	0.0
790	2180.0	0.0
800	2448.6666666666665	0.0
810	1740.6666666666667	0.0
820	2314.3333333333335	1.0
830	1908.6666666666667	0.0
840	2395.5	0.0
850	1822.0	0.0
860	2353.6666666666665	0.0
870	1641.0	0.0
880	2489.0	0.0
890	2499.0	0.0
900	2007.1666666666667	0.0
910	2571.0	0.0
920	2206.3333333333335	1.0
930	2127.3333333333335	0.0
940	1746.6666666666667	0.0
950	2063.0	0.0
960	2219.1666666666665	0.0
970	1922.5	0.0
980	2017.8333333333333	5.0
990	1969.1666666666667	0.0
1000	1841.6666666666667	0.0
