0	239.0	0.0
10	70.0	0.0
20	70.0	0.0
30	70.0	0.0
40	70.0	0.0
50	70.0	0.0
60	70.0	0.0
70	70.0	0.0
80	70.33333333333333	0.0
90	75.33333333333333	0.0
100	148.0	0.0
110	76.33333333333333	0.0
120	132.33333333333334	0.0
130	342.3333333333333	0.0
140	297.3333333333333	0.0
150	377.3333333333333	0.0
160	189.0	0.0
170	308.3333333333333	0.0
180	154.0	0.0
190	113.66666666666667	0.0
200	176.0	0.0
210	202.0	0.0
220	174.0	0.0
230	283.6666666666667	0.0
240	309.0	0.0
250	260.6666666666667	0.0
260	295.6666666666667	0.0
270	336.0	0.0
280	389.0	0.0
290	312.0	0.0
300	367.0	0.0
310	310.3333333333333	0.0
320	327.6666666666667	0.0
330	442.0	0.0
340	478.6666666666667	0.0
350	559.0	0.0
360	603.0	0.0
370	817.3333333333334	0.0
380	870.3333333333334	0.0
390	1237.8333333333333	0.0
400	1141.0	0.0
410	1411.8333333333333	0.0
420	2336.3333333333335	0.0
430	1739.3333333333333	14.0
440	1892.0	0.0
450	1685.5	0.0
460	2312.0	0.0
470	2331.1666666666665	0.0
480	1894.6666666666667	0.0
490	2001.3333333333333	0.0
500	2278.0	3.0
510	1857.1666666666667	5.0
520	2177.8333333333335	0.0
530	2004.6666666666667	0.0
540	2063.6666666666665	0.0
550	2300.0	2.0
560	2514.5	0.0
570	2510.6666666666665	0.0
580	2615.0	0.0
590	2501.0	0.0
600	2548.3333333333335	0.0
610	2600.6666666666665	0.0
620	2479.3333333333335	0.0
630	2405.1666666666665	0.0
640	2247.0	0.0
650	2315.3333333333335	0.0
660	2387.1666666666665	0.0
670	2464.3333333333335	0.0
680	2555.5	2.0
690	2238.3333333333335	0.0
700	2038.3333333333333	0.0
710	1824.5	0.0
720	2171.6666666666665	0.0
730	1938.8333333333333	0.0
740	2007.5	0.0
750	1764.0	0.0
760	2003.3333333333333	0.0
770	2497.0	0.0
780	2500.6666666666665	0.0
790	1973.5	0.0
800	2312.0	0.0
810	2002.0	2.0
820	2420.0	2.0
830	2084.0	0.0
840	2429.3333333333335	0.0
850	2297.6666666666665	0.0
860	2416.6666666666665	0.0
870	2509.3333333333335	0.0
880	2674.0	0.0
890	2529.5	0.0
900	2561.0	0.0
910	2223.8333333333335	3.0
920	2440.6666666666665	0.0
930	2468.6666666666665	0.0
940	2479.5	0.0
950	2411.1666666666665	0.0
960	2444.6666666666665	0.0
970	2253.0	0.0
980	2609.3333333333335	0.0
990	2621.0	0.0
1000	1914.3333333333333	0.0
