0	260.0	0.0
10	70.0	0.0
20	70.0	0.0
30	70.0	0.0
40	70.0	0.0
50	70.0	0.0
60	70.0	0.0
70	70.0	0.0
80	70.33333333333333	0.0
90	71.66666666666667	0.0
100	103.66666666666667	0.0
110	192.66666666666666	0.0
120	72.33333333333333	0.0
130	98.66666666666667	0.0
140	256.0	0.0
150	224.66666666666666	0.0
160	189.33333333333334	0.0
170	543.6666666666666	0.0
180	187.33333333333334	0.0
190	293.6666666666667	0.0
200	185.66666666666666	0.0
210	290.3333333333333	0.0
220	472.0	0.0
230	408.6666666666667	0.0
240	611.0	0.0
250	592.0	0.0
260	424.0	0.0
270	503.0	0.0
280	1003.6666666666666	0.0
290	870.8333333333334	0.0
300	779.3333333333334	0.0
310	1067.5	0.0
320	870.3333333333334	0.0
330	1430.1666666666667	0.0
340	1890.5	0.0
350	2331.3333333333335	0.0
360	2453.6666666666665	0.0
370	1713.1666666666667	0.0
380	1226.0	0.0
390	1225.3333333333333	0.0
400	1924.1666666666667	0.0
410	1745.1666666666667	0.0
420	1670.3333333333333	0.0
430	1935.8333333333333	0.0
440	1799.1666666666667	0.0
450	1886.0	0.0
460	1393.1666666666667	0.0
470	1722.3333333333333	0.0
480	1501.6666666666667	0.0
490	2027.1666666666667	0.0
500	1939.6666666666667	0.0
510	2018.3333333333333	0.0
520	1432.5	0.0
530	1668.5	0.0
540	1654.6666666666667	0.0
550	2084.1666666666665	0.0
560	2048.6666666666665	0.0
570	1598.1666666666667	0.0
580	1341.8333333333333	0.0
590	1655.5	8.0
600	1659.3333333333333	0.0
610	1383.6666666666667	0.0
620	1932.3333333333333	0.0
630	2028.3333333333333	0.0
640	1530.6666666666667	0.0
650	1587.6666666666667	0.0
660	2184.6666666666665	0.0
670	1900.8333333333333	0.0
680	1883.6666666666667	4.0
690	1864.5	0.0
700	1776.5	1.0
710	1443.6666666666667	0.0
720	2331.3333333333335	0.0
730	2141.1666666666665	0.0
740	2008.3333333333333	0.0
750	1644.5	0.0
760	1633.5	0.0
770	2383.6666666666665	0.0
780	2275.3333333333335	0.0
790	2279.3333333333335	0.0
800	2439.3333333333335	0.0
810	2283.0	0.0
820	2244.0	0.0
830	2386.0	0.0
840	2593.8333333333335	0.0
850	2395.1666666666665	0.0
860	2501.3333333333335	0.0
870	2549.1666666666665	0.0
880	2455.6666666666665	0.0
890	2369.5	0.0
900	2521.5	0.0
910	2635.5	0.0
920	1588.0	0.0
930	2048.0	0.0
940	1907.3333333333333	5.0
950	2234.6666666666665	0.0
960	1919.5	0.0
970	2053.3333333333335	0.0
980	2858.1666666666665	0.0
990	1835.6666666666667	0.0
1000	1867.0	0.0
