0	233.0	0.0
10	70.0	0.0
20	70.0	0.0
30	70.0	0.0
40	70.0	0.0
50	70.0	0.0
60	70.0	0.0
70	70.0	0.0
80	71.66666666666667	0.0
90	72.66666666666667	0.0
100	72.66666666666667	0.0
110	190.0	0.0
120	273.3333333333333	0.0
130	342.6666666666667	0.0
140	419.0	0.0
150	101.33333333333333	0.0
160	117.0	0.0
170	479.3333333333333	0.0
180	585.3333333333334	0.0
190	389.6666666666667	0.0
200	246.33333333333334	0.0
210	258.0	0.0
220	360.6666666666667	0.0
230	387.6666666666667	0.0
240	249.33333333333334	0.0
250	332.3333333333333	0.0
260	376.0	0.0
270	409.3333333333333	0.0
280	241.33333333333334	0.0
290	465.3333333333333	0.0
300	530.6666666666666	0.0
310	648.6666666666666	0.0
320	670.6666666666666	0.0
330	582.3333333333334	0.0
340	563.3333333333334	0.0
350	736.3333333333334	7.0
360	784.3333333333334	0.0
370	957.0	0.0
380	1407.1666666666667	0.0
390	1990.0	0.0
400	1421.0	0.0
410	1856.1666666666667	0.0
420	1876.3333333333333	0.0
430	1774.3333333333333	0.0
440	1390.6666666666667	0.0
450	1847.3333333333333	0.0
460	1846.8333333333333	0.0
470	1367.0	0.0
480	2366.5	0.0
490	1775.5	0.0
500	2000.8333333333333	0.0
510	2032.8333333333333	0.0
520	1744.5	0.0
530	1964.1666666666667	0.0
540	1157.0	0.0
550	1800.8333333333333	0.0
560	1840.3333333333333	0.0
570	1635.3333333333333	0.0
580	1682.0	0.0
590	1649.8333333333333	0.0
600	1788.6666666666667	0.0
610	1840.5	0.0
620	1338.5	0.0
630	1987.0	0.0
640	1635.3333333333333	0.0
650	2177.0	0.0
660	1883.5	0.0
670	2022.8333333333333	1.0
680	1951.6666666666667	0.0
690	2061.0	0.0
700	2206.8333333333335	0.0
710	1446.3333333333333	0.0
720	1414.6666666666667	0.0
730	2324.1666666666665	0.0
740	2036.8333333333333	0.0
750	1858.0	0.0
760	1884.0	0.0
770	2013.0	0.0
780	1909.0	0.0
790	1912.8333333333333	0.0
800	1764.3333333333333	0.0
810	1823.6666666666667	3.0
820	1918.0	0.0
830	2339.1666666666665	0.0
840	2299.0	1.0
850	2474.0	0.0
860	2398.1666666666665	0.0
870	2755.8333333333335	0.0
880	2337.8333333333335	13.0
890	2272.3333333333335	10.0
900	2228.8333333333335	0.0
910	2500.0	0.0
920	2493.8333333333335	1.0
930	2253.3333333333335	0.0
940	2199.0	0.0
950	2336.0	0.0
960	2305.3333333333335	0.0
970	2462.6666666666665	0.0
980	2230.0	0.0
990	2333.8333333333335	0.0
1000	2283.0	0.0
