0	232.33333333333334	0.0
10	70.0	0.0
20	70.0	0.0
30	70.0	0.0
40	70.0	0.0
50	70.0	0.0
60	70.0	0.0
70	70.0	0.0
80	70.66666666666667	0.0
90	75.66666666666667	0.0
100	81.0	0.0
110	95.66666666666667	0.0
120	119.0	0.0
130	379.3333333333333	0.0
140	206.33333333333334	0.0
150	374.0	0.0
160	317.0	0.0
170	146.66666666666666	0.0
180	133.33333333333334	0.0
190	104.0	0.0
200	118.33333333333333	0.0
210	163.33333333333334	0.0
220	683.3333333333334	0.0
230	478.6666666666667	0.0
240	556.6666666666666	0.0
250	319.6666666666667	0.0
260	277.6666666666667	0.0
270	446.3333333333333	0.0
280	410.6666666666667	0.0
290	462.3333333333333	0.0
300	397.0	0.0
310	840.6666666666666	0.0
320	1118.3333333333333	0.0
330	1451.3333333333333	0.0
340	1532.6666666666667	0.0
350	2267.6666666666665	0.0
360	2477.0	0.0
370	2363.3333333333335	0.0
380	2552.3333333333335	0.0
390	2540.1666666666665	0.0
400	2478.3333333333335	0.0
410	2479.3333333333335	0.0
420	2373.3333333333335	0.0
430	2592.0	0.0
440	2337.6666666666665	0.0
450	2511.6666666666665	0.0
460	2279.0	0.0
470	2477.6666666666665	0.0
480	2466.0	0.0
490	2309.3333333333335	0.0
500	2298.3333333333335	0.0
510	2296.3333333333335	0.0
520	2528.1666666666665	0.0
530	2346.6666666666665	0.0
540	1759.0	0.0
550	2446.0	0.0
560	2540.0	0.0
570	2446.3333333333335	0.0
580	2543.1666666666665	0.0
590	2393.6666666666665	0.0
600	2259.5	0.0
610	2365.0	0.0
620	2429.1666666666665	0.0
630	1853.5	0.0
640	1643.0	0.0
650	2026.6666666666667	0.0
660	1993.3333333333333	0.0
670	2145.6666666666665	0.0
680	2040.5	0.0
690	2041.1666666666667	0.0
700	2410.6666666666665	0.0
710	2569.0	0.0
720	2075.8333333333335	0.0
730	2461.8333333333335	0.0
740	1994.0	0.0
750	1743.6666666666667	0.0
760	2101.5	0.0
770	2068.0	0.0
780	2059.6666666666665	0.0
790	1586.0	0.0
800	2482.1666666666665	0.0
810	2046.6666666666667	0.0
820	1849.8333333333333	0.0
830	1700.6666666666667	0.0
840	1582.6666666666667	0.0
850	2340.3333333333335	0.0
860	2490.3333333333335	0.0
870	2585.1666666666665	0.0
880	2081.1666666666665	0.0
890	2527.3333333333335	0.0
900	2482.0	0.0
910	2489.0	0.0
920	2231.3333333333335	0.0
930	2440.5	0.0
940	1846.1666666666667	0.0
950	2598.5	0.0
960	2506.3333333333335	0.0
970	2355.0	0.0
980	2445.3333333333335	0.0
990	2517.6666666666665	0.0
1000	2532.6666666666665	0.0
