0	259.53333333333336	0.0
10	70.0	0.0
20	70.0	0.0
30	70.0	0.0
40	70.0	0.0
50	70.0	0.0
60	70.0	0.0
70	70.0	0.0
80	70.54444444444444	0.0
90	75.95555555555553	0.0
100	96.44444444444447	0.0
110	196.04444444444445	0.0
120	180.9222222222222	0.0
130	224.64444444444445	0.0
140	230.13333333333333	0.0
150	280.4777777777778	0.0
160	229.88888888888886	0.0
170	271.3555555555555	0.0
180	223.41111111111104	0.0
190	277.5444444444445	0.0
200	297.4333333333334	0.0
210	291.98888888888894	0.0
220	282.73333333333346	0.0
230	305.0888888888889	0.0
240	346.75555555555553	0.0
250	401.66666666666663	0.0
260	384.9111111111111	0.0
270	428.8388888888889	0.0
280	497.91666666666674	0.0
290	561.9000000000001	0.0
300	577.2777777777777	0.0
310	668.561111111111	0.0
320	761.8388888888888	0.0
330	859.122222222222	0.0
340	947.1722222222223	0.0
350	1133.7722222222221	0.0
360	1222.4611111111112	0.0
370	1351.6055555555554	0.0
380	1588.0111111111112	0.0
390	1763.338888888889	0.0
400	1713.5722222222225	0.0
410	1766.8333333333333	0.0
420	1828.577777777778	0.0
430	1933.1944444444443	0.0
440	1938.366666666667	0.0
450	1931.911111111111	0.0
460	2061.6388888888887	0.0
470	2025.4888888888886	0.0
480	1995.5888888888885	0.0
490	2032.7999999999995	0.0
500	2070.1388888888887	0.0
510	2038.5388888888888	0.0
520	1992.211111111111	0.0
530	1904.4166666666672	0.0
540	2113.844444444445	0.0
550	2049.822222222222	0.0
560	2006.6000000000001	0.0
570	2003.8333333333333	0.0
580	2057.4777777777776	0.0
590	2091.9555555555557	0.0
600	2097.35	0.0
610	2015.2888888888895	0.0
620	2028.8055555555554	0.0
630	2059.45	0.0
640	2130.883333333333	0.0
650	2112.0388888888892	0.0
660	2112.427777777778	0.0
670	2099.027777777778	0.0
680	2203.6999999999994	0.0
690	2129.9333333333334	0.0
700	2142.2722222222224	0.0
710	2155.7388888888886	0.0
720	2208.9222222222224	0.0
730	2303.0	0.0
740	2240.005555555556	0.0
750	2184.2555555555555	0.0
760	2257.261111111111	0.0
770	2302.944444444445	0.0
780	2260.55	0.0
790	2281.777777777778	0.0
800	2182.066666666667	0.0
810	2213.288888888889	0.0
820	2163.7388888888895	0.0
830	2254.2944444444447	0.0
840	2227.8722222222223	0.0
850	2158.7111111111117	0.0
860	2160.2555555555555	0.0
870	2239.161111111111	0.0
880	2272.127777777778	0.0
890	2229.1222222222223	0.0
900	2239.7722222222224	0.0
910	2267.1222222222223	0.0
920	2183.733333333333	0.0
930	2231.016666666666	0.0
940	2284.333333333334	0.0
950	2210.6888888888893	0.0
960	2239.922222222222	0.0
970	2226.927777777778	0.0
980	2262.183333333333	0.0
990	2237.922222222222	0.0
1000	2142.4166666666665	0.0
