0	282.3333333333333	0.0
10	70.0	0.0
20	70.0	0.0
30	70.0	0.0
40	70.0	0.0
50	70.0	0.0
60	70.0	0.0
70	70.0	0.0
80	70.66666666666667	0.0
90	98.66666666666667	0.0
100	73.66666666666667	0.0
110	177.66666666666666	0.0
120	89.33333333333333	0.0
130	92.66666666666667	0.0
140	416.6666666666667	0.0
150	242.66666666666666	0.0
160	313.3333333333333	0.0
170	378.3333333333333	0.0
180	165.33333333333334	0.0
190	313.0	0.0
200	279.3333333333333	0.0
210	275.0	0.0
220	357.3333333333333	0.0
230	310.0	0.0
240	360.6666666666667	0.0
250	351.6666666666667	0.0
260	334.3333333333333	0.0
270	363.6666666666667	0.0
280	316.3333333333333	0.0
290	495.0	0.0
300	492.0	0.0
310	681.3333333333334	0.0
320	575.0	0.0
330	780.3333333333334	0.0
340	815.3333333333334	0.0
350	764.0	0.0
360	1203.3333333333333	0.0
370	984.0	0.0
380	923.5	0.0
390	1487.6666666666667	0.0
400	1416.0	0.0
410	1543.6666666666667	0.0
420	1773.1666666666667	0.0
430	1770.3333333333333	0.0
440	2091.5	0.0
450	1452.3333333333333	0.0
460	1797.3333333333333	0.0
470	1827.6666666666667	0.0
480	1897.1666666666667	0.0
490	1412.5	0.0
500	1982.0	0.0
510	1631.3333333333333	0.0
520	2484.8333333333335	0.0
530	2406.5	0.0
540	2212.5	0.0
550	2250.3333333333335	0.0
560	1630.6666666666667	0.0
570	2715.6666666666665	0.0
580	2532.8333333333335	0.0
590	2286.3333333333335	0.0
600	2403.3333333333335	0.0
610	2764.1666666666665	0.0
620	2388.6666666666665	0.0
630	2739.6666666666665	0.0
640	2301.0	0.0
650	2644.3333333333335	0.0
660	2317.3333333333335	0.0
670	2272.3333333333335	0.0
680	2394.1666666666665	0.0
690	2446.6666666666665	0.0
700	2374.0	0.0
710	1601.5	0.0
720	2192.6666666666665	0.0
730	2475.3333333333335	0.0
740	2536.1666666666665	0.0
750	1635.5	0.0
760	1977.3333333333333	0.0
770	1594.6666666666667	0.0
780	2319.6666666666665	0.0
790	2578.0	0.0
800	1952.5	0.0
810	1824.1666666666667	0.0
820	2408.3333333333335	0.0
830	2254.6666666666665	0.0
840	2440.6666666666665	0.0
850	1939.8333333333333	0.0
860	1717.1666666666667	0.0
870	2008.0	0.0
880	2426.8333333333335	0.0
890	2360.6666666666665	0.0
900	2065.5	0.0
910	2337.6666666666665	0.0
920	1990.8333333333333	0.0
930	2026.3333333333333	0.0
940	2453.3333333333335	0.0
950	1908.0	0.0
960	1969.3333333333333	0.0
970	2056.0	0.0
980	1902.3333333333333	0.0
990	2224.1666666666665	0.0
1000	2274.3333333333335	0.0
