0	252.33333333333334	0.0
10	70.0	15.0
20	70.0	0.0
30	70.0	1.0
40	70.0	14.0
50	70.0	20.0
60	70.0	7.0
70	70.0	2.0
80	70.0	0.0
90	72.33333333333333	3.0
100	117.0	5.0
110	158.66666666666666	9.0
120	168.0	66.0
130	182.66666666666666	53.0
140	110.0	351.0
150	134.33333333333334	98.0
160	679.6666666666666	356.0
170	133.66666666666666	0.0
180	642.6666666666666	0.0
190	1287.0	0.0
200	2293.3333333333335	0.0
210	1897.3333333333333	0.0
220	1952.6666666666667	0.0
230	1899.6666666666667	0.0
240	1941.0	0.0
250	2292.3333333333335	0.0
260	1949.0	0.0
270	2006.6666666666667	0.0
280	1922.3333333333333	0.0
290	2227.6666666666665	0.0
300	2377.0	0.0
310	2099.0	0.0
320	2332.0	0.0
330	2129.1666666666665	0.0
340	2443.1666666666665	0.0
350	2476.3333333333335	0.0
360	2306.3333333333335	0.0
370	2401.6666666666665	0.0
380	2349.6666666666665	0.0
390	2425.8333333333335	0.0
400	2586.6666666666665	0.0
410	2343.3333333333335	0.0
420	2568.3333333333335	0.0
430	2439.1666666666665	0.0
440	1829.5	0.0
450	1435.0	0.0
460	2359.1666666666665	0.0
470	1623.6666666666667	0.0
480	1905.0	0.0
490	2042.0	0.0
500	1763.6666666666667	0.0
510	1960.3333333333333	0.0
520	1746.5	0.0
530	1629.6666666666667	0.0
540	2340.0	0.0
550	2053.6666666666665	0.0
560	2329.6666666666665	0.0
570	2404.5	0.0
580	2501.3333333333335	0.0
590	2263.0	0.0
600	2195.6666666666665	0.0
