0	276.3333333333333	0.0
10	146.66666666666666	1000.0
20	131.0	0.0
30	132.33333333333334	0.0
40	147.66666666666666	0.0
50	189.66666666666666	0.0
60	76.33333333333333	0.0
70	147.0	0.0
80	1219.0	0.0
90	1478.6666666666667	0.0
100	1900.0	0.0
110	2020.5	0.0
120	2013.0	0.0
130	2127.8333333333335	0.0
140	2049.6666666666665	0.0
150	2275.0	0.0
160	2407.0	0.0
170	2589.0	0.0
180	2346.6666666666665	0.0
190	2000.8333333333333	0.0
200	2133.1666666666665	0.0
210	2535.5	0.0
220	2192.1666666666665	0.0
230	2015.6666666666667	0.0
240	2419.3333333333335	0.0
250	2316.6666666666665	0.0
260	2479.6666666666665	0.0
270	2341.6666666666665	0.0
280	2499.5	0.0
290	2181.8333333333335	0.0
300	2315.0	0.0
310	2476.8333333333335	0.0
320	2397.3333333333335	0.0
330	2406.6666666666665	0.0
340	2619.3333333333335	0.0
350	2347.3333333333335	0.0
360	2379.3333333333335	0.0
370	2191.6666666666665	0.0
380	2512.1666666666665	0.0
390	2434.0	0.0
400	1694.1666666666667	0.0
410	1791.3333333333333	0.0
420	1389.0	0.0
430	1728.0	0.0
440	1427.6666666666667	0.0
450	1906.8333333333333	0.0
460	1248.6666666666667	0.0
470	1736.6666666666667	0.0
480	1670.8333333333333	0.0
490	1546.0	0.0
500	1892.0	0.0
510	1724.3333333333333	0.0
520	2050.8333333333335	0.0
530	1516.3333333333333	0.0
540	1935.6666666666667	0.0
550	1733.3333333333333	0.0
560	2303.8333333333335	0.0
570	1195.0	0.0
580	1711.5	0.0
590	2049.1666666666665	0.0
600	2252.5	0.0
610	1952.3333333333333	0.0
620	1653.6666666666667	0.0
630	2022.0	0.0
640	1575.0	0.0
650	2035.0	0.0
660	1961.0	0.0
670	1828.6666666666667	0.0
680	2485.3333333333335	0.0
690	2415.3333333333335	0.0
700	2065.5	0.0
710	2542.3333333333335	0.0
720	2377.1666666666665	0.0
730	2406.0	0.0
740	2447.6666666666665	0.0
750	2383.6666666666665	0.0
760	2377.0	0.0
770	2502.8333333333335	0.0
780	2381.6666666666665	0.0
790	2145.5	0.0
800	2534.8333333333335	0.0
810	2717.1666666666665	0.0
820	2248.0	0.0
830	2340.0	0.0
840	2273.3333333333335	0.0
850	2397.3333333333335	0.0
860	2331.3333333333335	0.0
870	2638.6666666666665	0.0
880	2358.6666666666665	0.0
890	2353.6666666666665	0.0
900	2413.0	0.0
910	2284.6666666666665	0.0
920	2548.8333333333335	0.0
930	2257.0	0.0
940	2332.0	0.0
950	2040.6666666666667	0.0
960	2520.5	0.0
970	1466.1666666666667	0.0
980	1682.0	0.0
990	1707.0	0.0
1000	1808.6666666666667	0.0
