0	255.33333333333334	0.0
10	70.0	1000.0
20	70.0	0.0
30	70.0	0.0
40	70.0	0.0
50	70.0	0.0
60	70.0	0.0
70	70.33333333333333	0.0
80	73.33333333333333	0.0
90	73.33333333333333	0.0
100	420.3333333333333	0.0
110	71.66666666666667	0.0
120	138.0	0.0
130	323.6666666666667	0.0
140	109.33333333333333	0.0
150	638.8333333333334	0.0
160	336.6666666666667	0.0
170	303.6666666666667	0.0
180	473.0	0.0
190	383.3333333333333	0.0
200	278.3333333333333	0.0
210	387.3333333333333	0.0
220	750.3333333333334	0.0
230	506.0	0.0
240	385.6666666666667	0.0
250	318.6666666666667	0.0
260	350.6666666666667	0.0
270	522.3333333333334	0.0
280	539.3333333333334	0.0
290	465.3333333333333	0.0
300	1173.6666666666667	0.0
310	1498.8333333333333	0.0
320	2545.1666666666665	0.0
330	2263.3333333333335	0.0
340	2362.5	0.0
350	2423.0	0.0
360	2526.3333333333335	0.0
370	2732.6666666666665	0.0
380	2306.8333333333335	0.0
390	2913.5	0.0
400	2213.8333333333335	0.0
410	2155.5	0.0
420	2126.5	0.0
430	2413.6666666666665	0.0
440	2128.6666666666665	0.0
450	2488.3333333333335	0.0
460	2463.6666666666665	0.0
470	2169.6666666666665	0.0
480	2349.6666666666665	0.0
490	2408.0	0.0
500	2306.3333333333335	0.0
510	2400.0	0.0
520	2215.3333333333335	0.0
530	2540.6666666666665	0.0
540	2567.0	0.0
550	2036.8333333333333	0.0
560	1841.3333333333333	0.0
570	1610.3333333333333	0.0
580	2287.0	0.0
590	2509.5	0.0
600	1416.0	0.0
610	2085.6666666666665	0.0
620	2395.3333333333335	0.0
630	2385.3333333333335	0.0
640	2230.6666666666665	0.0
650	2328.6666666666665	0.0
660	2575.3333333333335	0.0
670	1764.0	0.0
680	1947.5	0.0
690	1651.0	0.0
700	2214.5	0.0
710	2140.3333333333335	0.0
720	1989.5	0.0
730	1579.0	0.0
740	1922.3333333333333	0.0
750	2463.0	0.0
760	2391.0	0.0
770	2107.8333333333335	0.0
780	2325.0	0.0
790	2145.1666666666665	0.0
800	2485.0	0.0
810	2601.8333333333335	0.0
820	2422.1666666666665	0.0
830	2204.8333333333335	0.0
840	2011.6666666666667	0.0
850	2015.3333333333333	0.0
860	1670.3333333333333	0.0
870	2603.3333333333335	0.0
880	1839.0	0.0
890	1684.3333333333333	0.0
900	2612.6666666666665	0.0
910	2493.6666666666665	0.0
920	2449.6666666666665	0.0
930	1679.1666666666667	0.0
940	1619.0	0.0
950	2422.3333333333335	0.0
960	2495.0	0.0
970	2461.5	0.0
980	2248.5	0.0
990	2449.0	0.0
1000	2423.6666666666665	0.0
