0	249.0	0.0
10	70.0	1000.0
20	70.0	0.0
30	70.0	0.0
40	70.0	0.0
50	70.0	0.0
60	70.0	0.0
70	73.33333333333333	0.0
80	75.0	0.0
90	406.0	0.0
100	671.6666666666666	0.0
110	402.3333333333333	0.0
120	354.0	0.0
130	165.0	0.0
140	287.0	0.0
150	129.66666666666666	0.0
160	428.3333333333333	0.0
170	429.6666666666667	0.0
180	313.3333333333333	0.0
190	313.3333333333333	0.0
200	355.6666666666667	0.0
210	386.6666666666667	0.0
220	334.3333333333333	0.0
230	327.3333333333333	0.0
240	490.6666666666667	0.0
250	381.0	0.0
260	438.6666666666667	0.0
270	410.3333333333333	0.0
280	503.6666666666667	0.0
290	436.6666666666667	0.0
300	552.6666666666666	0.0
310	716.6666666666666	0.0
320	1259.5	0.0
330	1824.8333333333333	0.0
340	1459.5	0.0
350	2353.1666666666665	0.0
360	1885.0	0.0
370	1932.1666666666667	0.0
380	2496.6666666666665	0.0
390	2505.3333333333335	0.0
400	2236.0	0.0
410	2265.0	0.0
420	2474.5	0.0
430	2359.6666666666665	0.0
440	2383.6666666666665	0.0
450	2298.0	0.0
460	2499.0	0.0
470	2331.6666666666665	0.0
480	2266.3333333333335	0.0
490	2290.0	0.0
500	2101.1666666666665	0.0
510	1909.1666666666667	0.0
520	2048.3333333333335	0.0
530	2063.3333333333335	0.0
540	2158.0	0.0
550	2229.1666666666665	0.0
560	1946.1666666666667	0.0
570	1780.5	0.0
580	2348.0	0.0
590	2436.3333333333335	0.0
600	1808.1666666666667	0.0
610	2287.3333333333335	0.0
620	2165.0	0.0
630	2245.6666666666665	0.0
640	1791.8333333333333	0.0
650	2631.8333333333335	0.0
660	2015.6666666666667	0.0
670	2010.6666666666667	0.0
680	1714.0	0.0
690	2298.6666666666665	0.0
700	1765.1666666666667	0.0
710	1696.1666666666667	0.0
720	2541.6666666666665	0.0
730	2575.0	0.0
740	2354.3333333333335	0.0
750	2416.0	0.0
760	2639.3333333333335	0.0
770	2316.3333333333335	0.0
780	2386.8333333333335	0.0
790	1910.3333333333333	0.0
800	2064.3333333333335	0.0
810	1692.0	0.0
820	2380.6666666666665	0.0
830	1876.3333333333333	0.0
840	1801.6666666666667	0.0
850	2365.6666666666665	0.0
860	2141.5	0.0
870	2520.8333333333335	0.0
880	1807.6666666666667	0.0
890	1273.6666666666667	0.0
900	2426.1666666666665	0.0
910	2371.3333333333335	0.0
920	2618.1666666666665	0.0
930	2641.6666666666665	0.0
940	2431.3333333333335	0.0
950	2389.3333333333335	0.0
960	2528.6666666666665	0.0
970	2334.3333333333335	0.0
980	2422.5	0.0
990	2324.6666666666665	0.0
1000	2535.5	0.0
