0	277.0	0.0
10	2171.0	1000.0
20	2163.3333333333335	0.0
30	1927.1666666666667	0.0
40	2139.8333333333335	0.0
50	2224.0	0.0
60	2081.6666666666665	0.0
70	2029.6666666666667	0.0
80	1936.1666666666667	0.0
90	2015.5	0.0
100	1994.6666666666667	0.0
110	2182.0	0.0
120	2119.0	0.0
130	2019.5	0.0
140	2104.6666666666665	0.0
150	2304.6666666666665	0.0
160	2260.3333333333335	0.0
170	2142.6666666666665	0.0
180	2235.8333333333335	0.0
190	2296.3333333333335	0.0
200	2050.8333333333335	0.0
210	2341.8333333333335	0.0
220	2419.8333333333335	0.0
230	2424.1666666666665	0.0
240	2524.6666666666665	0.0
250	2495.0	0.0
260	2179.3333333333335	0.0
270	2477.0	0.0
280	2532.3333333333335	0.0
290	2421.6666666666665	0.0
300	2685.6666666666665	0.0
310	2618.8333333333335	0.0
320	2568.1666666666665	0.0
330	2432.5	0.0
340	2646.6666666666665	0.0
350	2648.6666666666665	0.0
360	2540.3333333333335	0.0
370	2555.1666666666665	0.0
380	2639.8333333333335	0.0
390	2617.8333333333335	0.0
400	2417.8333333333335	0.0
410	2468.1666666666665	0.0
420	2471.8333333333335	0.0
430	2610.3333333333335	0.0
440	2632.1666666666665	0.0
450	2891.0	0.0
460	2592.8333333333335	0.0
470	2887.1666666666665	0.0
480	2645.6666666666665	0.0
490	2654.5	0.0
500	2476.5	0.0
