0	245.0
10	70.0
20	70.0
30	70.0
40	70.0
50	70.0
60	70.0
70	70.0
80	70.0
90	70.0
100	70.0
110	70.0
120	70.0
130	70.0
140	70.0
150	70.0
160	70.0
170	70.0
180	70.0
190	70.33333333333333
200	71.33333333333333
210	78.0
220	74.0
230	92.66666666666667
240	186.0
250	211.66666666666666
260	185.66666666666666
270	158.33333333333334
280	177.0
290	139.0
300	130.0
310	154.0
320	191.66666666666666
330	162.66666666666666
340	170.33333333333334
350	217.66666666666666
360	181.66666666666666
370	154.33333333333334
380	145.66666666666666
390	177.0
400	144.66666666666666
410	175.33333333333334
420	187.0
430	482.3333333333333
440	677.0
450	866.6666666666666
460	764.0
470	1014.6666666666666
480	945.0
490	1339.0
500	1943.3333333333333
510	1750.6666666666667
520	1719.6666666666667
530	1331.0
540	2004.3333333333333
550	2138.0
560	2287.0
570	2319.8333333333335
580	2239.6666666666665
590	2310.6666666666665
600	2194.5
