0	337.3333333333333	0.0
10	70.0	0.0
20	70.0	0.0
30	70.0	0.0
40	70.0	0.0
50	70.0	0.0
60	70.0	0.0
70	70.0	0.0
80	70.0	0.0
90	70.0	0.0
100	70.0	0.0
110	70.0	0.0
120	70.0	0.0
130	70.0	0.0
140	70.0	0.0
150	70.0	0.0
160	70.0	0.0
170	70.33333333333333	0.0
180	70.0	0.0
190	76.66666666666667	0.0
200	70.33333333333333	0.0
210	75.0	0.0
220	70.0	0.0
230	70.66666666666667	0.0
240	97.33333333333333	0.0
250	155.0	0.0
260	124.66666666666667	0.0
270	201.33333333333334	0.0
280	213.66666666666666	0.0
290	168.33333333333334	0.0
300	153.0	0.0
310	238.33333333333334	0.0
320	155.66666666666666	0.0
330	147.0	0.0
340	169.0	0.0
350	172.66666666666666	0.0
360	210.0	0.0
370	163.33333333333334	0.0
380	154.0	0.0
390	163.66666666666666	0.0
400	171.0	0.0
410	178.0	0.0
420	138.0	0.0
430	146.0	0.0
440	305.6666666666667	0.0
450	299.0	0.0
460	388.0	0.0
470	386.0	0.0
480	889.1666666666666	0.0
490	817.6666666666666	0.0
500	768.0	0.0
510	1046.3333333333333	0.0
520	1151.0	0.0
530	1123.6666666666667	0.0
540	1094.3333333333333	0.0
550	1529.6666666666667	0.0
560	1424.0	0.0
570	1391.6666666666667	0.0
580	1380.3333333333333	0.0
590	1782.0	0.0
600	1766.5	0.0
610	1981.3333333333333	0.0
620	1875.1666666666667	0.0
630	2054.3333333333335	0.0
640	2056.3333333333335	0.0
650	2114.6666666666665	0.0
660	1671.6666666666667	0.0
670	1854.3333333333333	0.0
680	2076.0	0.0
690	2119.3333333333335	0.0
700	2130.0	0.0
710	2169.6666666666665	0.0
720	2336.3333333333335	0.0
730	2514.3333333333335	0.0
740	2132.6666666666665	0.0
750	2376.3333333333335	0.0
760	2370.0	0.0
770	2253.0	0.0
780	2623.3333333333335	0.0
790	2202.3333333333335	0.0
800	2422.5	0.0
