0	229.33333333333334	0.0
10	70.0	0.0
20	70.0	0.0
30	70.0	0.0
40	70.0	0.0
50	70.0	0.0
60	70.0	0.0
70	70.0	0.0
80	70.0	0.0
90	70.0	0.0
100	70.0	0.0
110	70.0	0.0
120	70.0	0.0
130	70.0	0.0
140	70.0	0.0
150	70.0	0.0
160	70.0	0.0
170	70.0	0.0
180	70.0	0.0
190	70.0	0.0
200	71.66666666666667	0.0
210	73.66666666666667	0.0
220	74.66666666666667	0.0
230	70.0	0.0
240	136.33333333333334	0.0
250	93.66666666666667	0.0
260	183.33333333333334	0.0
270	106.66666666666667	0.0
280	128.0	0.0
290	161.66666666666666	0.0
300	198.33333333333334	0.0
310	177.0	0.0
320	154.33333333333334	0.0
330	138.0	0.0
340	154.0	0.0
350	140.0	0.0
360	177.0	0.0
370	180.33333333333334	0.0
380	130.0	0.0
390	130.0	0.0
400	131.0	0.0
410	166.0	0.0
420	538.0	0.0
430	777.3333333333334	0.0
440	543.6666666666666	0.0
450	985.3333333333334	0.0
460	1046.0	0.0
470	918.6666666666666	0.0
480	850.6666666666666	0.0
490	699.3333333333334	0.0
500	1105.0	0.0
510	1322.3333333333333	0.0
520	1674.0	0.0
530	2124.6666666666665	0.0
540	1547.1666666666667	0.0
550	1885.5	0.0
560	2158.3333333333335	0.0
570	2145.0	0.0
580	2268.6666666666665	0.0
590	2178.3333333333335	0.0
600	2095.6666666666665	0.0
610	2228.0	0.0
620	2333.5	0.0
630	2439.3333333333335	0.0
640	2331.3333333333335	0.0
650	2187.0	0.0
660	2357.0	0.0
670	2239.0	0.0
680	2193.0	0.0
690	2575.3333333333335	0.0
700	2275.3333333333335	0.0
710	2398.6666666666665	0.0
720	2355.1666666666665	0.0
730	2560.5	0.0
740	2470.0	0.0
750	2345.0	0.0
760	2646.0	0.0
770	2415.3333333333335	0.0
780	2409.3333333333335	0.0
790	2620.0	0.0
800	2550.1666666666665	0.0
