0	274.0	0.0
10	130.0	1000.0
20	131.66666666666666	0.0
30	130.0	0.0
40	130.0	0.0
50	130.0	0.0
60	130.0	0.0
70	130.0	0.0
80	162.66666666666666	0.0
90	167.33333333333334	0.0
100	136.0	0.0
110	595.0	0.0
120	520.0	0.0
130	767.0	0.0
140	1082.6666666666667	0.0
150	1011.0	0.0
160	1123.3333333333333	0.0
170	994.3333333333334	0.0
180	1698.6666666666667	0.0
190	1549.0	0.0
200	1274.6666666666667	0.0
210	1848.6666666666667	0.0
220	1825.5	0.0
230	2081.0	0.0
240	2255.3333333333335	0.0
250	2201.3333333333335	0.0
260	2241.3333333333335	0.0
270	2377.8333333333335	0.0
280	2249.6666666666665	0.0
290	2128.6666666666665	0.0
300	2134.6666666666665	0.0
310	2179.1666666666665	0.0
320	2118.6666666666665	0.0
330	2093.3333333333335	0.0
340	2163.5	0.0
350	2378.0	0.0
360	2247.6666666666665	0.0
370	2255.6666666666665	0.0
380	2487.3333333333335	0.0
390	2410.0	0.0
400	2347.6666666666665	0.0
410	2383.0	0.0
420	2717.3333333333335	0.0
430	2457.6666666666665	0.0
440	2447.0	0.0
450	2451.0	0.0
460	2450.0	0.0
470	2334.3333333333335	0.0
480	2571.0	0.0
490	2681.6666666666665	0.0
500	2620.6666666666665	0.0
510	2654.1666666666665	0.0
520	2647.6666666666665	0.0
530	2607.5	0.0
540	2407.3333333333335	0.0
550	2743.0	0.0
560	2296.6666666666665	0.0
570	1988.6666666666667	0.0
580	2011.0	0.0
590	2662.5	0.0
600	2011.8333333333333	0.0
610	2476.5	0.0
620	2841.1666666666665	0.0
630	2655.0	0.0
640	2613.3333333333335	0.0
650	2355.3333333333335	0.0
660	2712.6666666666665	0.0
670	1861.3333333333333	0.0
680	2619.6666666666665	0.0
690	2402.6666666666665	0.0
700	2422.3333333333335	0.0
710	2894.0	0.0
720	2788.5	0.0
730	2783.5	0.0
740	2851.8333333333335	0.0
750	2077.3333333333335	0.0
760	2704.1666666666665	0.0
770	2689.1666666666665	0.0
780	2710.0	0.0
790	2511.5	0.0
800	2090.6666666666665	0.0
