0	280.0	0.0
10	70.0	1000.0
20	70.0	0.0
30	70.0	0.0
40	70.0	0.0
50	70.0	0.0
60	70.0	0.0
70	70.0	0.0
80	70.0	0.0
90	70.0	0.0
100	70.0	0.0
110	70.0	0.0
120	70.0	0.0
130	70.0	0.0
140	70.0	0.0
150	70.0	0.0
160	70.0	0.0
170	70.66666666666667	0.0
180	70.33333333333333	0.0
190	70.66666666666667	0.0
200	73.33333333333333	0.0
210	71.66666666666667	0.0
220	71.66666666666667	0.0
230	91.33333333333333	0.0
240	130.33333333333334	0.0
250	94.0	0.0
260	157.33333333333334	0.0
270	183.33333333333334	0.0
280	383.6666666666667	0.0
290	403.3333333333333	0.0
300	192.66666666666666	0.0
310	289.0	0.0
320	183.66666666666666	0.0
330	255.66666666666666	0.0
340	285.3333333333333	0.0
350	270.6666666666667	0.0
360	262.3333333333333	0.0
370	215.0	0.0
380	307.0	0.0
390	160.66666666666666	0.0
400	264.3333333333333	0.0
410	266.3333333333333	0.0
420	401.6666666666667	0.0
430	228.66666666666666	0.0
440	263.6666666666667	0.0
450	315.6666666666667	0.0
460	317.3333333333333	0.0
470	333.0	0.0
480	300.3333333333333	0.0
490	421.0	0.0
500	407.3333333333333	0.0
510	540.3333333333334	0.0
520	677.3333333333334	0.0
530	503.6666666666667	0.0
540	748.0	0.0
550	942.6666666666666	0.0
560	1255.5	0.0
570	969.0	0.0
580	904.3333333333334	0.0
590	1112.6666666666667	0.0
600	1478.1666666666667	0.0
610	1594.8333333333333	0.0
620	1318.0	0.0
630	1862.6666666666667	0.0
640	2076.3333333333335	0.0
650	2008.1666666666667	0.0
660	2063.3333333333335	0.0
670	2565.8333333333335	0.0
680	2256.1666666666665	0.0
690	2225.0	0.0
700	1748.0	0.0
710	2263.0	0.0
720	2070.6666666666665	0.0
730	2475.8333333333335	0.0
740	2673.6666666666665	0.0
750	2475.6666666666665	0.0
760	2309.1666666666665	0.0
770	2362.1666666666665	0.0
780	2443.6666666666665	0.0
790	2316.1666666666665	0.0
800	2472.0	0.0
