0	302.6666666666667	0.0
10	70.0	0.0
20	70.0	0.0
30	70.0	0.0
40	70.0	0.0
50	70.0	0.0
60	70.0	0.0
70	70.0	0.0
80	70.33333333333333	0.0
90	82.0	0.0
100	110.33333333333333	0.0
110	180.66666666666666	0.0
120	155.0	0.0
130	285.3333333333333	0.0
140	352.0	0.0
150	170.33333333333334	0.0
160	219.0	0.0
170	162.66666666666666	0.0
180	404.0	0.0
190	158.33333333333334	0.0
200	157.0	0.0
210	250.0	0.0
220	269.6666666666667	0.0
230	272.6666666666667	0.0
240	208.66666666666666	0.0
250	211.66666666666666	0.0
260	227.0	0.0
270	294.3333333333333	0.0
280	372.0	0.0
290	496.6666666666667	0.0
300	405.0	0.0
310	346.6666666666667	0.0
320	581.6666666666666	0.0
330	598.0	0.0
340	859.3333333333334	0.0
350	736.5	0.0
360	1317.6666666666667	0.0
370	1412.3333333333333	0.0
380	1159.0	0.0
390	2045.3333333333333	0.0
400	2160.8333333333335	0.0
410	1975.3333333333333	0.0
420	1968.3333333333333	0.0
430	1886.5	0.0
440	1658.3333333333333	0.0
450	1589.0	0.0
460	1784.1666666666667	0.0
470	1463.3333333333333	0.0
480	2178.5	0.0
490	2134.5	0.0
500	1726.0	0.0
510	1504.6666666666667	0.0
520	2047.8333333333333	0.0
530	1668.1666666666667	0.0
540	2037.0	0.0
550	1996.3333333333333	0.0
560	2027.0	0.0
570	1619.1666666666667	0.0
580	1697.6666666666667	0.0
590	2029.1666666666667	0.0
600	2092.6666666666665	0.0
