0	236.66666666666666	0.0
10	103.0	737.0
20	100.0	281.0
30	143.33333333333334	0.0
40	142.33333333333334	0.0
50	103.33333333333333	0.0
60	120.0	0.0
70	416.3333333333333	0.0
80	394.0	0.0
90	479.3333333333333	0.0
100	529.0	0.0
110	604.3333333333334	0.0
120	538.6666666666666	0.0
130	770.3333333333334	0.0
140	742.6666666666666	0.0
150	1014.6666666666666	0.0
160	1173.0	0.0
170	1561.3333333333333	0.0
180	1641.3333333333333	0.0
190	1388.0	0.0
200	1600.3333333333333	0.0
210	1443.3333333333333	0.0
220	2317.0	0.0
230	2176.3333333333335	0.0
240	2270.8333333333335	0.0
250	2102.5	0.0
260	2210.3333333333335	0.0
270	2222.0	0.0
280	2061.0	0.0
290	2121.3333333333335	0.0
300	2272.0	0.0
310	2186.8333333333335	0.0
320	2140.6666666666665	0.0
330	2525.1666666666665	0.0
340	2564.5	0.0
350	2581.6666666666665	0.0
360	2628.8333333333335	0.0
370	2528.8333333333335	0.0
380	2384.8333333333335	0.0
390	2343.0	0.0
400	2593.1666666666665	0.0
410	2803.8333333333335	0.0
420	2331.6666666666665	0.0
430	2595.3333333333335	0.0
440	2573.5	0.0
450	2654.3333333333335	0.0
460	2345.5	0.0
470	2257.6666666666665	0.0
480	2561.1666666666665	0.0
490	2334.5	0.0
500	2544.6666666666665	0.0
510	2621.1666666666665	0.0
520	2691.3333333333335	0.0
530	2507.3333333333335	0.0
540	2377.6666666666665	0.0
550	2437.1666666666665	0.0
560	2592.8333333333335	0.0
570	2528.3333333333335	0.0
580	2594.5	0.0
590	2619.0	0.0
600	1993.0	0.0
610	2461.0	0.0
620	2658.8333333333335	0.0
630	2418.3333333333335	0.0
640	2439.3333333333335	0.0
650	2424.1666666666665	0.0
660	2508.6666666666665	0.0
670	2657.0	0.0
680	2575.0	0.0
690	2060.6666666666665	0.0
700	2071.3333333333335	0.0
710	2068.3333333333335	0.0
720	2116.3333333333335	0.0
730	2548.8333333333335	0.0
740	1673.3333333333333	0.0
750	1873.0	0.0
760	2392.6666666666665	0.0
770	1903.3333333333333	0.0
780	2503.0	0.0
790	2395.5	0.0
800	2160.6666666666665	0.0
