0	251.0	0.0
10	70.0	190.0
20	70.0	111.0
30	70.0	137.0
40	70.0	135.0
50	70.0	126.0
60	70.0	131.0
70	70.0	120.0
80	70.0	50.0
90	70.0	0.0
100	70.0	0.0
110	70.0	0.0
120	70.0	0.0
130	70.0	0.0
140	70.0	0.0
150	70.0	0.0
160	70.0	0.0
170	70.0	0.0
180	70.66666666666667	0.0
190	72.33333333333333	0.0
200	70.66666666666667	0.0
210	77.66666666666667	0.0
220	72.33333333333333	0.0
230	70.66666666666667	0.0
240	71.33333333333333	0.0
250	149.0	0.0
260	121.66666666666667	0.0
270	169.0	0.0
280	169.66666666666666	0.0
290	233.66666666666666	0.0
300	141.0	0.0
310	129.66666666666666	0.0
320	129.33333333333334	0.0
330	138.0	0.0
340	155.0	0.0
350	130.33333333333334	0.0
360	138.0	0.0
370	162.0	0.0
380	209.33333333333334	0.0
390	163.33333333333334	0.0
400	130.0	0.0
410	244.0	0.0
420	203.66666666666666	0.0
430	254.0	0.0
440	231.33333333333334	0.0
450	249.33333333333334	0.0
460	511.0	0.0
470	386.3333333333333	0.0
480	453.0	0.0
490	342.3333333333333	0.0
500	422.3333333333333	0.0
510	389.3333333333333	0.0
520	439.6666666666667	0.0
530	357.6666666666667	0.0
540	537.0	0.0
550	683.6666666666666	0.0
560	1104.0	0.0
570	576.3333333333334	0.0
580	651.6666666666666	0.0
590	587.8333333333334	0.0
600	1488.0	0.0
610	821.3333333333334	0.0
620	1345.3333333333333	0.0
630	1802.3333333333333	0.0
640	2247.8333333333335	0.0
650	1916.3333333333333	0.0
660	2552.0	0.0
670	2200.6666666666665	0.0
680	1349.5	0.0
690	1409.8333333333333	0.0
700	1592.5	0.0
710	1948.6666666666667	0.0
720	2226.3333333333335	0.0
730	2103.0	0.0
740	2315.8333333333335	0.0
750	2438.6666666666665	0.0
760	2285.8333333333335	0.0
770	2432.0	0.0
780	2299.6666666666665	0.0
790	2333.0	0.0
800	2488.8333333333335	0.0
810	2058.0	0.0
820	2449.3333333333335	0.0
830	2361.0	0.0
840	1820.0	0.0
850	2598.0	0.0
860	2555.8333333333335	0.0
870	2665.0	0.0
880	2381.6666666666665	0.0
890	2260.3333333333335	0.0
900	2621.5	0.0
910	2744.5	0.0
920	2377.3333333333335	0.0
930	2686.8333333333335	0.0
940	2520.3333333333335	0.0
950	2723.1666666666665	0.0
960	2438.0	0.0
970	2575.6666666666665	0.0
980	2639.5	0.0
990	2444.6666666666665	0.0
1000	2538.0	0.0
