0	269.0	0.0
10	70.0	0.0
20	70.0	0.0
30	70.0	0.0
40	70.0	0.0
50	70.0	0.0
60	70.0	0.0
70	70.0	0.0
80	70.66666666666667	0.0
90	73.66666666666667	0.0
100	76.0	0.0
110	149.33333333333334	0.0
120	160.33333333333334	0.0
130	73.0	0.0
140	251.66666666666666	0.0
150	492.6666666666667	0.0
160	177.66666666666666	0.0
170	175.33333333333334	0.0
180	138.66666666666666	0.0
190	159.66666666666666	0.0
200	296.6666666666667	0.0
210	179.0	0.0
220	237.0	0.0
230	442.3333333333333	0.0
240	500.3333333333333	0.0
250	886.0	0.0
260	748.6666666666666	0.0
270	959.3333333333334	0.0
280	1158.0	0.0
290	1489.3333333333333	0.0
300	1739.6666666666667	0.0
310	2299.1666666666665	0.0
320	1588.6666666666667	0.0
330	2099.0	0.0
340	2415.0	0.0
350	2586.0	0.0
360	2160.0	0.0
370	2648.8333333333335	0.0
380	2385.5	0.0
390	2155.0	0.0
400	2589.5	0.0
410	2268.3333333333335	0.0
420	2471.8333333333335	0.0
430	2374.5	0.0
440	2571.8333333333335	0.0
450	2394.0	0.0
460	2630.0	0.0
470	2359.0	0.0
480	2401.6666666666665	0.0
490	2457.6666666666665	0.0
500	1810.3333333333333	0.0
510	1904.6666666666667	0.0
520	2033.3333333333333	0.0
530	2347.6666666666665	0.0
540	2533.3333333333335	0.0
550	2476.8333333333335	0.0
560	2149.3333333333335	0.0
570	2464.3333333333335	0.0
580	2338.3333333333335	0.0
590	2495.0	0.0
600	2608.8333333333335	0.0
610	1586.6666666666667	0.0
620	1921.6666666666667	0.0
630	1864.6666666666667	0.0
640	1846.8333333333333	0.0
650	2237.3333333333335	0.0
660	1784.0	0.0
670	1702.3333333333333	0.0
680	2139.5	0.0
690	2315.8333333333335	0.0
700	2211.8333333333335	0.0
710	2198.6666666666665	0.0
720	1926.6666666666667	0.0
730	2070.3333333333335	0.0
740	2307.3333333333335	0.0
750	2667.6666666666665	0.0
760	1909.6666666666667	0.0
770	1857.0	0.0
780	2604.8333333333335	0.0
790	1804.6666666666667	0.0
800	1779.3333333333333	0.0
810	2278.6666666666665	0.0
820	2164.0	0.0
830	2370.3333333333335	0.0
840	2257.3333333333335	0.0
850	2554.6666666666665	0.0
860	2508.3333333333335	0.0
870	2645.3333333333335	0.0
880	2443.6666666666665	0.0
890	2409.0	0.0
900	1689.1666666666667	0.0
910	2437.3333333333335	0.0
920	2084.6666666666665	0.0
930	2136.0	0.0
940	1947.3333333333333	0.0
950	2074.3333333333335	0.0
960	2077.5	0.0
970	2247.5	0.0
980	1888.1666666666667	0.0
990	1879.3333333333333	0.0
1000	2347.3333333333335	0.0
