0	256.0	0.0
10	70.0	0.0
20	70.0	0.0
30	70.0	0.0
40	70.0	0.0
50	70.0	0.0
60	70.0	0.0
70	70.0	0.0
80	70.0	0.0
90	78.66666666666667	0.0
100	77.33333333333333	0.0
110	141.33333333333334	0.0
120	74.66666666666667	0.0
130	81.33333333333333	0.0
140	462.3333333333333	0.0
150	99.66666666666667	0.0
160	194.33333333333334	0.0
170	477.0	0.0
180	397.6666666666667	0.0
190	312.0	0.0
200	318.0	0.0
210	298.3333333333333	0.0
220	349.0	0.0
230	350.0	0.0
240	314.3333333333333	0.0
250	338.3333333333333	0.0
260	405.0	0.0
270	348.3333333333333	0.0
280	364.0	0.0
290	458.0	0.0
300	565.6666666666666	0.0
310	730.6666666666666	0.0
320	649.6666666666666	0.0
330	934.3333333333334	0.0
340	1377.3333333333333	0.0
350	1628.0	0.0
360	1915.8333333333333	0.0
370	1978.1666666666667	0.0
380	2293.6666666666665	0.0
390	2071.3333333333335	0.0
400	1908.8333333333333	0.0
410	2461.5	0.0
420	1747.1666666666667	0.0
430	1601.8333333333333	0.0
440	1737.1666666666667	0.0
450	1462.5	0.0
460	1886.3333333333333	0.0
470	2290.0	0.0
480	1989.0	0.0
490	2238.6666666666665	0.0
500	2305.1666666666665	0.0
510	2396.8333333333335	0.0
520	2528.1666666666665	0.0
530	2241.1666666666665	0.0
540	1811.0	0.0
550	1842.5	0.0
560	1768.0	0.0
570	2229.8333333333335	0.0
580	1869.0	0.0
590	1820.1666666666667	0.0
600	1733.3333333333333	0.0
610	2368.6666666666665	0.0
620	1714.6666666666667	0.0
630	1809.5	0.0
640	1970.1666666666667	0.0
650	1983.6666666666667	0.0
660	2152.0	0.0
670	2202.0	0.0
680	1145.1666666666667	0.0
690	1804.6666666666667	0.0
700	2553.3333333333335	0.0
710	2247.6666666666665	0.0
720	1933.6666666666667	0.0
730	1632.3333333333333	0.0
740	2123.1666666666665	0.0
750	2281.3333333333335	0.0
760	2491.3333333333335	0.0
770	1691.3333333333333	0.0
780	1450.6666666666667	0.0
790	2529.3333333333335	0.0
800	2225.6666666666665	0.0
810	1792.5	0.0
820	1946.3333333333333	0.0
830	1863.6666666666667	0.0
840	2605.3333333333335	0.0
850	2331.3333333333335	0.0
860	2616.5	0.0
870	2317.0	0.0
880	2533.6666666666665	0.0
890	2458.3333333333335	0.0
900	2524.0	0.0
910	2304.6666666666665	0.0
920	1806.6666666666667	0.0
930	2167.6666666666665	0.0
940	1843.0	0.0
950	2168.5	0.0
960	1879.0	0.0
970	2021.5	0.0
980	2211.0	0.0
990	1924.1666666666667	0.0
1000	2177.1666666666665	0.0
