0	232.33333333333334	0.0
10	92.66666666666667	558.0
20	122.66666666666667	442.0
30	101.66666666666667	0.0
40	92.66666666666667	0.0
50	79.0	0.0
60	78.33333333333333	0.0
70	71.0	0.0
80	70.0	0.0
90	70.0	0.0
100	70.66666666666667	0.0
110	71.0	0.0
120	133.33333333333334	0.0
130	71.0	0.0
140	232.0	0.0
150	218.0	0.0
160	107.66666666666667	0.0
170	307.0	0.0
180	397.0	0.0
190	1417.3333333333333	0.0
200	524.3333333333334	0.0
210	1094.3333333333333	0.0
220	1635.3333333333333	0.0
230	1779.6666666666667	0.0
240	1569.3333333333333	0.0
250	1751.6666666666667	0.0
260	1400.6666666666667	0.0
270	1520.3333333333333	0.0
280	1529.3333333333333	0.0
290	1365.0	0.0
300	2101.0	0.0
310	1868.3333333333333	0.0
320	2331.3333333333335	0.0
330	2388.1666666666665	0.0
340	1774.0	0.0
350	2243.3333333333335	0.0
360	2202.3333333333335	0.0
370	2524.1666666666665	0.0
380	2538.6666666666665	0.0
390	2369.3333333333335	0.0
400	2035.3333333333333	0.0
410	2337.0	0.0
420	2480.3333333333335	0.0
430	2461.8333333333335	0.0
440	2201.3333333333335	0.0
450	2596.3333333333335	0.0
460	2295.0	0.0
470	2348.8333333333335	0.0
480	2366.6666666666665	0.0
490	2356.3333333333335	0.0
500	2462.1666666666665	0.0
510	2504.8333333333335	0.0
520	2478.8333333333335	0.0
530	2839.0	0.0
540	2608.1666666666665	0.0
550	2683.1666666666665	0.0
560	2588.6666666666665	0.0
570	2739.0	0.0
580	2605.6666666666665	0.0
590	2570.8333333333335	0.0
600	2434.5	0.0
610	2556.1666666666665	0.0
620	2583.0	0.0
630	2587.6666666666665	0.0
640	2624.8333333333335	0.0
650	2434.0	0.0
660	2463.3333333333335	0.0
670	2450.0	0.0
680	2603.6666666666665	0.0
690	2515.6666666666665	0.0
700	2350.0	0.0
710	2496.5	0.0
720	2681.1666666666665	0.0
730	2511.1666666666665	0.0
740	2606.3333333333335	0.0
750	2415.0	0.0
760	2595.8333333333335	0.0
770	2636.3333333333335	0.0
780	2693.0	0.0
790	2462.6666666666665	0.0
800	2519.0	0.0
810	2668.3333333333335	0.0
820	2485.3333333333335	0.0
830	2424.0	0.0
840	2668.6666666666665	0.0
850	2604.1666666666665	0.0
860	2578.5	0.0
870	2290.6666666666665	0.0
880	1709.5	0.0
890	1778.8333333333333	0.0
900	1974.0	0.0
910	2251.3333333333335	0.0
920	2070.3333333333335	0.0
930	2103.1666666666665	0.0
940	1917.0	0.0
950	2322.1666666666665	0.0
960	2062.1666666666665	0.0
970	2492.3333333333335	0.0
980	2223.6666666666665	0.0
990	2210.0	0.0
1000	2264.6666666666665	0.0
