0	243.33333333333334	0.0
10	100.0	502.0
20	570.3333333333334	424.0
30	694.0	74.0
40	144.33333333333334	0.0
50	774.0	0.0
60	1279.3333333333333	0.0
70	1173.6666666666667	0.0
80	1046.6666666666667	0.0
90	1010.0	0.0
100	1359.6666666666667	0.0
110	1146.3333333333333	0.0
120	1119.0	0.0
130	1666.0	0.0
140	1772.3333333333333	0.0
150	1519.3333333333333	0.0
160	1674.0	0.0
170	2107.8333333333335	0.0
180	1909.0	0.0
190	2245.6666666666665	0.0
200	2252.3333333333335	0.0
210	2092.6666666666665	0.0
220	2482.8333333333335	0.0
230	2192.6666666666665	0.0
240	2267.3333333333335	0.0
250	2434.5	0.0
260	2202.0	0.0
270	2111.6666666666665	0.0
280	2427.3333333333335	0.0
290	2202.1666666666665	0.0
300	2449.6666666666665	0.0
310	2340.5	0.0
320	2397.0	0.0
330	2324.5	0.0
340	2523.5	0.0
350	2375.0	0.0
360	2510.5	0.0
370	2293.1666666666665	0.0
380	2405.3333333333335	0.0
390	2242.1666666666665	0.0
400	2667.1666666666665	0.0
410	2541.0	0.0
420	2544.6666666666665	0.0
430	2601.6666666666665	0.0
440	2606.1666666666665	0.0
450	2631.1666666666665	0.0
460	2682.1666666666665	0.0
470	2607.5	0.0
480	2579.6666666666665	0.0
490	2375.6666666666665	0.0
500	2514.3333333333335	0.0
510	2133.8333333333335	0.0
520	2779.8333333333335	0.0
530	2713.1666666666665	0.0
540	2576.8333333333335	0.0
550	2458.6666666666665	0.0
560	2614.1666666666665	0.0
570	2403.6666666666665	0.0
580	2691.0	0.0
590	2672.8333333333335	0.0
600	2755.3333333333335	0.0
610	2793.8333333333335	0.0
620	2669.3333333333335	0.0
630	2666.6666666666665	0.0
640	2436.6666666666665	0.0
650	2717.1666666666665	0.0
660	2768.6666666666665	0.0
670	2612.5	0.0
680	2554.6666666666665	0.0
690	2918.0	0.0
700	2487.8333333333335	0.0
710	2399.1666666666665	0.0
720	2527.0	0.0
730	2680.8333333333335	0.0
740	2680.3333333333335	0.0
750	2625.3333333333335	0.0
760	2536.3333333333335	0.0
770	2591.0	0.0
780	2786.1666666666665	0.0
790	2441.1666666666665	0.0
800	2594.5	0.0
810	2868.8333333333335	0.0
820	2221.6666666666665	0.0
830	2647.6666666666665	0.0
840	2623.5	0.0
850	2561.0	0.0
860	1806.3333333333333	0.0
870	1862.5	0.0
880	2605.6666666666665	0.0
890	2781.0	0.0
900	2344.0	0.0
910	2044.3333333333333	0.0
920	2221.3333333333335	0.0
930	2276.6666666666665	0.0
940	2248.1666666666665	0.0
950	1895.5	0.0
960	2178.6666666666665	0.0
970	1855.0	0.0
980	1884.3333333333333	0.0
990	2639.3333333333335	0.0
1000	1908.8333333333333	0.0
