0	248.66666666666666	0.0
10	71.0	1000.0
20	70.0	0.0
30	70.0	0.0
40	70.0	0.0
50	70.0	0.0
60	70.0	0.0
70	70.0	0.0
80	70.0	0.0
90	70.0	0.0
100	70.0	0.0
110	70.0	0.0
120	108.66666666666667	0.0
130	72.66666666666667	0.0
140	110.33333333333333	0.0
150	187.66666666666666	0.0
160	340.6666666666667	0.0
170	940.0	0.0
180	844.6666666666666	0.0
190	915.6666666666666	0.0
200	974.3333333333334	0.0
210	1103.3333333333333	0.0
220	1068.3333333333333	0.0
230	402.0	0.0
240	617.3333333333334	0.0
250	994.0	0.0
260	1974.6666666666667	0.0
270	1695.6666666666667	0.0
280	1660.3333333333333	0.0
290	1693.3333333333333	0.0
300	2041.3333333333333	0.0
310	2012.0	0.0
320	2070.3333333333335	0.0
330	2225.6666666666665	0.0
340	2134.3333333333335	0.0
350	2154.0	0.0
360	1905.6666666666667	0.0
370	2326.6666666666665	0.0
380	2381.3333333333335	0.0
390	2075.0	0.0
400	2213.0	0.0
410	2055.6666666666665	0.0
420	2233.6666666666665	0.0
430	2405.6666666666665	0.0
440	2561.8333333333335	0.0
450	2172.6666666666665	0.0
460	2447.1666666666665	0.0
470	2470.1666666666665	0.0
480	2612.6666666666665	0.0
490	2573.3333333333335	0.0
500	2435.3333333333335	0.0
510	2539.6666666666665	0.0
520	2684.5	0.0
530	2605.3333333333335	0.0
540	2608.0	0.0
550	2583.0	0.0
560	2775.6666666666665	0.0
570	2777.6666666666665	0.0
580	2032.0	0.0
590	2497.3333333333335	0.0
600	2445.0	0.0
610	2620.8333333333335	0.0
620	2595.0	0.0
630	2558.3333333333335	0.0
640	2411.0	0.0
650	2712.0	0.0
660	2613.3333333333335	0.0
670	2459.6666666666665	0.0
680	2583.5	0.0
690	2864.3333333333335	0.0
700	2465.6666666666665	0.0
710	2537.1666666666665	0.0
720	2469.5	0.0
730	2279.3333333333335	0.0
740	1333.6666666666667	0.0
750	1994.0	0.0
760	1984.6666666666667	0.0
770	1993.6666666666667	0.0
780	1715.0	0.0
790	2092.6666666666665	0.0
800	1909.5	0.0
810	2210.8333333333335	0.0
820	2260.0	0.0
830	1288.5	0.0
840	1907.6666666666667	0.0
850	2457.5	0.0
860	2089.3333333333335	0.0
870	1877.3333333333333	0.0
880	2541.6666666666665	0.0
890	2432.1666666666665	0.0
900	2152.3333333333335	0.0
910	2172.3333333333335	0.0
920	2002.1666666666667	0.0
930	2060.8333333333335	0.0
940	2119.6666666666665	0.0
950	1985.5	0.0
960	2134.1666666666665	0.0
970	1900.8333333333333	0.0
980	2270.1666666666665	0.0
990	2483.3333333333335	0.0
1000	2124.0	0.0
