0	242.0	0.0
10	71.66666666666667	887.0
20	70.0	113.0
30	70.0	0.0
40	70.0	0.0
50	70.0	0.0
60	70.0	0.0
70	70.0	0.0
80	70.0	0.0
90	70.0	0.0
100	70.0	0.0
110	70.0	0.0
120	70.33333333333333	0.0
130	70.0	0.0
140	100.66666666666667	0.0
150	184.66666666666666	0.0
160	362.0	0.0
170	249.0	0.0
180	1841.3333333333333	0.0
190	1709.6666666666667	0.0
200	711.6666666666666	0.0
210	2000.3333333333333	0.0
220	1726.3333333333333	0.0
230	881.3333333333334	0.0
240	1246.6666666666667	0.0
250	1282.0	0.0
260	1449.3333333333333	0.0
270	1575.0	0.0
280	1753.6666666666667	0.0
290	1543.6666666666667	0.0
300	1575.8333333333333	0.0
310	1997.3333333333333	0.0
320	1883.8333333333333	0.0
330	2180.6666666666665	0.0
340	2260.0	0.0
350	2224.0	0.0
360	2386.5	0.0
370	2197.8333333333335	0.0
380	2104.8333333333335	0.0
390	2471.8333333333335	0.0
400	2575.6666666666665	0.0
410	2479.5	0.0
420	2341.6666666666665	0.0
430	2353.3333333333335	0.0
440	2616.1666666666665	0.0
450	2274.5	0.0
460	2284.6666666666665	0.0
470	2507.5	0.0
480	2738.6666666666665	0.0
490	2727.5	0.0
500	2730.0	0.0
510	2686.6666666666665	0.0
520	2329.8333333333335	0.0
530	2780.8333333333335	0.0
540	2483.0	0.0
550	2398.3333333333335	0.0
560	2564.6666666666665	0.0
570	2395.6666666666665	0.0
580	2610.0	0.0
590	2558.1666666666665	0.0
600	2552.6666666666665	0.0
610	2482.8333333333335	0.0
620	2486.6666666666665	0.0
630	2581.0	0.0
640	2319.0	0.0
650	2612.3333333333335	0.0
660	2390.0	0.0
670	2477.6666666666665	0.0
680	2718.3333333333335	0.0
690	2639.0	0.0
700	2789.5	0.0
710	2735.1666666666665	0.0
720	2716.3333333333335	0.0
730	2173.3333333333335	0.0
740	2328.5	0.0
750	2408.8333333333335	0.0
760	2428.3333333333335	0.0
770	2413.0	0.0
780	1884.0	0.0
790	2255.1666666666665	0.0
800	2102.6666666666665	0.0
810	2117.8333333333335	0.0
820	1723.0	0.0
830	1940.3333333333333	0.0
840	2235.6666666666665	0.0
850	2242.3333333333335	0.0
860	2148.6666666666665	0.0
870	1944.1666666666667	0.0
880	2036.3333333333333	0.0
890	1839.0	0.0
900	2178.3333333333335	0.0
910	2118.5	0.0
920	2334.8333333333335	0.0
930	1924.0	0.0
940	2286.3333333333335	0.0
950	1873.3333333333333	0.0
960	1944.6666666666667	0.0
970	2349.5	0.0
980	2318.6666666666665	0.0
990	2329.6666666666665	0.0
1000	1845.5	0.0
