0	295.6666666666667	0.0
10	70.0	0.0
20	70.0	0.0
30	70.0	0.0
40	70.0	0.0
50	70.0	0.0
60	70.0	0.0
70	70.0	0.0
80	70.0	0.0
90	73.0	0.0
100	75.0	0.0
110	114.66666666666667	0.0
120	76.0	0.0
130	212.66666666666666	0.0
140	90.66666666666667	0.0
150	311.6666666666667	0.0
160	300.3333333333333	0.0
170	418.0	0.0
180	282.3333333333333	0.0
190	336.0	0.0
200	292.6666666666667	0.0
210	774.6666666666666	0.0
220	511.3333333333333	0.0
230	297.0	0.0
240	386.3333333333333	0.0
250	302.3333333333333	0.0
260	244.66666666666666	0.0
270	431.3333333333333	0.0
280	257.3333333333333	0.0
290	503.6666666666667	0.0
300	514.6666666666666	0.0
310	586.0	0.0
320	575.0	0.0
330	653.6666666666666	0.0
340	422.6666666666667	0.0
350	610.0	0.0
360	737.3333333333334	0.0
370	950.3333333333334	0.0
380	1721.5	0.0
390	1702.0	0.0
400	1026.6666666666667	0.0
410	1321.0	0.0
420	1225.8333333333333	0.0
430	1712.3333333333333	0.0
440	1919.3333333333333	0.0
450	1819.0	0.0
460	1491.6666666666667	0.0
470	1585.0	0.0
480	1752.8333333333333	0.0
490	1568.3333333333333	0.0
500	1580.3333333333333	0.0
510	1383.5	0.0
520	1337.6666666666667	0.0
530	1663.3333333333333	0.0
540	1736.8333333333333	0.0
550	1516.0	0.0
560	1619.3333333333333	0.0
570	1770.6666666666667	0.0
580	1587.0	0.0
590	1533.6666666666667	0.0
600	1876.6666666666667	0.0
