0	256.6666666666667	0.0
10	70.0	0.0
20	70.0	0.0
30	70.0	0.0
40	70.0	0.0
50	70.0	0.0
60	70.0	0.0
70	70.0	0.0
80	70.33333333333333	0.0
90	72.33333333333333	0.0
100	77.66666666666667	0.0
110	77.66666666666667	0.0
120	106.0	0.0
130	240.33333333333334	10.0
140	229.66666666666666	0.0
150	411.6666666666667	0.0
160	241.66666666666666	0.0
170	412.0	13.0
180	335.6666666666667	1.0
190	516.0	4.0
200	429.0	4.0
210	1018.0	5.0
220	1815.0	7.0
230	2118.0	5.0
240	2147.5	2.0
250	2205.3333333333335	7.0
260	2031.6666666666667	3.0
270	2264.3333333333335	8.0
280	2192.6666666666665	2.0
290	2517.5	2.0
300	2513.6666666666665	1.0
310	2485.6666666666665	6.0
320	2375.3333333333335	3.0
330	2518.3333333333335	5.0
340	2454.0	5.0
350	2399.1666666666665	3.0
360	2559.1666666666665	2.0
370	2529.3333333333335	0.0
380	2686.6666666666665	2.0
390	2347.0	2.0
400	2435.5	0.0
410	2401.3333333333335	0.0
420	2185.0	5.0
430	1795.3333333333333	0.0
440	2548.0	3.0
450	2501.1666666666665	1.0
460	2366.0	1.0
470	1884.3333333333333	3.0
480	1966.6666666666667	4.0
490	2053.3333333333335	2.0
500	1804.0	3.0
510	2254.1666666666665	7.0
520	2117.0	6.0
530	2600.3333333333335	6.0
540	1723.3333333333333	7.0
550	2104.5	5.0
560	1967.3333333333333	9.0
570	2046.5	7.0
580	2072.3333333333335	13.0
590	2092.0	7.0
600	2051.0	12.0
610	2012.0	8.0
620	2125.3333333333335	7.0
630	1677.3333333333333	3.0
640	1628.0	10.0
650	1669.0	2.0
660	2622.3333333333335	9.0
670	1861.1666666666667	5.0
680	2520.0	4.0
690	1712.3333333333333	0.0
700	2340.3333333333335	8.0
710	2382.6666666666665	4.0
720	2376.1666666666665	2.0
730	2159.0	5.0
740	2429.6666666666665	7.0
750	1837.0	0.0
760	2401.6666666666665	3.0
770	2473.3333333333335	3.0
780	2291.0	1.0
790	2367.3333333333335	5.0
800	2356.0	4.0
810	2451.5	6.0
820	2598.0	1.0
830	1930.1666666666667	2.0
840	2593.6666666666665	10.0
850	2004.1666666666667	1.0
860	1948.1666666666667	5.0
870	2104.0	3.0
880	1691.0	3.0
890	1880.0	8.0
900	1864.3333333333333	1.0
910	1396.3333333333333	0.0
920	1749.6666666666667	2.0
930	1849.6666666666667	1.0
940	2021.0	2.0
950	1742.3333333333333	4.0
960	1603.0	0.0
970	1741.3333333333333	1.0
980	1711.3333333333333	2.0
990	2432.8333333333335	7.0
1000	1866.1666666666667	2.0
