0	251.0	0.0
10	70.0	0.0
20	70.0	0.0
30	70.0	0.0
40	70.0	0.0
50	70.0	0.0
60	70.0	0.0
70	70.0	0.0
80	77.0	0.0
90	72.66666666666667	0.0
100	96.0	0.0
110	86.66666666666667	0.0
120	111.33333333333333	0.0
130	178.0	0.0
140	424.0	0.0
150	391.3333333333333	0.0
160	123.0	0.0
170	196.0	0.0
180	261.3333333333333	0.0
190	173.66666666666666	0.0
200	225.66666666666666	0.0
210	329.3333333333333	0.0
220	586.6666666666666	0.0
230	289.6666666666667	0.0
240	439.6666666666667	0.0
250	371.0	0.0
260	537.3333333333334	0.0
270	509.6666666666667	0.0
280	621.3333333333334	0.0
290	493.6666666666667	0.0
300	452.0	0.0
310	568.3333333333334	0.0
320	514.3333333333334	0.0
330	795.3333333333334	0.0
340	772.3333333333334	0.0
350	1151.6666666666667	0.0
360	1769.1666666666667	0.0
370	1655.3333333333333	0.0
380	1249.0	0.0
390	1228.6666666666667	0.0
400	2468.6666666666665	0.0
410	2343.8333333333335	0.0
420	2459.6666666666665	0.0
430	2361.6666666666665	0.0
440	2718.0	0.0
450	1824.3333333333333	0.0
460	1848.3333333333333	0.0
470	2290.8333333333335	0.0
480	1718.3333333333333	0.0
490	1610.0	0.0
500	2924.0	0.0
510	1819.5	0.0
520	1619.1666666666667	0.0
530	1484.5	0.0
540	1846.3333333333333	0.0
550	2122.3333333333335	0.0
560	2643.6666666666665	0.0
570	2168.3333333333335	0.0
580	2005.3333333333333	0.0
590	2026.3333333333333	0.0
600	1571.0	0.0
610	1652.8333333333333	0.0
620	1940.5	0.0
630	1683.3333333333333	0.0
640	1618.6666666666667	0.0
650	1780.0	0.0
660	1894.6666666666667	0.0
670	1747.6666666666667	0.0
680	1950.0	0.0
690	1686.3333333333333	0.0
700	1647.3333333333333	0.0
710	1952.6666666666667	0.0
720	1824.5	0.0
730	1461.6666666666667	0.0
740	1821.5	0.0
750	1047.3333333333333	0.0
760	1641.3333333333333	0.0
770	2174.5	0.0
780	1835.3333333333333	0.0
790	2252.3333333333335	0.0
800	2211.3333333333335	0.0
810	2390.0	0.0
820	2488.0	0.0
830	2447.1666666666665	0.0
840	2349.3333333333335	0.0
850	2521.0	0.0
860	2317.8333333333335	0.0
870	2423.3333333333335	0.0
880	2295.0	0.0
890	2304.6666666666665	0.0
900	2407.0	0.0
910	2585.0	0.0
920	2268.3333333333335	0.0
930	2156.1666666666665	0.0
940	2236.0	9.0
950	2301.3333333333335	0.0
960	2296.3333333333335	0.0
970	2302.0	0.0
980	2390.0	0.0
990	2292.3333333333335	0.0
1000	2458.3333333333335	0.0
