0	288.6666666666667	0.0
10	70.0	0.0
20	70.0	0.0
30	70.0	0.0
40	70.0	0.0
50	70.0	0.0
60	70.0	0.0
70	70.33333333333333	0.0
80	71.33333333333333	0.0
90	71.66666666666667	0.0
100	112.33333333333333	0.0
110	169.33333333333334	0.0
120	88.66666666666667	0.0
130	344.0	0.0
140	73.66666666666667	0.0
150	269.3333333333333	0.0
160	151.0	0.0
170	247.33333333333334	0.0
180	256.3333333333333	0.0
190	160.33333333333334	0.0
200	338.3333333333333	0.0
210	609.3333333333334	0.0
220	860.3333333333334	0.0
230	469.0	0.0
240	451.3333333333333	0.0
250	552.6666666666666	0.0
260	671.3333333333334	0.0
270	552.0	0.0
280	711.0	0.0
290	763.0	0.0
300	725.3333333333334	0.0
310	1002.1666666666666	0.0
320	1185.0	0.0
330	1125.3333333333333	0.0
340	896.0	0.0
350	1388.3333333333333	0.0
360	1571.3333333333333	0.0
370	1178.3333333333333	0.0
380	1289.0	0.0
390	1425.6666666666667	0.0
400	1794.1666666666667	0.0
410	2087.0	0.0
420	2053.1666666666665	0.0
430	2158.5	0.0
440	2296.6666666666665	0.0
450	2018.0	0.0
460	2059.8333333333335	0.0
470	2378.8333333333335	0.0
480	2101.0	0.0
490	1698.1666666666667	0.0
500	1518.6666666666667	0.0
510	1620.1666666666667	0.0
520	1974.6666666666667	0.0
530	1662.3333333333333	0.0
540	1893.5	0.0
550	1874.5	0.0
560	2202.5	0.0
570	2061.8333333333335	0.0
580	1752.3333333333333	0.0
590	2246.8333333333335	0.0
600	1881.3333333333333	0.0
610	1913.1666666666667	0.0
620	1610.6666666666667	0.0
630	2084.1666666666665	0.0
640	2429.0	0.0
650	2440.3333333333335	0.0
660	2525.0	0.0
670	2363.6666666666665	0.0
680	2325.3333333333335	0.0
690	2454.3333333333335	0.0
700	2413.0	0.0
710	2523.0	0.0
720	2126.0	0.0
730	2515.5	0.0
740	2176.0	0.0
750	2374.0	0.0
760	2297.3333333333335	0.0
770	2547.5	0.0
780	2343.0	0.0
790	2527.1666666666665	0.0
800	2264.3333333333335	0.0
810	2509.8333333333335	0.0
820	2408.8333333333335	0.0
830	2163.0	0.0
840	2721.6666666666665	0.0
850	2466.6666666666665	0.0
860	2262.6666666666665	0.0
870	1818.6666666666667	0.0
880	2388.5	0.0
890	1707.1666666666667	0.0
900	2252.3333333333335	0.0
910	2400.6666666666665	0.0
920	1974.6666666666667	0.0
930	1759.5	0.0
940	2188.6666666666665	0.0
950	2325.3333333333335	0.0
960	2292.0	0.0
970	2307.3333333333335	0.0
980	2489.6666666666665	0.0
990	2375.6666666666665	0.0
1000	2469.0	0.0
