0	252.33333333333334	0.0
10	70.0	0.0
20	70.0	0.0
30	70.0	0.0
40	70.0	0.0
50	70.0	0.0
60	70.0	0.0
70	70.0	0.0
80	71.66666666666667	0.0
90	71.66666666666667	0.0
100	75.33333333333333	0.0
110	120.66666666666667	0.0
120	147.33333333333334	0.0
130	80.0	0.0
140	77.0	0.0
150	284.6666666666667	0.0
160	416.3333333333333	0.0
170	498.6666666666667	0.0
180	409.6666666666667	0.0
190	596.0	0.0
200	321.0	0.0
210	333.3333333333333	0.0
220	159.66666666666666	0.0
230	205.66666666666666	0.0
240	855.3333333333334	0.0
250	799.0	0.0
260	334.3333333333333	0.0
270	494.0	0.0
280	566.3333333333334	0.0
290	535.3333333333334	0.0
300	654.6666666666666	0.0
310	764.0	0.0
320	1251.0	0.0
330	866.3333333333334	0.0
340	1180.3333333333333	0.0
350	1301.6666666666667	0.0
360	1034.8333333333333	0.0
370	1390.6666666666667	0.0
380	1269.3333333333333	0.0
390	1047.8333333333333	0.0
400	1469.5	0.0
410	1587.0	0.0
420	1511.3333333333333	0.0
430	1428.0	0.0
440	1502.6666666666667	0.0
450	1772.6666666666667	0.0
460	1616.0	0.0
470	1515.0	0.0
480	1710.1666666666667	0.0
490	1737.6666666666667	0.0
500	1835.3333333333333	0.0
510	1799.1666666666667	0.0
520	1920.0	0.0
530	1839.6666666666667	0.0
540	2092.0	0.0
550	1764.6666666666667	0.0
560	2184.5	0.0
570	1783.3333333333333	0.0
580	2021.8333333333333	0.0
590	1824.0	0.0
600	2174.6666666666665	0.0
