0	239.0	0.0
10	70.0	0.0
20	70.0	0.0
30	70.0	0.0
40	70.0	0.0
50	70.0	0.0
60	70.0	0.0
70	70.0	0.0
80	72.33333333333333	0.0
90	79.66666666666667	0.0
100	80.0	0.0
110	157.66666666666666	0.0
120	187.33333333333334	0.0
130	197.66666666666666	0.0
140	242.33333333333334	0.0
150	343.0	0.0
160	194.0	0.0
170	187.33333333333334	0.0
180	142.0	0.0
190	438.3333333333333	0.0
200	260.0	0.0
210	240.33333333333334	0.0
220	335.0	0.0
230	435.3333333333333	0.0
240	297.0	0.0
250	256.6666666666667	0.0
260	379.6666666666667	0.0
270	298.3333333333333	0.0
280	410.3333333333333	0.0
290	426.3333333333333	0.0
300	532.6666666666666	0.0
310	566.6666666666666	0.0
320	419.3333333333333	0.0
330	698.3333333333334	0.0
340	848.6666666666666	0.0
350	875.3333333333334	0.0
360	1049.3333333333333	0.0
370	1279.5	0.0
380	1186.3333333333333	0.0
390	1830.6666666666667	0.0
400	2075.0	0.0
410	1159.6666666666667	0.0
420	1905.1666666666667	0.0
430	2035.6666666666667	0.0
440	2348.6666666666665	0.0
450	1639.1666666666667	0.0
460	1934.1666666666667	0.0
470	2390.5	0.0
480	2499.0	0.0
490	1747.0	0.0
500	2213.1666666666665	0.0
510	2448.3333333333335	0.0
520	2202.3333333333335	0.0
530	2192.6666666666665	0.0
540	2246.3333333333335	0.0
550	2422.1666666666665	0.0
560	2584.0	0.0
570	2196.5	0.0
580	1839.8333333333333	0.0
590	2171.8333333333335	0.0
600	2087.3333333333335	0.0
