0	263.6666666666667	0.0
10	70.0	0.0
20	70.0	0.0
30	70.0	0.0
40	70.0	0.0
50	70.0	0.0
60	70.0	0.0
70	70.0	0.0
80	70.0	0.0
90	70.0	0.0
100	70.0	0.0
110	70.0	0.0
120	70.0	0.0
130	70.0	0.0
140	70.0	0.0
150	70.0	0.0
160	70.0	0.0
170	70.0	0.0
180	71.0	0.0
190	70.0	0.0
200	70.0	0.0
210	71.33333333333333	0.0
220	74.66666666666667	0.0
230	72.0	0.0
240	71.66666666666667	0.0
250	116.33333333333333	0.0
260	95.66666666666667	0.0
270	256.6666666666667	0.0
280	353.0	0.0
290	308.3333333333333	0.0
300	145.66666666666666	0.0
310	188.66666666666666	0.0
320	177.66666666666666	0.0
330	301.3333333333333	0.0
340	156.33333333333334	0.0
350	299.3333333333333	0.0
360	173.0	0.0
370	242.66666666666666	0.0
380	220.66666666666666	0.0
390	295.6666666666667	0.0
400	257.3333333333333	0.0
410	227.0	0.0
420	317.3333333333333	0.0
430	224.33333333333334	0.0
440	316.0	0.0
450	205.66666666666666	0.0
460	305.3333333333333	0.0
470	511.6666666666667	0.0
480	448.0	0.0
490	357.3333333333333	0.0
500	365.0	0.0
510	531.3333333333334	0.0
520	1008.3333333333334	0.0
530	699.3333333333334	0.0
540	725.6666666666666	0.0
550	1289.6666666666667	0.0
560	1380.0	0.0
570	1374.6666666666667	0.0
580	1511.0	0.0
590	1825.1666666666667	0.0
600	1785.3333333333333	0.0
610	1842.3333333333333	0.0
620	1623.0	0.0
630	1749.0	0.0
640	2051.6666666666665	0.0
650	2199.6666666666665	0.0
660	2389.3333333333335	0.0
670	2169.3333333333335	0.0
680	2503.6666666666665	0.0
690	1858.5	0.0
700	2390.3333333333335	0.0
710	2004.6666666666667	0.0
720	2399.5	0.0
730	2289.6666666666665	0.0
740	2533.6666666666665	0.0
750	2642.1666666666665	0.0
760	2091.3333333333335	0.0
770	1983.5	0.0
780	2444.8333333333335	0.0
790	2322.5	0.0
800	2533.6666666666665	0.0
