0	274.0	0.0
10	70.0	0.0
20	70.0	0.0
30	70.0	0.0
40	70.0	0.0
50	70.0	0.0
60	70.0	0.0
70	70.0	0.0
80	70.0	0.0
90	70.0	0.0
100	70.0	0.0
110	70.0	0.0
120	70.0	0.0
130	70.0	0.0
140	70.0	0.0
150	70.0	0.0
160	70.0	0.0
170	70.0	0.0
180	70.0	0.0
190	70.0	0.0
200	72.0	0.0
210	70.33333333333333	0.0
220	72.0	0.0
230	72.33333333333333	0.0
240	73.33333333333333	0.0
250	74.33333333333333	0.0
260	163.33333333333334	0.0
270	208.33333333333334	0.0
280	296.0	0.0
290	283.0	0.0
300	179.0	0.0
310	176.33333333333334	0.0
320	196.66666666666666	0.0
330	278.3333333333333	0.0
340	223.0	0.0
350	171.0	0.0
360	130.0	0.0
370	199.0	0.0
380	165.0	0.0
390	146.0	0.0
400	173.66666666666666	0.0
410	276.0	0.0
420	242.0	0.0
430	217.33333333333334	0.0
440	208.0	0.0
450	415.3333333333333	0.0
460	270.3333333333333	0.0
470	300.0	0.0
480	376.6666666666667	0.0
490	386.6666666666667	0.0
500	318.3333333333333	0.0
510	316.6666666666667	0.0
520	189.33333333333334	0.0
530	403.0	0.0
540	368.3333333333333	0.0
550	346.0	0.0
560	401.3333333333333	0.0
570	403.6666666666667	0.0
580	588.6666666666666	0.0
590	805.0	0.0
600	382.3333333333333	0.0
610	606.3333333333334	0.0
620	596.3333333333334	0.0
630	782.3333333333334	0.0
640	1275.6666666666667	0.0
650	958.3333333333334	0.0
660	1027.5	0.0
670	1210.3333333333333	0.0
680	830.0	0.0
690	1207.5	0.0
700	1212.1666666666667	0.0
710	1740.0	0.0
720	1769.0	0.0
730	2244.0	0.0
740	2066.6666666666665	0.0
750	2284.3333333333335	0.0
760	1662.0	0.0
770	1775.5	0.0
780	1707.8333333333333	0.0
790	1788.5	0.0
800	1783.8333333333333	0.0
