0	286.6666666666667	0.0
10	70.0	0.0
20	70.0	0.0
30	70.0	0.0
40	70.0	0.0
50	70.0	0.0
60	70.0	0.0
70	70.0	0.0
80	70.0	0.0
90	70.0	0.0
100	70.0	0.0
110	70.0	0.0
120	70.0	0.0
130	70.0	0.0
140	70.0	0.0
150	70.0	0.0
160	70.0	0.0
170	70.0	0.0
180	70.0	0.0
190	70.66666666666667	0.0
200	71.66666666666667	0.0
210	72.66666666666667	0.0
220	80.0	0.0
230	72.33333333333333	0.0
240	102.33333333333333	0.0
250	124.0	0.0
260	95.66666666666667	0.0
270	264.0	0.0
280	168.0	0.0
290	136.0	0.0
300	181.33333333333334	0.0
310	154.66666666666666	0.0
320	138.66666666666666	0.0
330	138.33333333333334	0.0
340	146.33333333333334	0.0
350	191.33333333333334	0.0
360	265.3333333333333	0.0
370	258.6666666666667	0.0
380	147.66666666666666	0.0
390	170.66666666666666	0.0
400	251.33333333333334	0.0
410	297.6666666666667	0.0
420	273.3333333333333	0.0
430	288.0	0.0
440	206.66666666666666	0.0
450	171.0	0.0
460	762.6666666666666	0.0
470	696.0	0.0
480	521.0	0.0
490	697.3333333333334	0.0
500	846.0	0.0
510	1390.3333333333333	0.0
520	1444.1666666666667	0.0
530	1152.0	0.0
540	1810.6666666666667	0.0
550	1815.6666666666667	0.0
560	2010.1666666666667	0.0
570	2139.3333333333335	0.0
580	2290.5	0.0
590	2155.6666666666665	0.0
600	1905.0	0.0
610	2141.0	0.0
620	2212.6666666666665	0.0
630	2216.6666666666665	0.0
640	2115.0	0.0
650	2343.0	0.0
660	2118.0	0.0
670	2198.6666666666665	0.0
680	2310.3333333333335	0.0
690	2148.0	0.0
700	2520.3333333333335	0.0
710	2450.8333333333335	0.0
720	2315.0	0.0
730	2276.6666666666665	0.0
740	2678.5	0.0
750	2504.6666666666665	0.0
760	2355.3333333333335	0.0
770	2433.3333333333335	0.0
780	2515.1666666666665	0.0
790	2537.6666666666665	0.0
800	2732.0	0.0
