0	233.0	0.0
10	70.0	0.0
20	70.0	0.0
30	70.0	0.0
40	70.0	0.0
50	70.0	0.0
60	70.0	0.0
70	70.0	0.0
80	70.0	0.0
90	70.0	0.0
100	70.0	0.0
110	70.0	0.0
120	70.0	0.0
130	70.0	0.0
140	70.0	0.0
150	70.0	0.0
160	70.0	0.0
170	70.0	0.0
180	70.0	0.0
190	71.33333333333333	0.0
200	70.33333333333333	0.0
210	71.0	0.0
220	72.66666666666667	0.0
230	93.33333333333333	0.0
240	135.0	0.0
250	198.33333333333334	0.0
260	159.33333333333334	0.0
270	359.3333333333333	0.0
280	202.66666666666666	0.0
290	146.66666666666666	0.0
300	146.66666666666666	0.0
310	130.33333333333334	0.0
320	138.0	0.0
330	138.0	0.0
340	170.0	0.0
350	139.66666666666666	0.0
360	159.0	0.0
370	202.33333333333334	0.0
380	237.33333333333334	0.0
390	160.66666666666666	0.0
400	202.0	0.0
410	649.0	0.0
420	522.6666666666666	0.0
430	519.0	0.0
440	585.0	0.0
450	757.3333333333334	0.0
460	1062.6666666666667	0.0
470	1603.1666666666667	0.0
480	1038.3333333333333	0.0
490	1565.6666666666667	0.0
500	1227.3333333333333	0.0
510	1871.0	0.0
520	1715.6666666666667	0.0
530	2052.0	0.0
540	1699.6666666666667	0.0
550	1829.6666666666667	0.0
560	1838.3333333333333	0.0
570	1926.8333333333333	0.0
580	2201.6666666666665	0.0
590	2029.1666666666667	0.0
600	2260.5	0.0
610	2119.8333333333335	0.0
620	2295.1666666666665	0.0
630	2160.1666666666665	0.0
640	2263.3333333333335	0.0
650	2096.0	0.0
660	2146.0	0.0
670	2506.6666666666665	0.0
680	2375.6666666666665	0.0
690	2473.1666666666665	0.0
700	2591.3333333333335	0.0
710	2230.3333333333335	0.0
720	2491.6666666666665	0.0
730	2344.0	0.0
740	2710.1666666666665	0.0
750	2348.6666666666665	0.0
760	2452.6666666666665	0.0
770	2728.0	0.0
780	2526.1666666666665	0.0
790	2567.1666666666665	0.0
800	2737.6666666666665	0.0
