0	228.66666666666666	0.0
10	70.0	0.0
20	70.0	0.0
30	70.0	0.0
40	70.0	0.0
50	70.0	0.0
60	70.0	0.0
70	70.0	0.0
80	70.0	0.0
90	70.0	0.0
100	70.0	0.0
110	70.0	0.0
120	70.0	0.0
130	70.0	0.0
140	70.0	0.0
150	70.0	0.0
160	70.0	0.0
170	70.0	0.0
180	70.0	0.0
190	70.0	0.0
200	70.0	0.0
210	71.33333333333333	0.0
220	73.66666666666667	0.0
230	72.0	0.0
240	73.0	0.0
250	71.33333333333333	0.0
260	112.66666666666667	0.0
270	140.33333333333334	0.0
280	287.0	0.0
290	365.3333333333333	0.0
300	266.0	0.0
310	139.33333333333334	0.0
320	181.66666666666666	0.0
330	150.0	0.0
340	168.66666666666666	0.0
350	163.0	0.0
360	212.66666666666666	0.0
370	208.0	0.0
380	244.0	0.0
390	164.66666666666666	0.0
400	155.66666666666666	0.0
410	241.0	0.0
420	148.66666666666666	0.0
430	229.33333333333334	0.0
440	178.0	0.0
450	287.3333333333333	0.0
460	269.0	0.0
470	297.3333333333333	0.0
480	280.0	0.0
490	235.0	0.0
500	248.66666666666666	0.0
510	332.6666666666667	0.0
520	305.6666666666667	0.0
530	327.6666666666667	0.0
540	383.6666666666667	0.0
550	405.6666666666667	0.0
560	567.0	0.0
570	415.0	0.0
580	623.6666666666666	0.0
590	370.0	0.0
600	630.6666666666666	0.0
610	749.1666666666666	0.0
620	990.3333333333334	0.0
630	712.6666666666666	0.0
640	628.3333333333334	0.0
650	807.6666666666666	0.0
660	502.6666666666667	0.0
670	740.3333333333334	0.0
680	993.3333333333334	0.0
690	1502.1666666666667	0.0
700	1195.8333333333333	0.0
710	1157.1666666666667	0.0
720	1711.0	0.0
730	1219.3333333333333	0.0
740	1467.3333333333333	0.0
750	1661.0	0.0
760	1326.3333333333333	0.0
770	1940.0	0.0
780	2166.6666666666665	0.0
790	2083.3333333333335	0.0
800	2205.0	0.0
