0	236.66666666666666	0.0
10	70.0	0.0
20	70.0	0.0
30	70.0	0.0
40	70.0	0.0
50	70.0	0.0
60	70.0	0.0
70	70.0	0.0
80	70.66666666666667	0.0
90	70.66666666666667	0.0
100	74.66666666666667	0.0
110	134.0	0.0
120	97.66666666666667	0.0
130	168.33333333333334	0.0
140	239.0	0.0
150	348.6666666666667	0.0
160	424.0	0.0
170	143.66666666666666	0.0
180	404.6666666666667	0.0
190	201.66666666666666	0.0
200	337.6666666666667	0.0
210	207.66666666666666	0.0
220	220.33333333333334	0.0
230	277.6666666666667	0.0
240	372.3333333333333	0.0
250	406.0	0.0
260	473.3333333333333	0.0
270	356.3333333333333	0.0
280	282.3333333333333	0.0
290	424.6666666666667	0.0
300	368.6666666666667	0.0
310	694.0	0.0
320	701.3333333333334	0.0
330	705.6666666666666	0.0
340	716.6666666666666	0.0
350	1133.0	0.0
360	1083.0	0.0
370	991.6666666666666	0.0
380	1489.6666666666667	0.0
390	2388.0	0.0
400	1010.3333333333334	0.0
410	2519.5	0.0
420	2551.0	0.0
430	2749.5	0.0
440	2758.0	0.0
450	2286.3333333333335	0.0
460	2101.3333333333335	0.0
470	2631.1666666666665	0.0
480	2590.0	0.0
490	2055.3333333333335	0.0
500	2433.5	0.0
510	2372.6666666666665	0.0
520	2461.0	0.0
530	1952.8333333333333	0.0
540	2457.3333333333335	0.0
550	2662.6666666666665	0.0
560	2455.0	0.0
570	2423.1666666666665	0.0
580	2437.3333333333335	0.0
590	2506.0	0.0
600	2433.3333333333335	0.0
