0	267.3333333333333	0.0
10	98.66666666666667	644.0
20	97.33333333333333	356.0
30	98.33333333333333	0.0
40	94.33333333333333	0.0
50	95.33333333333333	0.0
60	70.66666666666667	0.0
70	72.33333333333333	0.0
80	71.33333333333333	0.0
90	72.0	0.0
100	72.0	0.0
110	70.0	0.0
120	71.66666666666667	0.0
130	151.66666666666666	0.0
140	270.6666666666667	0.0
150	663.6666666666666	0.0
160	1279.3333333333333	0.0
170	1792.3333333333333	0.0
180	995.0	0.0
190	1155.0	0.0
200	1230.3333333333333	0.0
210	1412.3333333333333	0.0
220	1446.6666666666667	0.0
230	1350.0	0.0
240	2113.3333333333335	0.0
250	1825.0	0.0
260	2007.0	0.0
270	2091.3333333333335	0.0
280	2238.0	0.0
290	2308.1666666666665	0.0
300	1984.3333333333333	0.0
310	2164.0	0.0
320	2327.0	0.0
330	2402.6666666666665	0.0
340	2175.0	0.0
350	2207.6666666666665	0.0
360	2356.3333333333335	0.0
370	2267.3333333333335	0.0
380	2492.0	0.0
390	2449.6666666666665	0.0
400	2378.5	0.0
410	2416.1666666666665	0.0
420	2341.6666666666665	0.0
430	2289.6666666666665	0.0
440	2234.3333333333335	0.0
450	2425.3333333333335	0.0
460	2236.6666666666665	0.0
470	2644.6666666666665	0.0
480	2634.1666666666665	0.0
490	2538.3333333333335	0.0
500	2497.6666666666665	0.0
510	2658.3333333333335	0.0
520	2628.1666666666665	0.0
530	2471.6666666666665	0.0
540	2539.8333333333335	0.0
550	2578.1666666666665	0.0
560	2534.3333333333335	0.0
570	2690.6666666666665	0.0
580	2808.8333333333335	0.0
590	2710.0	0.0
600	2746.0	0.0
610	2527.3333333333335	0.0
620	2795.8333333333335	0.0
630	2779.0	0.0
640	2826.1666666666665	0.0
650	2157.3333333333335	0.0
660	2564.3333333333335	0.0
670	2017.3333333333333	0.0
680	2228.0	0.0
690	2554.3333333333335	0.0
700	2693.8333333333335	0.0
710	2102.3333333333335	0.0
720	2557.0	0.0
730	2331.3333333333335	0.0
740	2322.3333333333335	0.0
750	2259.3333333333335	0.0
760	2729.3333333333335	0.0
770	2292.6666666666665	0.0
780	2233.8333333333335	0.0
790	1882.1666666666667	0.0
800	1977.0	0.0
810	1674.6666666666667	0.0
820	1924.0	0.0
830	1829.3333333333333	0.0
840	1726.1666666666667	0.0
850	1476.6666666666667	0.0
860	1758.6666666666667	0.0
870	1837.8333333333333	0.0
880	2510.5	0.0
890	2485.0	0.0
900	2156.0	0.0
910	2352.8333333333335	0.0
920	1530.3333333333333	0.0
930	1899.3333333333333	0.0
940	2389.5	0.0
950	2453.5	0.0
960	2469.0	0.0
970	1994.8333333333333	0.0
980	1899.6666666666667	0.0
990	2030.0	0.0
1000	2308.6666666666665	0.0
