0	245.66666666666666	0.0
10	131.33333333333334	466.0
20	103.33333333333333	366.0
30	100.0	168.0
40	102.66666666666667	0.0
50	151.66666666666666	0.0
60	134.0	0.0
70	160.66666666666666	0.0
80	92.66666666666667	0.0
90	1007.6666666666666	0.0
100	1044.6666666666667	0.0
110	932.0	0.0
120	1205.0	0.0
130	959.6666666666666	0.0
140	1013.3333333333334	0.0
150	187.66666666666666	0.0
160	1105.3333333333333	0.0
170	1165.3333333333333	0.0
180	1078.6666666666667	0.0
190	1327.6666666666667	0.0
200	1516.6666666666667	0.0
210	1469.3333333333333	0.0
220	1708.0	0.0
230	1722.3333333333333	0.0
240	1639.0	0.0
250	1987.0	0.0
260	1840.0	0.0
270	2171.0	0.0
280	2162.0	0.0
290	1925.6666666666667	0.0
300	2212.0	0.0
310	1969.3333333333333	0.0
320	2079.5	0.0
330	2210.0	0.0
340	2099.0	0.0
350	2036.5	0.0
360	1972.0	0.0
370	2513.6666666666665	0.0
380	2506.3333333333335	0.0
390	2277.6666666666665	0.0
400	2456.0	0.0
410	2352.3333333333335	0.0
420	2423.3333333333335	0.0
430	2478.6666666666665	0.0
440	2451.1666666666665	0.0
450	2397.6666666666665	0.0
460	2444.1666666666665	0.0
470	2633.6666666666665	0.0
480	2282.6666666666665	0.0
490	2315.0	0.0
500	2561.6666666666665	0.0
510	2348.0	0.0
520	2434.8333333333335	0.0
530	2681.0	0.0
540	2634.3333333333335	0.0
550	2406.0	0.0
560	2426.1666666666665	0.0
570	2532.3333333333335	0.0
580	2362.0	0.0
590	2447.3333333333335	0.0
600	2811.1666666666665	0.0
610	2463.0	0.0
620	2705.3333333333335	0.0
630	2671.0	0.0
640	2384.6666666666665	0.0
650	2439.3333333333335	0.0
660	2731.6666666666665	0.0
670	2526.6666666666665	0.0
680	2639.5	0.0
690	2567.6666666666665	0.0
700	2470.8333333333335	0.0
710	2326.0	0.0
720	2425.5	0.0
730	2581.8333333333335	0.0
740	2463.3333333333335	0.0
750	2619.3333333333335	0.0
760	2524.0	0.0
770	2419.6666666666665	0.0
780	2516.5	0.0
790	2501.6666666666665	0.0
800	2514.0	0.0
810	2593.6666666666665	0.0
820	2422.6666666666665	0.0
830	2684.3333333333335	0.0
840	2473.6666666666665	0.0
850	2527.1666666666665	0.0
860	2765.3333333333335	0.0
870	2083.0	0.0
880	1838.8333333333333	0.0
890	2294.5	0.0
900	1980.0	0.0
910	1208.0	0.0
920	1745.6666666666667	0.0
930	1562.0	0.0
940	1412.0	0.0
950	1404.8333333333333	0.0
960	2643.6666666666665	0.0
970	1967.8333333333333	0.0
980	2233.3333333333335	0.0
990	1921.0	0.0
1000	1607.3333333333333	0.0
