0	248.0	0.0
10	625.3333333333334	195.0
20	930.6666666666666	269.0
30	917.3333333333334	219.0
40	847.6666666666666	158.0
50	835.3333333333334	159.0
60	942.3333333333334	0.0
70	361.3333333333333	0.0
80	226.0	0.0
90	323.6666666666667	0.0
100	1653.3333333333333	0.0
110	1971.3333333333333	0.0
120	1921.3333333333333	0.0
130	1892.0	0.0
140	1992.0	0.0
150	2141.3333333333335	0.0
160	1935.3333333333333	0.0
170	2040.0	0.0
180	1996.6666666666667	0.0
190	2338.0	0.0
200	2174.6666666666665	0.0
210	2309.6666666666665	0.0
220	2200.6666666666665	0.0
230	2315.0	0.0
240	2421.3333333333335	0.0
250	2485.0	0.0
260	2228.0	0.0
270	2240.6666666666665	0.0
280	2256.0	0.0
290	2420.6666666666665	0.0
300	2408.5	0.0
310	2333.3333333333335	0.0
320	2295.5	0.0
330	2434.1666666666665	0.0
340	2581.5	0.0
350	2520.0	0.0
360	2315.3333333333335	0.0
370	2406.0	0.0
380	2491.8333333333335	0.0
390	2464.6666666666665	0.0
400	2408.0	0.0
410	2650.0	0.0
420	2443.1666666666665	0.0
430	2515.8333333333335	0.0
440	2553.5	0.0
450	2506.0	0.0
460	2450.5	0.0
470	2445.1666666666665	0.0
480	2264.6666666666665	0.0
490	2576.0	0.0
500	2431.8333333333335	0.0
510	2593.3333333333335	0.0
520	2587.0	0.0
530	2780.6666666666665	0.0
540	2218.5	0.0
550	2528.3333333333335	0.0
560	2732.0	0.0
570	2199.5	0.0
580	2491.5	0.0
590	1891.6666666666667	0.0
600	2233.6666666666665	0.0
610	2249.5	0.0
620	1848.6666666666667	0.0
630	1804.6666666666667	0.0
640	2159.0	0.0
650	2137.5	0.0
660	2117.1666666666665	0.0
670	1976.5	0.0
680	1925.8333333333333	0.0
690	1968.6666666666667	0.0
700	2113.3333333333335	0.0
710	2001.6666666666667	0.0
720	2208.0	0.0
730	1526.3333333333333	0.0
740	2728.6666666666665	0.0
750	2455.6666666666665	0.0
760	2447.1666666666665	0.0
770	2638.5	0.0
780	1373.6666666666667	0.0
790	2190.3333333333335	0.0
800	2061.8333333333335	0.0
810	1774.3333333333333	0.0
820	2306.6666666666665	0.0
830	2011.0	0.0
840	1769.6666666666667	0.0
850	1922.0	0.0
860	2000.0	0.0
870	2275.0	0.0
880	2440.6666666666665	0.0
890	2261.6666666666665	0.0
900	2326.8333333333335	0.0
910	2124.3333333333335	0.0
920	2207.1666666666665	0.0
930	2102.0	0.0
940	2143.3333333333335	0.0
950	2125.3333333333335	0.0
960	1803.0	0.0
970	1836.0	0.0
980	2015.3333333333333	0.0
990	2219.1666666666665	0.0
1000	1937.6666666666667	0.0
