0	224.66666666666666	0.0
10	70.0	0.0
20	70.0	0.0
30	70.0	0.0
40	70.0	0.0
50	70.0	0.0
60	70.0	0.0
70	70.0	0.0
80	73.0	0.0
90	76.66666666666667	0.0
100	102.66666666666667	0.0
110	97.0	0.0
120	140.66666666666666	0.0
130	338.0	0.0
140	372.3333333333333	0.0
150	127.0	0.0
160	112.0	0.0
170	336.6666666666667	0.0
180	629.0	0.0
190	227.33333333333334	0.0
200	704.3333333333334	0.0
210	378.3333333333333	0.0
220	145.33333333333334	0.0
230	271.0	0.0
240	318.0	0.0
250	310.0	0.0
260	401.0	0.0
270	590.6666666666666	0.0
280	513.0	0.0
290	356.0	0.0
300	529.0	0.0
310	438.3333333333333	0.0
320	445.0	0.0
330	662.0	0.0
340	817.0	0.0
350	790.3333333333334	0.0
360	784.0	0.0
370	983.6666666666666	0.0
380	1689.5	0.0
390	1621.8333333333333	0.0
400	1286.5	0.0
410	1723.3333333333333	0.0
420	1589.0	0.0
430	1418.3333333333333	0.0
440	1532.8333333333333	0.0
450	1649.6666666666667	0.0
460	1812.8333333333333	0.0
470	1869.6666666666667	0.0
480	1944.0	0.0
490	1884.3333333333333	0.0
500	1897.5	0.0
510	1381.6666666666667	0.0
520	1991.1666666666667	0.0
530	1525.0	0.0
540	1883.6666666666667	0.0
550	1832.3333333333333	0.0
560	1902.3333333333333	0.0
570	1609.1666666666667	0.0
580	1713.1666666666667	0.0
590	1803.8333333333333	0.0
600	1558.5	0.0
