0	234.66666666666666	0.0
10	70.0	0.0
20	70.0	0.0
30	70.0	0.0
40	70.0	0.0
50	70.0	0.0
60	70.0	0.0
70	70.0	0.0
80	70.33333333333333	0.0
90	83.0	0.0
100	118.33333333333333	0.0
110	90.66666666666667	0.0
120	316.0	0.0
130	79.0	0.0
140	236.33333333333334	0.0
150	361.3333333333333	0.0
160	168.0	0.0
170	303.6666666666667	1.0
180	216.33333333333334	1.0
190	295.0	1.0
200	152.33333333333334	2.0
210	215.33333333333334	0.0
220	173.33333333333334	3.0
230	299.0	2.0
240	419.0	1.0
250	290.3333333333333	0.0
260	379.3333333333333	0.0
270	421.0	0.0
280	445.3333333333333	0.0
290	290.3333333333333	1.0
300	527.0	3.0
310	591.0	2.0
320	1169.0	1.0
330	761.3333333333334	0.0
340	1299.1666666666667	2.0
350	2105.1666666666665	0.0
360	1522.0	2.0
370	1466.6666666666667	0.0
380	1054.5	2.0
390	1073.0	0.0
400	1523.0	0.0
410	1411.6666666666667	3.0
420	1994.0	0.0
430	1613.0	7.0
440	1713.0	3.0
450	1434.6666666666667	0.0
460	2189.6666666666665	8.0
470	1590.8333333333333	4.0
480	1392.6666666666667	0.0
490	1832.5	1.0
500	1698.3333333333333	0.0
510	1676.1666666666667	4.0
520	1482.5	1.0
530	1606.5	5.0
540	1682.0	1.0
550	2056.0	1.0
560	1893.0	5.0
570	1792.3333333333333	1.0
580	1685.1666666666667	3.0
590	1327.6666666666667	5.0
600	2407.0	7.0
610	2194.0	0.0
620	2323.1666666666665	0.0
630	2541.5	4.0
640	2486.0	0.0
650	2393.1666666666665	1.0
660	2340.3333333333335	1.0
670	2126.6666666666665	0.0
680	2187.0	1.0
690	2529.5	0.0
700	2219.3333333333335	0.0
710	2432.0	0.0
720	2737.0	0.0
730	1840.6666666666667	0.0
740	2225.1666666666665	0.0
750	2593.3333333333335	0.0
760	2409.6666666666665	0.0
770	2128.3333333333335	1.0
780	1914.8333333333333	0.0
790	2066.5	0.0
800	2187.6666666666665	2.0
810	2517.0	0.0
820	2315.1666666666665	2.0
830	1782.3333333333333	1.0
840	1633.3333333333333	0.0
850	1869.6666666666667	0.0
860	1711.0	4.0
870	1667.6666666666667	0.0
880	2215.0	4.0
890	2287.3333333333335	0.0
900	2441.3333333333335	5.0
910	2317.6666666666665	2.0
920	1717.0	2.0
930	2483.5	2.0
940	1921.8333333333333	0.0
950	2111.8333333333335	2.0
960	2302.3333333333335	4.0
970	2174.8333333333335	5.0
980	1927.0	2.0
990	2364.6666666666665	0.0
1000	2531.6666666666665	0.0
