0	313.6666666666667	0.0
10	70.0	0.0
20	70.0	0.0
30	70.0	0.0
40	70.0	0.0
50	70.0	0.0
60	70.0	0.0
70	70.0	0.0
80	70.0	0.0
90	71.0	0.0
100	101.33333333333333	0.0
110	146.66666666666666	0.0
120	73.66666666666667	0.0
130	83.33333333333333	0.0
140	180.33333333333334	0.0
150	619.6666666666666	0.0
160	147.0	0.0
170	102.66666666666667	0.0
180	177.0	0.0
190	413.0	0.0
200	140.0	1.0
210	341.6666666666667	0.0
220	282.6666666666667	0.0
230	288.3333333333333	2.0
240	414.3333333333333	0.0
250	471.0	0.0
260	639.3333333333334	1.0
270	836.3333333333334	0.0
280	837.3333333333334	0.0
290	684.0	2.0
300	551.6666666666666	0.0
310	733.0	1.0
320	864.3333333333334	3.0
330	949.6666666666666	0.0
340	1308.6666666666667	0.0
350	1196.1666666666667	1.0
360	1686.0	7.0
370	2275.3333333333335	3.0
380	1730.6666666666667	1.0
390	1463.6666666666667	1.0
400	1889.3333333333333	5.0
410	2309.5	0.0
420	2214.3333333333335	1.0
430	1763.6666666666667	3.0
440	2000.5	2.0
450	2023.6666666666667	8.0
460	2368.3333333333335	2.0
470	2377.3333333333335	2.0
480	2405.0	0.0
490	2301.3333333333335	1.0
500	2234.0	6.0
510	2457.6666666666665	0.0
520	2330.0	0.0
530	2517.3333333333335	0.0
540	2330.6666666666665	5.0
550	2387.5	2.0
560	2619.6666666666665	0.0
570	2456.6666666666665	0.0
580	1959.0	0.0
590	2342.3333333333335	2.0
600	2804.3333333333335	2.0
610	2465.6666666666665	5.0
620	2158.3333333333335	0.0
630	2455.0	2.0
640	2363.5	0.0
650	2325.6666666666665	0.0
660	2075.3333333333335	0.0
670	2333.0	0.0
680	1800.0	3.0
690	2357.6666666666665	3.0
700	2357.3333333333335	1.0
710	1494.6666666666667	0.0
720	1804.0	0.0
730	1862.0	0.0
740	1891.0	0.0
750	2155.6666666666665	1.0
760	1912.6666666666667	0.0
770	1609.3333333333333	0.0
780	2367.3333333333335	1.0
790	2111.5	0.0
800	2285.6666666666665	0.0
810	2178.6666666666665	1.0
820	1919.8333333333333	1.0
830	2190.8333333333335	4.0
840	2318.3333333333335	1.0
850	2411.5	1.0
860	1892.0	1.0
870	1735.0	1.0
880	1894.8333333333333	0.0
890	1583.0	1.0
900	2579.0	1.0
910	2506.6666666666665	0.0
920	2385.0	0.0
930	2302.3333333333335	0.0
940	2419.3333333333335	0.0
950	2339.6666666666665	0.0
960	1784.1666666666667	0.0
970	1903.3333333333333	0.0
980	2100.8333333333335	0.0
990	1536.6666666666667	0.0
1000	1960.8333333333333	4.0
