0	310.0	0.0
10	70.0	0.0
20	70.0	0.0
30	70.0	0.0
40	70.0	0.0
50	70.0	0.0
60	70.0	0.0
70	70.33333333333333	0.0
80	70.66666666666667	0.0
90	83.33333333333333	0.0
100	104.66666666666667	0.0
110	138.0	0.0
120	275.3333333333333	0.0
130	211.66666666666666	0.0
140	274.0	1.0
150	335.0	0.0
160	276.3333333333333	3.0
170	401.0	3.0
180	608.0	4.0
190	1162.3333333333333	0.0
200	1696.6666666666667	2.0
210	1977.8333333333333	0.0
220	2221.8333333333335	0.0
230	1963.5	0.0
240	2277.3333333333335	0.0
250	2089.5	1.0
260	2028.8333333333333	3.0
270	2097.6666666666665	0.0
280	2181.3333333333335	0.0
290	2441.0	2.0
300	2339.0	1.0
310	2465.0	0.0
320	2258.3333333333335	0.0
330	2406.3333333333335	1.0
340	2307.0	2.0
350	2389.8333333333335	3.0
360	2001.3333333333333	0.0
370	2488.1666666666665	5.0
380	2325.3333333333335	2.0
390	2376.1666666666665	0.0
400	2386.3333333333335	2.0
410	2397.8333333333335	0.0
420	2444.1666666666665	0.0
430	2573.6666666666665	3.0
440	2491.0	1.0
450	2463.1666666666665	0.0
460	2564.5	0.0
470	2360.8333333333335	0.0
480	2307.0	0.0
490	2358.0	0.0
500	2468.6666666666665	1.0
510	1920.3333333333333	0.0
520	2485.1666666666665	0.0
530	2463.1666666666665	0.0
540	2339.1666666666665	2.0
550	2431.3333333333335	0.0
560	1958.5	2.0
570	2372.6666666666665	3.0
580	2232.8333333333335	1.0
590	2080.0	2.0
600	1731.5	0.0
610	1444.8333333333333	0.0
620	2369.1666666666665	0.0
630	1917.6666666666667	0.0
640	2072.6666666666665	1.0
650	2335.6666666666665	1.0
660	1659.0	3.0
670	1809.6666666666667	3.0
680	2543.0	1.0
690	1602.0	3.0
700	1526.0	0.0
710	1910.3333333333333	0.0
720	2389.6666666666665	0.0
730	2472.5	2.0
740	2370.0	0.0
750	2553.1666666666665	0.0
760	1795.1666666666667	0.0
770	1828.0	2.0
780	1467.6666666666667	3.0
790	1850.6666666666667	0.0
800	1683.3333333333333	3.0
810	2088.8333333333335	2.0
820	2074.6666666666665	1.0
830	2277.3333333333335	6.0
840	1924.0	2.0
850	1947.1666666666667	2.0
860	1627.5	2.0
870	2554.1666666666665	0.0
880	2616.8333333333335	1.0
890	2274.6666666666665	0.0
900	2426.0	2.0
910	2346.0	0.0
920	2568.0	0.0
930	1437.6666666666667	0.0
940	2060.0	0.0
950	1779.8333333333333	0.0
960	2115.1666666666665	1.0
970	1725.0	3.0
980	1849.5	0.0
990	1822.3333333333333	3.0
1000	1535.1666666666667	0.0
