0	274.0	0.0
10	70.0	0.0
20	70.0	0.0
30	70.0	0.0
40	70.0	0.0
50	70.0	0.0
60	70.0	0.0
70	70.0	0.0
80	71.66666666666667	0.0
90	77.33333333333333	0.0
100	74.66666666666667	0.0
110	239.66666666666666	0.0
120	337.6666666666667	0.0
130	170.66666666666666	0.0
140	213.33333333333334	0.0
150	196.0	1.0
160	416.0	0.0
170	325.3333333333333	1.0
180	355.6666666666667	0.0
190	477.3333333333333	0.0
200	380.6666666666667	0.0
210	241.0	0.0
220	351.3333333333333	2.0
230	434.0	2.0
240	389.3333333333333	0.0
250	284.0	0.0
260	384.0	0.0
270	371.0	0.0
280	414.6666666666667	1.0
290	512.3333333333334	2.0
300	1115.0	5.0
310	1704.8333333333333	0.0
320	2012.6666666666667	0.0
330	2505.6666666666665	2.0
340	1201.0	0.0
350	2132.5	0.0
360	2522.3333333333335	2.0
370	1918.0	0.0
380	2485.0	2.0
390	2131.0	1.0
400	2587.8333333333335	0.0
410	2108.0	0.0
420	2684.3333333333335	0.0
430	2540.0	1.0
440	2521.3333333333335	1.0
450	2285.0	0.0
460	2334.3333333333335	2.0
470	2144.6666666666665	2.0
480	1786.0	2.0
490	1723.0	0.0
500	2387.3333333333335	0.0
510	2385.0	0.0
520	2323.6666666666665	1.0
530	2372.3333333333335	0.0
540	2424.6666666666665	2.0
550	2405.0	1.0
560	1657.3333333333333	0.0
570	1853.0	0.0
580	2048.0	2.0
590	2003.6666666666667	1.0
600	2377.0	6.0
610	2043.0	3.0
620	2036.3333333333333	1.0
630	1951.0	4.0
640	2033.0	3.0
650	1738.0	3.0
660	2461.3333333333335	2.0
670	2585.6666666666665	0.0
680	2378.0	0.0
690	2647.0	1.0
700	2117.3333333333335	0.0
710	2281.6666666666665	0.0
720	2387.1666666666665	0.0
730	2276.6666666666665	0.0
740	2451.3333333333335	0.0
750	2416.0	0.0
760	2526.8333333333335	0.0
770	2232.6666666666665	0.0
780	2311.3333333333335	1.0
790	2504.8333333333335	5.0
800	2417.5	0.0
810	2449.1666666666665	0.0
820	2565.6666666666665	2.0
830	2402.3333333333335	0.0
840	2322.6666666666665	0.0
850	2437.3333333333335	6.0
860	2485.0	2.0
870	2494.0	0.0
880	2526.0	1.0
890	2548.0	0.0
900	1950.3333333333333	0.0
910	1635.6666666666667	1.0
920	2535.6666666666665	5.0
930	1721.5	0.0
940	1946.6666666666667	2.0
950	2129.6666666666665	12.0
960	2530.8333333333335	2.0
970	2342.6666666666665	6.0
980	2178.3333333333335	3.0
990	1806.0	3.0
1000	2223.6666666666665	5.0
