0	296.3333333333333	0.0
10	70.0	0.0
20	70.0	0.0
30	70.0	0.0
40	70.0	0.0
50	70.0	0.0
60	70.0	0.0
70	70.0	0.0
80	70.33333333333333	0.0
90	72.66666666666667	0.0
100	72.66666666666667	0.0
110	109.0	0.0
120	232.33333333333334	0.0
130	110.66666666666667	0.0
140	318.0	0.0
150	205.33333333333334	0.0
160	380.3333333333333	3.0
170	187.33333333333334	0.0
180	163.66666666666666	2.0
190	355.6666666666667	1.0
200	374.0	0.0
210	354.6666666666667	0.0
220	262.3333333333333	1.0
230	512.6666666666666	1.0
240	495.3333333333333	2.0
250	704.3333333333334	1.0
260	399.0	2.0
270	1046.8333333333333	3.0
280	1313.1666666666667	0.0
290	1876.8333333333333	0.0
300	1953.6666666666667	1.0
310	2812.8333333333335	5.0
320	2431.3333333333335	1.0
330	2466.0	0.0
340	2379.6666666666665	2.0
350	2353.6666666666665	0.0
360	2363.0	5.0
370	2490.5	0.0
380	2681.1666666666665	0.0
390	2360.5	2.0
400	2543.3333333333335	0.0
410	2267.3333333333335	0.0
420	2365.3333333333335	4.0
430	2713.6666666666665	0.0
440	2411.0	2.0
450	2680.3333333333335	0.0
460	2038.6666666666667	1.0
470	2530.8333333333335	0.0
480	2343.1666666666665	5.0
490	2599.5	0.0
500	2368.0	1.0
510	2436.6666666666665	0.0
520	1838.5	0.0
530	1588.8333333333333	0.0
540	1776.5	1.0
550	2443.6666666666665	0.0
560	1623.6666666666667	0.0
570	2488.6666666666665	0.0
580	2433.0	2.0
590	2345.3333333333335	1.0
600	2155.3333333333335	0.0
610	2537.6666666666665	0.0
620	2234.1666666666665	1.0
630	1786.0	2.0
640	2562.1666666666665	0.0
650	2315.0	1.0
660	2476.3333333333335	0.0
670	2324.5	0.0
680	2555.8333333333335	0.0
690	2622.5	0.0
700	2450.8333333333335	1.0
710	2295.1666666666665	0.0
720	1645.6666666666667	1.0
730	2141.8333333333335	3.0
740	2134.0	3.0
750	2263.5	2.0
760	2031.0	4.0
770	1958.3333333333333	4.0
780	1843.0	1.0
790	1998.6666666666667	2.0
800	2289.3333333333335	4.0
810	1927.6666666666667	4.0
820	2103.3333333333335	3.0
830	2052.6666666666665	1.0
840	2203.6666666666665	5.0
850	2303.6666666666665	2.0
860	2044.8333333333333	4.0
870	2066.0	2.0
880	1764.3333333333333	1.0
890	2222.0	0.0
900	2347.3333333333335	0.0
910	2017.6666666666667	0.0
920	2433.8333333333335	2.0
930	2313.3333333333335	0.0
940	2441.5	1.0
950	2479.1666666666665	0.0
960	2717.5	0.0
970	2405.0	0.0
980	2350.0	0.0
990	2193.0	0.0
1000	2260.3333333333335	3.0
