0	257.6666666666667	0.0
10	70.0	0.0
20	70.0	0.0
30	70.0	0.0
40	70.0	0.0
50	70.0	0.0
60	70.0	0.0
70	70.0	0.0
80	70.33333333333333	0.0
90	71.33333333333333	0.0
100	76.0	0.0
110	155.0	0.0
120	292.0	0.0
130	392.6666666666667	0.0
140	402.0	7.0
150	320.6666666666667	0.0
160	121.33333333333333	0.0
170	285.3333333333333	1.0
180	168.66666666666666	1.0
190	417.6666666666667	0.0
200	882.0	0.0
210	476.6666666666667	0.0
220	896.8333333333334	1.0
230	1982.0	0.0
240	2060.0	2.0
250	1810.3333333333333	0.0
260	1933.6666666666667	2.0
270	1100.0	0.0
280	2069.0	0.0
290	2407.0	0.0
300	2327.3333333333335	2.0
310	2443.0	1.0
320	2197.0	2.0
330	2265.0	1.0
340	2529.0	0.0
350	2471.0	0.0
360	2552.6666666666665	1.0
370	2117.3333333333335	1.0
380	2151.3333333333335	0.0
390	2304.5	3.0
400	2254.0	1.0
410	1721.6666666666667	0.0
420	1081.6666666666667	0.0
430	1744.1666666666667	2.0
440	1908.8333333333333	4.0
450	1710.1666666666667	2.0
460	1243.0	5.0
470	1347.1666666666667	0.0
480	1358.6666666666667	0.0
490	1081.3333333333333	2.0
500	1326.5	1.0
510	2244.0	0.0
520	1864.3333333333333	1.0
530	1850.6666666666667	3.0
540	2117.3333333333335	3.0
550	2146.3333333333335	2.0
560	1539.0	5.0
570	2178.5	1.0
580	1800.6666666666667	2.0
590	1353.3333333333333	3.0
600	2029.0	1.0
610	1960.0	0.0
620	2038.1666666666667	2.0
630	2106.1666666666665	0.0
640	1833.3333333333333	1.0
650	2192.0	3.0
660	1933.5	0.0
670	2279.3333333333335	2.0
680	2129.0	5.0
690	2605.6666666666665	0.0
700	2247.6666666666665	1.0
710	2231.8333333333335	3.0
720	1965.6666666666667	0.0
730	2503.6666666666665	3.0
740	2505.6666666666665	1.0
750	2487.0	0.0
760	2426.3333333333335	0.0
770	2064.0	3.0
780	2230.8333333333335	0.0
790	2174.3333333333335	0.0
800	2148.3333333333335	3.0
810	2265.3333333333335	2.0
820	2382.3333333333335	2.0
830	2398.3333333333335	0.0
840	2587.6666666666665	0.0
850	2311.1666666666665	0.0
860	2268.6666666666665	4.0
870	2340.6666666666665	1.0
880	2218.3333333333335	0.0
890	2573.0	1.0
900	2124.3333333333335	0.0
910	2281.6666666666665	2.0
920	2462.1666666666665	0.0
930	1883.1666666666667	0.0
940	2504.3333333333335	3.0
950	2439.0	0.0
960	1863.0	9.0
970	1807.3333333333333	2.0
980	1862.8333333333333	0.0
990	2377.5	2.0
1000	1558.3333333333333	2.0
