0	268.6666666666667	0.0
10	70.0	1000.0
20	70.0	0.0
30	70.0	0.0
40	73.0	0.0
50	83.0	0.0
60	247.0	0.0
70	271.6666666666667	0.0
80	517.3333333333334	0.0
90	75.0	0.0
100	401.0	0.0
110	412.3333333333333	0.0
120	518.3333333333334	0.0
130	362.3333333333333	0.0
140	193.33333333333334	0.0
150	281.3333333333333	0.0
160	330.0	0.0
170	304.6666666666667	0.0
180	325.0	0.0
190	319.3333333333333	0.0
200	366.0	0.0
210	485.3333333333333	0.0
220	431.0	0.0
230	960.3333333333334	0.0
240	1095.3333333333333	0.0
250	898.0	0.0
260	1306.5	0.0
270	1260.6666666666667	0.0
280	2285.8333333333335	0.0
290	1883.1666666666667	0.0
300	2252.8333333333335	0.0
310	2420.1666666666665	0.0
320	2283.6666666666665	0.0
330	2523.6666666666665	0.0
340	2804.3333333333335	0.0
350	2407.3333333333335	0.0
360	2427.3333333333335	0.0
370	2410.3333333333335	0.0
380	2384.1666666666665	0.0
390	2608.8333333333335	0.0
400	2514.6666666666665	0.0
410	2537.6666666666665	0.0
420	2600.8333333333335	0.0
430	2551.5	0.0
440	2397.3333333333335	0.0
450	1859.5	0.0
460	2510.3333333333335	0.0
470	1796.1666666666667	0.0
480	1639.1666666666667	0.0
490	1663.6666666666667	0.0
500	2154.1666666666665	0.0
510	1656.6666666666667	0.0
520	1729.3333333333333	0.0
530	1810.5	0.0
540	1804.0	0.0
550	2128.0	0.0
560	1787.0	0.0
570	1897.3333333333333	0.0
580	2478.8333333333335	0.0
590	2289.8333333333335	0.0
600	1554.0	0.0
610	1283.6666666666667	0.0
620	1555.0	0.0
630	1638.6666666666667	0.0
640	1880.8333333333333	0.0
650	2362.3333333333335	0.0
660	2623.1666666666665	0.0
670	2524.1666666666665	0.0
680	2352.6666666666665	0.0
690	2425.0	0.0
700	2129.5	0.0
710	2380.3333333333335	0.0
720	2331.3333333333335	0.0
730	2315.6666666666665	0.0
740	2534.6666666666665	0.0
750	2550.6666666666665	0.0
760	2231.0	0.0
770	2410.0	0.0
780	2478.0	0.0
790	2524.3333333333335	0.0
800	2327.0	0.0
810	2375.3333333333335	0.0
820	2505.3333333333335	0.0
830	2453.6666666666665	0.0
840	2555.3333333333335	0.0
850	2401.3333333333335	0.0
860	1909.0	0.0
870	2415.5	0.0
880	1877.0	0.0
890	1820.6666666666667	0.0
900	1678.0	0.0
910	1880.1666666666667	0.0
920	1309.6666666666667	0.0
930	1382.0	0.0
940	1552.0	0.0
950	2274.1666666666665	0.0
960	2536.3333333333335	0.0
970	2307.3333333333335	0.0
980	2260.3333333333335	0.0
990	2457.8333333333335	0.0
1000	2576.5	0.0
