0	314.3333333333333	0.0
10	1825.3333333333333	1000.0
20	2087.5	0.0
30	2083.1666666666665	0.0
40	2068.5	0.0
50	2148.0	0.0
60	2073.5	0.0
70	2059.0	0.0
80	2142.0	0.0
90	1982.1666666666667	0.0
100	2067.3333333333335	0.0
110	2017.0	0.0
120	2192.5	0.0
130	2023.6666666666667	0.0
140	2267.5	0.0
150	1999.3333333333333	0.0
160	2185.5	0.0
170	2520.3333333333335	0.0
180	2248.5	0.0
190	2435.6666666666665	0.0
200	2265.1666666666665	0.0
210	2186.3333333333335	0.0
220	2290.3333333333335	0.0
230	2343.3333333333335	0.0
240	2327.6666666666665	0.0
250	2116.6666666666665	0.0
260	2268.0	0.0
270	2223.6666666666665	0.0
280	2269.1666666666665	0.0
290	2436.3333333333335	0.0
300	2277.5	0.0
310	2457.6666666666665	0.0
320	2253.6666666666665	0.0
330	2633.0	0.0
340	2329.5	0.0
350	2700.8333333333335	0.0
360	2500.0	0.0
370	2326.5	0.0
380	2815.1666666666665	0.0
390	2752.3333333333335	0.0
400	2876.8333333333335	0.0
410	2655.5	0.0
420	2708.5	0.0
430	2512.5	0.0
440	2493.6666666666665	0.0
450	2504.1666666666665	0.0
460	2630.8333333333335	0.0
470	2807.6666666666665	0.0
480	2697.0	0.0
490	2600.8333333333335	0.0
500	2854.0	0.0
