0	304.6666666666667	0.0
10	70.0	1000.0
20	70.0	0.0
30	70.0	0.0
40	70.0	0.0
50	70.0	0.0
60	70.0	0.0
70	70.0	0.0
80	70.0	0.0
90	70.0	0.0
100	70.0	0.0
110	70.0	0.0
120	70.0	0.0
130	70.0	0.0
140	70.0	0.0
150	70.66666666666667	0.0
160	70.0	0.0
170	73.0	0.0
180	70.0	0.0
190	78.66666666666667	0.0
200	70.66666666666667	0.0
210	129.66666666666666	0.0
220	224.33333333333334	0.0
230	187.0	0.0
240	170.0	0.0
250	148.0	0.0
260	165.0	0.0
270	138.0	0.0
280	152.66666666666666	0.0
290	170.66666666666666	0.0
300	139.33333333333334	0.0
310	155.33333333333334	0.0
320	130.0	0.0
330	190.33333333333334	0.0
340	155.0	0.0
350	156.66666666666666	0.0
360	296.3333333333333	0.0
370	483.3333333333333	0.0
380	609.3333333333334	0.0
390	890.0	0.0
400	1062.3333333333333	0.0
410	1183.6666666666667	0.0
420	1127.3333333333333	0.0
430	1757.6666666666667	0.0
440	1484.6666666666667	0.0
450	1654.6666666666667	0.0
460	1421.0	0.0
470	2012.6666666666667	0.0
480	1937.0	0.0
490	1909.6666666666667	0.0
500	2473.3333333333335	0.0
510	2284.3333333333335	0.0
520	1924.0	0.0
530	2205.8333333333335	0.0
540	2338.6666666666665	0.0
550	2296.5	0.0
560	1947.6666666666667	0.0
570	2333.0	0.0
580	2301.5	0.0
590	2315.6666666666665	0.0
600	2367.5	0.0
610	2386.0	0.0
620	2254.5	0.0
630	2326.0	0.0
640	2397.6666666666665	0.0
650	2150.3333333333335	0.0
660	2765.0	0.0
670	2376.1666666666665	0.0
680	2614.1666666666665	0.0
690	2461.3333333333335	0.0
700	2587.1666666666665	0.0
710	2362.3333333333335	0.0
720	2840.3333333333335	0.0
730	2410.1666666666665	0.0
740	2628.0	0.0
750	2402.8333333333335	0.0
760	2398.0	0.0
770	2646.6666666666665	0.0
780	2563.6666666666665	0.0
790	2326.3333333333335	0.0
800	2583.3333333333335	0.0
810	2466.6666666666665	0.0
820	2537.1666666666665	0.0
830	2645.3333333333335	0.0
840	2279.5	0.0
850	2556.6666666666665	0.0
860	2570.8333333333335	0.0
870	2655.5	0.0
880	2634.3333333333335	0.0
890	2666.3333333333335	0.0
900	2636.6666666666665	0.0
910	2725.6666666666665	0.0
920	2666.8333333333335	0.0
930	2498.0	0.0
940	2500.3333333333335	0.0
950	2521.3333333333335	0.0
960	2566.8333333333335	0.0
970	1970.1666666666667	0.0
980	2090.0	0.0
990	2731.6666666666665	0.0
1000	2549.8333333333335	0.0
