0	316.3333333333333	0.0
10	70.0	1000.0
20	70.0	0.0
30	70.0	0.0
40	70.0	0.0
50	70.0	0.0
60	70.0	0.0
70	70.0	0.0
80	70.0	0.0
90	70.0	0.0
100	70.0	0.0
110	70.0	0.0
120	70.0	0.0
130	70.0	0.0
140	70.0	0.0
150	70.0	0.0
160	70.0	0.0
170	73.33333333333333	0.0
180	72.0	0.0
190	71.0	0.0
200	71.0	0.0
210	74.33333333333333	0.0
220	100.33333333333333	0.0
230	76.33333333333333	0.0
240	191.66666666666666	0.0
250	475.6666666666667	0.0
260	421.6666666666667	0.0
270	146.0	0.0
280	310.6666666666667	0.0
290	155.66666666666666	0.0
300	145.66666666666666	0.0
310	174.66666666666666	0.0
320	263.0	0.0
330	220.66666666666666	0.0
340	147.66666666666666	0.0
350	278.3333333333333	0.0
360	154.66666666666666	0.0
370	268.3333333333333	0.0
380	186.33333333333334	0.0
390	251.0	0.0
400	415.6666666666667	0.0
410	790.0	0.0
420	717.6666666666666	0.0
430	769.0	0.0
440	811.0	0.0
450	740.0	0.0
460	691.6666666666666	0.0
470	1210.5	0.0
480	1300.0	0.0
490	1142.0	0.0
500	1244.0	0.0
510	1392.0	0.0
520	1599.6666666666667	0.0
530	1682.3333333333333	0.0
540	1536.6666666666667	0.0
550	1614.3333333333333	0.0
560	1746.1666666666667	0.0
570	1902.3333333333333	0.0
580	2520.6666666666665	0.0
590	2219.5	0.0
600	2175.6666666666665	0.0
610	2073.3333333333335	0.0
620	2259.6666666666665	0.0
630	2181.1666666666665	0.0
640	2205.3333333333335	0.0
650	2391.0	0.0
660	2100.0	0.0
670	2316.0	0.0
680	2665.6666666666665	0.0
690	2564.8333333333335	0.0
700	2360.3333333333335	0.0
710	2431.6666666666665	0.0
720	2355.6666666666665	0.0
730	2291.0	0.0
740	2705.6666666666665	0.0
750	2490.6666666666665	0.0
760	2425.6666666666665	0.0
770	2732.1666666666665	0.0
780	2574.6666666666665	0.0
790	2804.1666666666665	0.0
800	2613.6666666666665	0.0
810	2887.8333333333335	0.0
820	2782.5	0.0
830	2622.1666666666665	0.0
840	2592.6666666666665	0.0
850	2459.1666666666665	0.0
860	2594.6666666666665	0.0
870	2660.6666666666665	0.0
880	2707.1666666666665	0.0
890	2445.3333333333335	0.0
900	2454.3333333333335	0.0
910	2598.0	0.0
920	2459.3333333333335	0.0
930	2394.6666666666665	0.0
940	2467.5	0.0
950	2485.6666666666665	0.0
960	2564.0	0.0
970	2317.8333333333335	0.0
980	2306.3333333333335	0.0
990	2594.3333333333335	0.0
1000	2748.5	0.0
