0	258.6666666666667	0.0
10	2092.0	1000.0
20	1972.0	0.0
30	1892.5	0.0
40	2194.1666666666665	0.0
50	1973.6666666666667	0.0
60	2114.8333333333335	0.0
70	2155.0	0.0
80	1947.1666666666667	0.0
90	2085.5	0.0
100	2218.8333333333335	0.0
110	2181.0	0.0
120	2089.6666666666665	0.0
130	2176.8333333333335	0.0
140	2332.6666666666665	0.0
150	2074.3333333333335	0.0
160	2325.3333333333335	0.0
170	2196.1666666666665	0.0
180	2048.8333333333335	0.0
190	2282.0	0.0
200	2222.3333333333335	0.0
210	2372.0	0.0
220	2356.3333333333335	0.0
230	2451.5	0.0
240	2445.1666666666665	0.0
250	2087.1666666666665	0.0
260	2498.5	0.0
270	2338.1666666666665	0.0
280	2173.0	0.0
290	2408.1666666666665	0.0
300	2398.3333333333335	0.0
310	2418.0	0.0
320	2383.8333333333335	0.0
330	2488.0	0.0
340	2451.1666666666665	0.0
350	2381.5	0.0
360	2529.3333333333335	0.0
370	2515.8333333333335	0.0
380	2230.1666666666665	0.0
390	2438.3333333333335	0.0
400	2751.3333333333335	0.0
410	2738.8333333333335	0.0
420	2684.1666666666665	0.0
430	2436.5	0.0
440	2598.6666666666665	0.0
450	2366.8333333333335	0.0
460	2593.3333333333335	0.0
470	2465.0	0.0
480	2372.3333333333335	0.0
490	2734.8333333333335	0.0
500	2743.0	0.0
