0	261.8555555555556	0.0
10	145.57777777777775	280.6666666666667
20	210.34444444444446	231.83333333333334
30	315.58888888888885	236.76666666666668
40	738.188888888889	181.63333333333333
50	1569.7	59.56666666666667
60	1735.5333333333333	9.533333333333333
70	2059.5666666666675	0.0
80	2242.5888888888885	0.0
90	2237.6166666666663	0.0
100	2305.0555555555557	0.0
110	2288.1888888888884	0.0
120	2307.483333333334	0.0
130	2315.355555555556	0.0
140	2326.4666666666667	0.0
150	2334.077777777778	0.0
160	2367.2222222222217	0.0
170	2333.405555555555	0.0
180	2342.8333333333335	0.0
190	2325.45	0.0
200	2280.7055555555557	0.0
210	2238.8777777777777	0.0
220	2162.6222222222227	0.0
230	2134.961111111111	0.0
240	2133.3	0.0
250	2040.4333333333332	0.0
260	2084.8055555555557	0.0
270	1977.2166666666667	0.0
280	2028.0333333333333	0.0
290	1993.477777777778	0.0
300	2088.9611111111117	0.0
310	2026.2666666666667	0.0
320	1933.9944444444448	0.0
330	2022.2055555555557	0.0
340	1919.6333333333337	0.0
350	1981.0111111111116	0.0
360	1945.5944444444451	0.0
370	2075.7277777777776	0.0
380	1992.6833333333332	0.0
390	2049.677777777778	0.0
400	2073.061111111111	0.0
410	2029.4277777777777	0.0
420	2100.588888888889	0.0
430	2117.322222222222	0.0
440	2052.3444444444444	0.0
450	2078.6611111111106	0.0
460	2145.983333333333	0.0
470	2075.122222222222	0.0
480	2138.905555555555	0.0
490	2153.883333333333	0.0
500	2186.511111111111	0.0
510	2231.0666666666666	0.0
520	2236.761111111111	0.0
530	2257.25	0.0
540	2170.0388888888892	0.0
550	2246.677777777777	0.0
560	2287.8	0.0
570	2240.005555555556	0.0
580	2211.2055555555557	0.0
590	2193.7888888888892	0.0
600	2205.916666666666	0.0
610	2157.038888888889	0.0
620	2216.577777777778	0.0
630	2202.4888888888886	0.0
640	2257.1111111111104	0.0
650	2240.5	0.0
660	2215.3777777777777	0.0
670	2282.8277777777776	0.0
680	2245.338888888889	0.0
690	2214.522222222222	0.0
700	2250.6333333333337	0.0
710	2245.2944444444447	0.0
720	2248.505555555556	0.0
730	2305.3833333333337	0.0
740	2174.916666666667	0.0
750	2225.977777777778	0.0
760	2246.055555555555	0.0
770	2218.6944444444443	0.0
780	2211.0500000000006	0.0
790	2292.922222222222	0.0
800	2264.616666666667	0.0
810	2249.005555555556	0.0
820	2244.3222222222225	0.0
830	2232.9333333333334	0.0
840	2282.1666666666665	0.0
850	2365.8333333333335	0.0
860	2289.3611111111113	0.0
870	2233.516666666667	0.0
880	2313.3055555555557	0.0
890	2239.9555555555553	0.0
900	2219.4	0.0
910	2180.5666666666666	0.0
920	2233.2444444444436	0.0
930	2214.611111111111	0.0
940	2317.0111111111114	0.0
950	2272.094444444445	0.0
960	2291.6500000000005	0.0
970	2298.3222222222225	0.0
980	2272.194444444445	0.0
990	2179.577777777778	0.0
1000	2274.2888888888892	0.0
