0	248.66666666666666	0.0
10	141.66666666666666	294.0
20	143.0	259.0
30	207.33333333333334	263.0
40	1471.3333333333333	184.0
50	1881.0	0.0
60	1497.0	0.0
70	1852.0	0.0
80	2256.0	0.0
90	2180.6666666666665	0.0
100	2515.0	0.0
110	2267.6666666666665	0.0
120	2418.3333333333335	0.0
130	2287.6666666666665	0.0
140	2476.0	0.0
150	2673.3333333333335	0.0
160	2402.3333333333335	0.0
170	2318.6666666666665	0.0
180	2425.0	0.0
190	2413.1666666666665	0.0
200	2610.0	0.0
210	1300.6666666666667	0.0
220	1235.6666666666667	0.0
230	974.3333333333334	0.0
240	2397.0	0.0
250	1997.6666666666667	0.0
260	1828.8333333333333	0.0
270	1412.3333333333333	0.0
280	1958.5	0.0
290	2022.0	0.0
300	1728.0	0.0
310	2060.6666666666665	0.0
320	2289.0	0.0
330	2097.5	0.0
340	2178.0	0.0
350	1836.6666666666667	0.0
360	2250.3333333333335	0.0
370	1799.8333333333333	0.0
380	1949.0	0.0
390	2062.6666666666665	0.0
400	2589.6666666666665	0.0
410	1929.6666666666667	0.0
420	1957.6666666666667	0.0
430	2295.8333333333335	0.0
440	1695.0	0.0
450	2350.8333333333335	0.0
460	2198.0	0.0
470	1814.1666666666667	0.0
480	2311.6666666666665	0.0
490	2252.8333333333335	0.0
500	2384.0	0.0
510	2179.3333333333335	0.0
520	2399.0	0.0
530	2345.3333333333335	0.0
540	2376.3333333333335	0.0
550	2183.6666666666665	0.0
560	2153.0	0.0
570	2522.3333333333335	0.0
580	2557.8333333333335	0.0
590	2543.3333333333335	0.0
600	2387.0	0.0
610	2300.3333333333335	0.0
620	2532.1666666666665	0.0
630	2408.5	0.0
640	2683.6666666666665	0.0
650	2626.3333333333335	0.0
660	1615.6666666666667	0.0
670	1761.3333333333333	0.0
680	1806.0	0.0
690	2000.0	0.0
700	2265.8333333333335	0.0
710	1901.0	0.0
720	2424.0	0.0
730	1660.8333333333333	0.0
740	2210.6666666666665	0.0
750	1512.3333333333333	0.0
760	1595.6666666666667	0.0
770	1780.6666666666667	0.0
780	2628.6666666666665	0.0
790	2271.0	0.0
800	2568.1666666666665	0.0
810	2675.1666666666665	0.0
820	2363.0	0.0
830	2575.5	0.0
840	2343.8333333333335	0.0
850	2347.1666666666665	0.0
860	2189.3333333333335	0.0
870	1705.6666666666667	0.0
880	1867.0	0.0
890	2307.0	0.0
900	1819.6666666666667	0.0
910	1793.0	0.0
920	2472.0	0.0
930	2459.1666666666665	0.0
940	2507.5	0.0
950	2534.3333333333335	0.0
960	2320.0	0.0
970	2417.8333333333335	0.0
980	2243.0	0.0
990	2358.0	0.0
1000	2351.3333333333335	0.0
