0	269.6666666666667	0.0
10	70.0	0.0
20	70.0	0.0
30	70.0	0.0
40	70.0	0.0
50	70.0	0.0
60	70.0	0.0
70	70.0	0.0
80	70.0	0.0
90	70.0	0.0
100	70.0	0.0
110	70.0	0.0
120	70.0	0.0
130	70.0	0.0
140	70.0	0.0
150	70.33333333333333	0.0
160	70.0	0.0
170	70.66666666666667	0.0
180	70.0	0.0
190	70.66666666666667	0.0
200	71.33333333333333	0.0
210	71.66666666666667	0.0
220	70.0	0.0
230	72.0	0.0
240	81.0	0.0
250	117.66666666666667	0.0
260	128.66666666666666	0.0
270	145.33333333333334	0.0
280	152.33333333333334	0.0
290	140.0	0.0
300	130.0	0.0
310	155.0	0.0
320	138.0	0.0
330	146.0	0.0
340	146.0	0.0
350	138.0	0.0
360	130.0	0.0
370	146.0	0.0
380	171.0	0.0
390	180.66666666666666	0.0
400	151.66666666666666	0.0
410	138.0	0.0
420	156.66666666666666	0.0
430	360.6666666666667	0.0
440	420.0	0.0
450	511.0	0.0
460	821.0	0.0
470	782.3333333333334	0.0
480	1076.0	0.0
490	1197.3333333333333	0.0
500	1149.6666666666667	0.0
510	1538.0	0.0
520	1952.6666666666667	0.0
530	1694.0	0.0
540	1613.3333333333333	0.0
550	2260.5	0.0
560	2408.6666666666665	0.0
570	1793.6666666666667	0.0
580	2344.0	0.0
590	2234.6666666666665	0.0
600	1756.6666666666667	0.0
610	2438.6666666666665	0.0
620	2302.3333333333335	0.0
630	2155.6666666666665	0.0
640	2242.5	0.0
650	2094.6666666666665	0.0
660	2235.1666666666665	0.0
670	2009.6666666666667	0.0
680	2208.0	0.0
690	2177.6666666666665	0.0
700	2365.1666666666665	0.0
710	2539.8333333333335	0.0
720	2408.0	0.0
730	2673.3333333333335	0.0
740	2634.8333333333335	0.0
750	2350.8333333333335	0.0
760	2575.3333333333335	0.0
770	2588.5	0.0
780	2432.6666666666665	0.0
790	2483.3333333333335	0.0
800	2442.3333333333335	0.0
810	2528.3333333333335	0.0
820	2769.3333333333335	0.0
830	2661.6666666666665	0.0
840	2873.6666666666665	0.0
850	2726.5	0.0
860	2685.6666666666665	0.0
870	2681.5	0.0
880	2534.8333333333335	0.0
890	2399.8333333333335	0.0
900	2537.0	0.0
910	2654.6666666666665	0.0
920	2500.6666666666665	0.0
930	2526.3333333333335	0.0
940	2440.1666666666665	0.0
950	2750.0	0.0
960	2431.6666666666665	0.0
970	2540.6666666666665	0.0
980	2568.3333333333335	0.0
990	2624.3333333333335	0.0
1000	2674.6666666666665	0.0
