0	237.33333333333334	0.0
10	124.33333333333333	225.0
20	113.0	0.0
30	102.66666666666667	0.0
40	100.66666666666667	0.0
50	100.0	0.0
60	100.66666666666667	0.0
70	100.66666666666667	0.0
80	100.0	0.0
90	100.0	0.0
100	101.33333333333333	0.0
110	100.0	0.0
120	101.33333333333333	0.0
130	106.66666666666667	0.0
140	119.33333333333333	0.0
150	127.0	0.0
160	132.0	0.0
170	131.66666666666666	0.0
180	130.66666666666666	0.0
190	130.66666666666666	0.0
200	131.0	0.0
210	130.0	0.0
220	130.0	0.0
230	159.0	0.0
240	423.6666666666667	0.0
250	359.6666666666667	0.0
260	423.3333333333333	0.0
270	459.6666666666667	0.0
280	157.66666666666666	0.0
290	631.3333333333334	0.0
300	551.6666666666666	0.0
310	500.3333333333333	0.0
320	665.6666666666666	0.0
330	719.3333333333334	0.0
340	846.3333333333334	0.0
350	854.3333333333334	0.0
360	1471.0	0.0
370	1426.3333333333333	0.0
380	1255.0	0.0
390	1450.0	0.0
400	1896.3333333333333	0.0
410	2288.3333333333335	0.0
420	1648.0	0.0
430	2115.6666666666665	0.0
440	1927.3333333333333	0.0
450	2069.0	0.0
460	1789.5	0.0
470	2171.6666666666665	0.0
480	2273.5	0.0
490	2226.1666666666665	0.0
500	2233.6666666666665	0.0
510	2042.5	0.0
520	2416.0	0.0
530	2241.3333333333335	0.0
540	2511.3333333333335	0.0
550	2424.0	0.0
560	2384.1666666666665	0.0
570	2536.6666666666665	0.0
580	2205.3333333333335	0.0
590	2614.0	0.0
600	2440.1666666666665	0.0
610	2331.1666666666665	0.0
620	2583.3333333333335	0.0
630	2575.0	0.0
640	2404.6666666666665	0.0
650	2447.6666666666665	0.0
660	2699.5	0.0
670	2517.0	0.0
680	2506.5	0.0
690	2597.3333333333335	0.0
700	2446.3333333333335	0.0
710	2575.6666666666665	0.0
720	2586.3333333333335	0.0
730	2750.8333333333335	0.0
740	2461.3333333333335	0.0
750	2608.6666666666665	0.0
760	2630.1666666666665	0.0
770	2633.3333333333335	0.0
780	2359.3333333333335	0.0
790	2469.0	0.0
800	2590.3333333333335	0.0
810	2576.5	0.0
820	2536.6666666666665	0.0
830	2807.0	0.0
840	2636.5	0.0
850	2333.1666666666665	0.0
860	2659.3333333333335	0.0
870	2631.5	0.0
880	1944.8333333333333	0.0
890	2121.5	0.0
900	2461.0	0.0
910	2557.8333333333335	0.0
920	2139.0	0.0
930	1924.6666666666667	0.0
940	2543.1666666666665	0.0
950	2477.3333333333335	0.0
960	2432.3333333333335	0.0
970	2583.5	0.0
980	2402.0	0.0
990	2763.6666666666665	0.0
1000	1962.6666666666667	0.0
