0	242.66666666666666	0.0
10	70.0	237.0
20	70.0	0.0
30	70.0	0.0
40	70.0	0.0
50	70.0	0.0
60	70.0	0.0
70	70.0	0.0
80	70.0	0.0
90	70.0	0.0
100	70.0	0.0
110	70.0	0.0
120	70.0	0.0
130	70.0	0.0
140	70.0	0.0
150	70.0	0.0
160	70.0	0.0
170	70.0	0.0
180	70.0	0.0
190	70.33333333333333	0.0
200	70.33333333333333	0.0
210	71.33333333333333	0.0
220	80.33333333333333	0.0
230	70.66666666666667	0.0
240	73.0	0.0
250	74.66666666666667	0.0
260	147.66666666666666	0.0
270	180.33333333333334	0.0
280	179.66666666666666	0.0
290	304.6666666666667	0.0
300	323.6666666666667	0.0
310	236.66666666666666	0.0
320	146.66666666666666	0.0
330	243.66666666666666	0.0
340	152.66666666666666	0.0
350	202.33333333333334	0.0
360	162.66666666666666	0.0
370	163.66666666666666	0.0
380	191.66666666666666	0.0
390	251.66666666666666	0.0
400	224.33333333333334	0.0
410	306.0	0.0
420	291.0	0.0
430	367.6666666666667	0.0
440	424.0	0.0
450	289.3333333333333	0.0
460	289.0	0.0
470	349.0	0.0
480	318.0	0.0
490	237.0	0.0
500	262.6666666666667	0.0
510	273.0	0.0
520	385.3333333333333	0.0
530	313.6666666666667	0.0
540	493.3333333333333	0.0
550	356.6666666666667	0.0
560	502.0	0.0
570	401.3333333333333	0.0
580	608.6666666666666	0.0
590	488.3333333333333	0.0
600	844.6666666666666	0.0
610	1125.5	0.0
620	1359.6666666666667	0.0
630	1282.3333333333333	0.0
640	1236.6666666666667	0.0
650	1378.5	0.0
660	2422.5	0.0
670	2127.6666666666665	0.0
680	2222.1666666666665	0.0
690	1145.6666666666667	0.0
700	2143.1666666666665	0.0
710	2105.3333333333335	0.0
720	2525.3333333333335	0.0
730	2202.3333333333335	0.0
740	2418.1666666666665	0.0
750	1898.0	0.0
760	2078.3333333333335	0.0
770	2231.3333333333335	0.0
780	1850.3333333333333	0.0
790	2503.1666666666665	0.0
800	2930.0	0.0
810	2457.6666666666665	0.0
820	2339.0	0.0
830	2552.0	0.0
840	2488.0	0.0
850	2544.5	0.0
860	2490.3333333333335	0.0
870	2542.0	0.0
880	2496.6666666666665	0.0
890	2354.6666666666665	0.0
900	2659.5	0.0
910	2589.6666666666665	0.0
920	2666.3333333333335	0.0
930	2670.0	0.0
940	2364.3333333333335	0.0
950	2728.6666666666665	0.0
960	2556.8333333333335	0.0
970	2673.6666666666665	0.0
980	2677.0	0.0
990	2584.8333333333335	0.0
1000	2821.6666666666665	0.0
