0	274.6666666666667	0.0
10	109.66666666666667	221.0
20	100.33333333333333	0.0
30	100.0	0.0
40	100.0	0.0
50	100.0	0.0
60	100.0	0.0
70	100.0	0.0
80	107.66666666666667	0.0
90	131.66666666666666	0.0
100	131.0	0.0
110	130.0	0.0
120	130.0	0.0
130	130.0	0.0
140	130.0	0.0
150	130.0	0.0
160	130.0	0.0
170	130.0	0.0
180	131.0	0.0
190	132.33333333333334	0.0
200	132.0	0.0
210	168.66666666666666	0.0
220	130.0	0.0
230	201.66666666666666	0.0
240	477.0	0.0
250	403.6666666666667	0.0
260	375.0	0.0
270	489.0	0.0
280	756.0	0.0
290	653.6666666666666	0.0
300	879.3333333333334	0.0
310	790.3333333333334	0.0
320	1031.6666666666667	0.0
330	1255.0	0.0
340	1031.3333333333333	0.0
350	1141.0	0.0
360	1314.3333333333333	0.0
370	1506.0	0.0
380	1970.3333333333333	0.0
390	2044.0	0.0
400	2199.0	0.0
410	1477.0	0.0
420	1834.6666666666667	0.0
430	1971.5	0.0
440	1998.3333333333333	0.0
450	2037.6666666666667	0.0
460	2186.6666666666665	0.0
470	2075.3333333333335	0.0
480	2461.3333333333335	0.0
490	2465.3333333333335	0.0
500	2154.8333333333335	0.0
510	2097.6666666666665	0.0
520	2394.3333333333335	0.0
530	2197.3333333333335	0.0
540	2506.5	0.0
550	2296.6666666666665	0.0
560	2627.3333333333335	0.0
570	2555.1666666666665	0.0
580	2611.3333333333335	0.0
590	2142.3333333333335	0.0
600	2265.8333333333335	0.0
610	2457.3333333333335	0.0
620	2502.8333333333335	0.0
630	2494.1666666666665	0.0
640	2513.6666666666665	0.0
650	2604.3333333333335	0.0
660	2591.6666666666665	0.0
670	2469.0	0.0
680	2469.8333333333335	0.0
690	2263.5	0.0
700	2721.1666666666665	0.0
710	2565.0	0.0
720	2530.6666666666665	0.0
730	2596.0	0.0
740	2703.8333333333335	0.0
750	2338.8333333333335	0.0
760	2475.0	0.0
770	2638.3333333333335	0.0
780	2613.3333333333335	0.0
790	2578.0	0.0
800	2632.6666666666665	0.0
810	2616.6666666666665	0.0
820	2593.0	0.0
830	2580.1666666666665	0.0
840	2430.0	0.0
850	2539.1666666666665	0.0
860	2546.1666666666665	0.0
870	2497.6666666666665	0.0
880	1987.6666666666667	0.0
890	2145.8333333333335	0.0
900	2769.6666666666665	0.0
910	2161.3333333333335	0.0
920	2077.3333333333335	0.0
930	2223.6666666666665	0.0
940	1989.3333333333333	0.0
950	2198.1666666666665	0.0
960	2196.3333333333335	0.0
970	1912.3333333333333	0.0
980	1933.8333333333333	0.0
990	1489.3333333333333	0.0
1000	2091.3333333333335	0.0
