0	258.6666666666667	0.0
10	70.0	227.0
20	70.0	0.0
30	70.0	0.0
40	70.0	0.0
50	70.0	0.0
60	70.0	0.0
70	70.0	0.0
80	70.0	0.0
90	70.0	0.0
100	70.0	0.0
110	70.0	0.0
120	70.0	0.0
130	70.0	0.0
140	70.0	0.0
150	70.0	0.0
160	70.0	0.0
170	70.0	0.0
180	70.0	0.0
190	70.33333333333333	0.0
200	70.33333333333333	0.0
210	70.0	0.0
220	71.33333333333333	0.0
230	73.0	0.0
240	72.66666666666667	0.0
250	89.33333333333333	0.0
260	267.0	0.0
270	398.0	0.0
280	235.66666666666666	0.0
290	265.6666666666667	0.0
300	195.0	0.0
310	183.0	0.0
320	140.0	0.0
330	130.0	0.0
340	157.66666666666666	0.0
350	194.66666666666666	0.0
360	163.66666666666666	0.0
370	164.33333333333334	0.0
380	202.66666666666666	0.0
390	277.0	0.0
400	219.0	0.0
410	180.33333333333334	0.0
420	242.33333333333334	0.0
430	360.6666666666667	0.0
440	681.3333333333334	0.0
450	994.6666666666666	0.0
460	814.6666666666666	0.0
470	642.6666666666666	0.0
480	739.0	0.0
490	1163.3333333333333	0.0
500	994.0	0.0
510	852.6666666666666	0.0
520	1563.6666666666667	0.0
530	1918.1666666666667	0.0
540	1890.6666666666667	0.0
550	2019.0	0.0
560	1707.3333333333333	0.0
570	2210.3333333333335	0.0
580	2795.1666666666665	0.0
590	2263.1666666666665	0.0
600	2151.5	0.0
610	2242.0	0.0
620	2192.3333333333335	0.0
630	2118.3333333333335	0.0
640	2185.0	0.0
650	2336.0	0.0
660	2221.5	0.0
670	2296.0	0.0
680	2133.6666666666665	0.0
690	2103.3333333333335	0.0
700	2398.6666666666665	0.0
710	2544.0	0.0
720	2372.3333333333335	0.0
730	2411.8333333333335	0.0
740	2572.1666666666665	0.0
750	2382.0	0.0
760	2476.5	0.0
770	2432.6666666666665	0.0
780	2225.6666666666665	0.0
790	2415.0	0.0
800	2443.3333333333335	0.0
810	2205.6666666666665	0.0
820	2461.6666666666665	0.0
830	2405.3333333333335	0.0
840	2509.6666666666665	0.0
850	2482.1666666666665	0.0
860	2695.1666666666665	0.0
870	2650.0	0.0
880	2410.0	0.0
890	2452.6666666666665	0.0
900	2438.0	0.0
910	2614.3333333333335	0.0
920	2518.8333333333335	0.0
930	2411.0	0.0
940	2462.6666666666665	0.0
950	2611.3333333333335	0.0
960	2513.1666666666665	0.0
970	2457.3333333333335	0.0
980	2534.8333333333335	0.0
990	2390.1666666666665	0.0
1000	2523.3333333333335	0.0
