0	252.66666666666666	0.0
10	70.0	241.0
20	70.0	0.0
30	70.0	0.0
40	70.0	0.0
50	70.0	0.0
60	70.0	0.0
70	70.0	0.0
80	70.0	0.0
90	70.0	0.0
100	70.0	0.0
110	70.0	0.0
120	70.0	0.0
130	70.0	0.0
140	70.0	0.0
150	70.0	0.0
160	70.0	0.0
170	70.0	0.0
180	70.66666666666667	0.0
190	70.33333333333333	0.0
200	72.66666666666667	0.0
210	75.66666666666667	0.0
220	75.0	0.0
230	71.0	0.0
240	103.66666666666667	0.0
250	301.3333333333333	0.0
260	291.0	0.0
270	185.33333333333334	0.0
280	144.33333333333334	0.0
290	138.33333333333334	0.0
300	147.0	0.0
310	138.0	0.0
320	157.33333333333334	0.0
330	151.0	0.0
340	162.33333333333334	0.0
350	186.66666666666666	0.0
360	146.0	0.0
370	155.0	0.0
380	131.0	0.0
390	138.0	0.0
400	244.0	0.0
410	330.0	0.0
420	535.3333333333334	0.0
430	678.6666666666666	0.0
440	778.6666666666666	0.0
450	962.3333333333334	0.0
460	795.3333333333334	0.0
470	733.3333333333334	0.0
480	739.3333333333334	0.0
490	908.6666666666666	0.0
500	1195.0	0.0
510	1508.6666666666667	0.0
520	1845.6666666666667	0.0
530	2137.0	0.0
540	1863.0	0.0
550	1876.0	0.0
560	1760.6666666666667	0.0
570	1703.0	0.0
580	1930.8333333333333	0.0
590	1816.6666666666667	0.0
600	1933.0	0.0
610	1984.0	0.0
620	2148.6666666666665	0.0
630	2058.3333333333335	0.0
640	1955.0	0.0
650	1934.6666666666667	0.0
660	2266.3333333333335	0.0
670	2219.3333333333335	0.0
680	2046.0	0.0
690	2297.6666666666665	0.0
700	2190.0	0.0
710	2129.1666666666665	0.0
720	2136.6666666666665	0.0
730	2389.5	0.0
740	2434.6666666666665	0.0
750	2357.0	0.0
760	2354.8333333333335	0.0
770	2270.6666666666665	0.0
780	2686.5	0.0
790	2605.8333333333335	0.0
800	2348.1666666666665	0.0
810	2515.8333333333335	0.0
820	2562.0	0.0
830	2565.0	0.0
840	2654.6666666666665	0.0
850	2650.5	0.0
860	2723.6666666666665	0.0
870	2629.8333333333335	0.0
880	2409.6666666666665	0.0
890	2607.6666666666665	0.0
900	2701.6666666666665	0.0
910	2437.5	0.0
920	2693.1666666666665	0.0
930	2546.0	0.0
940	2630.3333333333335	0.0
950	2574.8333333333335	0.0
960	2804.0	0.0
970	2691.6666666666665	0.0
980	2464.6666666666665	0.0
990	2681.8333333333335	0.0
1000	2749.8333333333335	0.0
