0	255.33333333333334	0.0
10	70.0	223.0
20	70.0	0.0
30	70.0	0.0
40	70.0	0.0
50	70.0	0.0
60	70.0	0.0
70	70.0	0.0
80	70.0	0.0
90	70.0	0.0
100	70.0	0.0
110	70.0	0.0
120	70.0	0.0
130	70.0	0.0
140	70.0	0.0
150	70.0	0.0
160	70.66666666666667	0.0
170	71.66666666666667	0.0
180	70.33333333333333	0.0
190	70.66666666666667	0.0
200	70.33333333333333	0.0
210	81.66666666666667	0.0
220	78.66666666666667	0.0
230	80.0	0.0
240	77.33333333333333	0.0
250	170.66666666666666	0.0
260	132.33333333333334	0.0
270	154.33333333333334	0.0
280	285.0	0.0
290	201.0	0.0
300	213.66666666666666	0.0
310	144.66666666666666	0.0
320	293.3333333333333	0.0
330	176.66666666666666	0.0
340	154.0	0.0
350	235.0	0.0
360	260.0	0.0
370	195.33333333333334	0.0
380	207.0	0.0
390	255.0	0.0
400	270.6666666666667	0.0
410	185.66666666666666	0.0
420	179.33333333333334	0.0
430	211.0	0.0
440	140.0	0.0
450	259.0	0.0
460	187.0	0.0
470	278.3333333333333	0.0
480	349.3333333333333	0.0
490	480.0	0.0
500	510.3333333333333	0.0
510	521.0	0.0
520	843.0	0.0
530	1097.3333333333333	0.0
540	1207.0	0.0
550	1365.6666666666667	0.0
560	1142.0	0.0
570	1124.0	0.0
580	1201.6666666666667	0.0
590	1638.3333333333333	0.0
600	2034.6666666666667	0.0
610	2187.6666666666665	0.0
620	1419.6666666666667	0.0
630	769.3333333333334	0.0
640	2069.3333333333335	0.0
650	2406.6666666666665	0.0
660	2311.8333333333335	0.0
670	2364.3333333333335	0.0
680	2070.6666666666665	0.0
690	2037.3333333333333	0.0
700	1731.1666666666667	0.0
710	2133.6666666666665	0.0
720	2010.3333333333333	0.0
730	2622.3333333333335	0.0
740	2369.5	0.0
750	2380.1666666666665	0.0
760	2779.8333333333335	0.0
770	2615.3333333333335	0.0
780	2486.0	0.0
790	2648.1666666666665	0.0
800	2527.6666666666665	0.0
810	2730.5	0.0
820	2405.6666666666665	0.0
830	2704.3333333333335	0.0
840	2496.6666666666665	0.0
850	2781.6666666666665	0.0
860	2497.0	0.0
870	2621.6666666666665	0.0
880	2552.0	0.0
890	2639.0	0.0
900	2703.0	0.0
910	2470.1666666666665	0.0
920	2662.6666666666665	0.0
930	2595.5	0.0
940	2550.0	0.0
950	2698.0	0.0
960	2631.3333333333335	0.0
970	2810.6666666666665	0.0
980	2429.6666666666665	0.0
990	2684.1666666666665	0.0
1000	2520.3333333333335	0.0
