0	239.0	0.0
10	70.0	0.0
20	70.0	0.0
30	70.0	0.0
40	70.0	0.0
50	70.0	0.0
60	70.0	0.0
70	70.0	0.0
80	70.66666666666667	0.0
90	71.33333333333333	0.0
100	74.66666666666667	0.0
110	91.66666666666667	0.0
120	117.33333333333333	0.0
130	91.33333333333333	0.0
140	394.3333333333333	0.0
150	414.6666666666667	0.0
160	164.0	0.0
170	70.0	0.0
180	224.66666666666666	0.0
190	333.0	0.0
200	463.6666666666667	0.0
210	396.0	0.0
220	422.0	0.0
230	354.0	0.0
240	327.6666666666667	0.0
250	248.66666666666666	0.0
260	345.6666666666667	0.0
270	368.0	0.0
280	397.6666666666667	0.0
290	447.0	0.0
300	1041.0	0.0
310	825.3333333333334	0.0
320	605.3333333333334	0.0
330	735.6666666666666	0.0
340	763.6666666666666	0.0
350	1029.0	0.0
360	1329.3333333333333	0.0
370	1022.6666666666666	0.0
380	1823.1666666666667	0.0
390	2279.0	0.0
400	1740.5	0.0
410	2551.0	0.0
420	2484.6666666666665	0.0
430	2467.3333333333335	0.0
440	2211.0	0.0
450	2236.0	0.0
460	1871.0	0.0
470	1821.8333333333333	0.0
480	2193.5	0.0
490	2270.5	0.0
500	2119.8333333333335	0.0
510	2469.0	0.0
520	2074.8333333333335	0.0
530	1984.6666666666667	0.0
540	1869.6666666666667	0.0
550	2035.6666666666667	0.0
560	2246.0	0.0
570	1846.6666666666667	0.0
580	2159.5	0.0
590	2441.3333333333335	0.0
600	2495.1666666666665	0.0
610	2418.0	0.0
620	1863.3333333333333	0.0
630	2213.3333333333335	0.0
640	2389.6666666666665	0.0
650	1864.0	0.0
660	2138.3333333333335	0.0
670	2266.8333333333335	0.0
680	2555.3333333333335	0.0
690	2279.6666666666665	0.0
700	1737.1666666666667	0.0
710	2063.8333333333335	0.0
720	2182.8333333333335	0.0
730	2467.0	0.0
740	2185.6666666666665	0.0
750	2481.0	0.0
760	2427.0	0.0
770	2334.3333333333335	0.0
780	2505.6666666666665	0.0
790	2580.3333333333335	0.0
800	2369.3333333333335	0.0
810	2516.0	0.0
820	2387.3333333333335	0.0
830	2555.6666666666665	0.0
840	2572.3333333333335	0.0
850	2359.1666666666665	0.0
860	2348.8333333333335	0.0
870	1946.0	0.0
880	2108.3333333333335	0.0
890	1828.0	0.0
900	2430.6666666666665	0.0
910	1781.3333333333333	0.0
920	2044.6666666666667	0.0
930	2518.3333333333335	0.0
940	2430.3333333333335	0.0
950	2464.6666666666665	0.0
960	2110.8333333333335	0.0
970	2082.3333333333335	0.0
980	2112.1666666666665	0.0
990	2386.3333333333335	0.0
1000	2043.5	0.0
