0	245.66666666666666	0.0
10	70.0	0.0
20	70.0	0.0
30	70.0	0.0
40	70.0	0.0
50	70.0	0.0
60	70.0	0.0
70	70.0	0.0
80	70.0	0.0
90	71.33333333333333	0.0
100	102.0	0.0
110	99.66666666666667	0.0
120	103.33333333333333	0.0
130	245.33333333333334	0.0
140	75.0	0.0
150	136.33333333333334	0.0
160	264.3333333333333	0.0
170	224.66666666666666	0.0
180	513.6666666666666	0.0
190	707.3333333333334	0.0
200	392.0	0.0
210	296.6666666666667	0.0
220	350.6666666666667	0.0
230	410.3333333333333	0.0
240	237.0	0.0
250	353.0	0.0
260	677.0	0.0
270	497.3333333333333	0.0
280	499.6666666666667	0.0
290	389.6666666666667	0.0
300	422.3333333333333	0.0
310	590.6666666666666	0.0
320	554.6666666666666	0.0
330	925.0	0.0
340	849.3333333333334	0.0
350	918.5	0.0
360	942.0	0.0
370	1522.6666666666667	0.0
380	1452.3333333333333	0.0
390	2026.6666666666667	0.0
400	1618.3333333333333	0.0
410	2164.1666666666665	0.0
420	1875.8333333333333	0.0
430	2128.0	0.0
440	1978.5	0.0
450	2200.0	0.0
460	1826.3333333333333	0.0
470	2462.8333333333335	0.0
480	1623.6666666666667	0.0
490	1725.8333333333333	0.0
500	2718.5	0.0
510	2438.3333333333335	0.0
520	2525.0	0.0
530	2162.0	0.0
540	1991.3333333333333	0.0
550	1675.3333333333333	0.0
560	2217.0	0.0
570	2041.6666666666667	0.0
580	2331.6666666666665	0.0
590	1928.3333333333333	0.0
600	2020.8333333333333	0.0
610	2194.5	0.0
620	2008.0	0.0
630	1781.6666666666667	0.0
640	2032.0	0.0
650	2255.3333333333335	0.0
660	2556.5	0.0
670	2296.6666666666665	0.0
680	2544.0	0.0
690	2471.1666666666665	0.0
700	2333.8333333333335	0.0
710	2637.0	0.0
720	2316.6666666666665	0.0
730	2283.5	0.0
740	2294.6666666666665	0.0
750	2519.6666666666665	0.0
760	2626.3333333333335	0.0
770	2391.6666666666665	0.0
780	2444.0	0.0
790	2526.3333333333335	0.0
800	2645.5	0.0
810	1817.6666666666667	0.0
820	1748.0	0.0
830	2134.6666666666665	0.0
840	2056.3333333333335	0.0
850	2188.5	0.0
860	2063.6666666666665	0.0
870	1817.6666666666667	0.0
880	1893.6666666666667	0.0
890	2023.3333333333333	0.0
900	1974.5	0.0
910	1936.3333333333333	0.0
920	2132.3333333333335	0.0
930	2034.6666666666667	0.0
940	2222.1666666666665	0.0
950	1844.5	0.0
960	2389.3333333333335	0.0
970	2164.0	0.0
980	1849.0	0.0
990	2407.3333333333335	0.0
1000	2522.3333333333335	0.0
