0	288.0	0.0
10	70.0	1000.0
20	70.0	0.0
30	70.0	0.0
40	70.0	0.0
50	70.0	0.0
60	70.0	0.0
70	70.0	0.0
80	70.0	0.0
90	70.0	0.0
100	70.0	0.0
110	70.0	0.0
120	70.0	0.0
130	70.33333333333333	0.0
140	72.0	0.0
150	83.33333333333333	0.0
160	110.0	0.0
170	219.66666666666666	0.0
180	590.0	0.0
190	278.6666666666667	0.0
200	693.3333333333334	0.0
210	578.6666666666666	0.0
220	388.3333333333333	0.0
230	552.3333333333334	0.0
240	1231.0	0.0
250	836.3333333333334	0.0
260	841.0	0.0
270	1267.6666666666667	0.0
280	1267.6666666666667	0.0
290	1203.3333333333333	0.0
300	1387.6666666666667	0.0
310	1276.3333333333333	0.0
320	1850.6666666666667	0.0
330	1802.0	0.0
340	1595.3333333333333	0.0
350	1514.0	0.0
360	2133.6666666666665	0.0
370	2067.3333333333335	0.0
380	2033.5	0.0
390	2208.3333333333335	0.0
400	2258.5	0.0
410	2312.8333333333335	0.0
420	1984.0	0.0
430	2288.5	0.0
440	2093.5	0.0
450	2108.3333333333335	0.0
460	2261.1666666666665	0.0
470	2509.5	0.0
480	2237.6666666666665	0.0
490	2285.6666666666665	0.0
500	2237.0	0.0
510	2512.6666666666665	0.0
520	2227.3333333333335	0.0
530	2516.5	0.0
540	2536.0	0.0
550	2439.1666666666665	0.0
560	2151.5	0.0
570	2596.5	0.0
580	2629.3333333333335	0.0
590	2337.0	0.0
600	2491.6666666666665	0.0
