0	277.3333333333333	0.0
10	70.0	1000.0
20	70.0	0.0
30	70.0	0.0
40	70.0	0.0
50	70.0	0.0
60	70.0	0.0
70	70.0	0.0
80	70.0	0.0
90	70.0	0.0
100	70.0	0.0
110	70.0	0.0
120	70.0	0.0
130	70.0	0.0
140	70.33333333333333	0.0
150	74.0	0.0
160	70.66666666666667	0.0
170	79.66666666666667	0.0
180	72.0	0.0
190	176.33333333333334	0.0
200	86.0	0.0
210	150.33333333333334	0.0
220	147.66666666666666	0.0
230	509.6666666666667	0.0
240	340.0	0.0
250	432.3333333333333	0.0
260	204.33333333333334	0.0
270	284.6666666666667	0.0
280	263.3333333333333	0.0
290	690.0	0.0
300	409.3333333333333	0.0
310	885.3333333333334	0.0
320	665.3333333333334	0.0
330	1108.0	0.0
340	1036.6666666666667	0.0
350	1215.0	0.0
360	1424.3333333333333	0.0
370	1425.3333333333333	0.0
380	1581.6666666666667	0.0
390	1871.0	0.0
400	1495.6666666666667	0.0
410	1865.0	0.0
420	1602.0	0.0
430	2125.0	0.0
440	1994.6666666666667	0.0
450	1952.6666666666667	0.0
460	2091.0	0.0
470	1774.3333333333333	0.0
480	2319.1666666666665	0.0
490	2092.5	0.0
500	2231.0	0.0
510	2144.6666666666665	0.0
520	2240.6666666666665	0.0
530	2138.6666666666665	0.0
540	2415.6666666666665	0.0
550	1923.6666666666667	0.0
560	2252.0	0.0
570	2069.3333333333335	0.0
580	2314.6666666666665	0.0
590	2428.3333333333335	0.0
600	2116.6666666666665	0.0
