0	258.7555555555556	0.0
10	71.0	1000.0
20	71.06666666666666	0.0
30	71.05555555555557	0.0
40	70.72222222222223	0.0
50	70.36666666666666	0.0
60	70.06666666666666	0.0
70	70.0	0.0
80	70.0	0.0
90	70.0	0.0
100	70.0	0.0
110	70.0	0.0
120	70.0	0.0
130	70.0111111111111	0.0
140	70.2111111111111	0.0
150	70.22222222222223	0.0
160	71.96666666666667	0.0
170	71.29999999999998	0.0
180	72.0111111111111	0.0
190	73.35555555555555	0.0
200	87.5777777777778	0.0
210	128.76666666666665	0.0
220	135.50000000000003	0.0
230	189.62222222222223	0.0
240	226.7555555555555	0.0
250	243.9888888888889	0.0
260	222.57777777777773	0.0
270	202.6444444444445	0.0
280	192.5222222222222	0.0
290	210.54444444444445	0.0
300	238.45555555555558	0.0
310	287.0	0.0
320	322.6888888888889	0.0
330	346.8055555555555	0.0
340	461.2277777777779	0.0
350	507.8666666666666	0.0
360	647.8	0.0
370	769.0055555555556	0.0
380	940.5611111111108	0.0
390	982.4833333333336	0.0
400	1149.9055555555556	0.0
410	1204.1555555555558	0.0
420	1323.7333333333333	0.0
430	1394.9	0.0
440	1493.5944444444442	0.0
450	1554.572222222222	0.0
460	1669.3722222222218	0.0
470	1791.2555555555557	0.0
480	1834.0611111111111	0.0
490	1893.4999999999995	0.0
500	1996.6277777777775	0.0
510	2000.5722222222219	0.0
520	2044.1555555555558	0.0
530	2011.3499999999997	0.0
540	2084.6555555555556	0.0
550	2107.1388888888887	0.0
560	2192.3611111111113	0.0
570	2226.1222222222223	0.0
580	2244.8888888888887	0.0
590	2322.0666666666666	0.0
600	2275.094444444445	0.0
610	2283.9666666666662	0.0
620	2339.3888888888896	0.0
630	2360.938888888889	0.0
640	2409.505555555556	0.0
650	2445.905555555556	0.0
660	2409.7	0.0
670	2430.8166666666666	0.0
680	2457.9222222222224	0.0
690	2482.9722222222217	0.0
700	2513.7611111111105	0.0
710	2566.955555555555	0.0
720	2506.1166666666672	0.0
730	2549.927777777778	0.0
740	2574.361111111111	0.0
750	2574.2944444444443	0.0
760	2550.8833333333328	0.0
770	2555.927777777778	0.0
780	2534.177777777778	0.0
790	2568.605555555555	0.0
800	2560.45	0.0
