0	257.0	0.0
10	70.0	1000.0
20	70.0	0.0
30	70.0	0.0
40	70.0	0.0
50	70.0	0.0
60	70.0	0.0
70	70.0	0.0
80	70.0	0.0
90	70.0	0.0
100	70.0	0.0
110	70.0	0.0
120	70.0	0.0
130	70.0	0.0
140	70.33333333333333	0.0
150	70.66666666666667	0.0
160	71.0	0.0
170	71.0	0.0
180	77.66666666666667	0.0
190	70.66666666666667	0.0
200	74.33333333333333	0.0
210	132.33333333333334	0.0
220	129.33333333333334	0.0
230	444.0	0.0
240	300.3333333333333	0.0
250	156.66666666666666	0.0
260	164.0	0.0
270	262.6666666666667	0.0
280	146.33333333333334	0.0
290	146.66666666666666	0.0
300	131.0	0.0
310	222.0	0.0
320	193.0	0.0
330	219.66666666666666	0.0
340	573.6666666666666	0.0
350	457.3333333333333	0.0
360	952.3333333333334	0.0
370	1059.0	0.0
380	1211.3333333333333	0.0
390	1463.6666666666667	0.0
400	1281.6666666666667	0.0
410	1835.6666666666667	0.0
420	1633.3333333333333	0.0
430	2290.8333333333335	0.0
440	1765.0	0.0
450	1508.3333333333333	0.0
460	2242.1666666666665	0.0
470	2196.6666666666665	0.0
480	2209.3333333333335	0.0
490	2350.1666666666665	0.0
500	2237.0	0.0
510	2174.0	0.0
520	2270.1666666666665	0.0
530	2111.6666666666665	0.0
540	2185.6666666666665	0.0
550	2542.5	0.0
560	2115.0	0.0
570	2328.5	0.0
580	2413.0	0.0
590	2411.3333333333335	0.0
600	2137.3333333333335	0.0
610	2509.3333333333335	0.0
620	2515.1666666666665	0.0
630	2162.0	0.0
640	2462.5	0.0
650	2333.6666666666665	0.0
660	2358.6666666666665	0.0
670	2523.0	0.0
680	2343.8333333333335	0.0
690	2626.8333333333335	0.0
700	2358.3333333333335	0.0
710	2489.3333333333335	0.0
720	2503.6666666666665	0.0
730	2392.6666666666665	0.0
740	2477.0	0.0
750	2414.0	0.0
760	2386.3333333333335	0.0
770	2535.1666666666665	0.0
780	2617.8333333333335	0.0
790	2651.3333333333335	0.0
800	2550.6666666666665	0.0
