0	245.66666666666666	0.0
10	70.0	1000.0
20	70.0	0.0
30	70.0	0.0
40	70.0	0.0
50	70.0	0.0
60	70.0	0.0
70	70.0	0.0
80	70.0	0.0
90	70.0	0.0
100	70.0	0.0
110	70.0	0.0
120	70.0	0.0
130	70.0	0.0
140	70.0	0.0
150	70.0	0.0
160	70.33333333333333	0.0
170	70.66666666666667	0.0
180	71.33333333333333	0.0
190	73.0	0.0
200	77.0	0.0
210	133.33333333333334	0.0
220	193.66666666666666	0.0
230	87.66666666666667	0.0
240	176.66666666666666	0.0
250	469.3333333333333	0.0
260	436.3333333333333	0.0
270	170.0	0.0
280	574.6666666666666	0.0
290	165.33333333333334	0.0
300	232.33333333333334	0.0
310	816.3333333333334	0.0
320	685.0	0.0
330	992.0	0.0
340	1390.5	0.0
350	1042.0	0.0
360	1619.6666666666667	0.0
370	1241.0	0.0
380	1986.3333333333333	0.0
390	1933.6666666666667	0.0
400	2050.6666666666665	0.0
410	2039.0	0.0
420	1669.3333333333333	0.0
430	1552.1666666666667	0.0
440	2272.6666666666665	0.0
450	2220.0	0.0
460	2180.1666666666665	0.0
470	2278.1666666666665	0.0
480	2430.6666666666665	0.0
490	2466.5	0.0
500	2595.6666666666665	0.0
510	2302.3333333333335	0.0
520	2583.6666666666665	0.0
530	2387.5	0.0
540	2514.6666666666665	0.0
550	2624.3333333333335	0.0
560	2215.3333333333335	0.0
570	2721.0	0.0
580	2353.6666666666665	0.0
590	2428.1666666666665	0.0
600	2592.1666666666665	0.0
610	2462.0	0.0
620	2295.6666666666665	0.0
630	2118.0	0.0
640	2327.3333333333335	0.0
650	2711.3333333333335	0.0
660	2638.1666666666665	0.0
670	2511.8333333333335	0.0
680	2582.6666666666665	0.0
690	2572.1666666666665	0.0
700	2730.8333333333335	0.0
710	2811.3333333333335	0.0
720	2615.8333333333335	0.0
730	2512.0	0.0
740	2537.3333333333335	0.0
750	2843.0	0.0
760	2787.8333333333335	0.0
770	2794.5	0.0
780	2689.0	0.0
790	2432.0	0.0
800	2485.1666666666665	0.0
