0	239.66666666666666	0.0
10	70.0	1000.0
20	70.0	0.0
30	70.0	0.0
40	70.0	0.0
50	70.0	0.0
60	70.0	0.0
70	70.0	0.0
80	70.0	0.0
90	70.0	0.0
100	70.0	0.0
110	70.0	0.0
120	70.0	0.0
130	70.0	0.0
140	70.0	0.0
150	70.0	0.0
160	70.0	0.0
170	70.0	0.0
180	73.0	0.0
190	70.0	0.0
200	70.33333333333333	0.0
210	71.0	0.0
220	114.66666666666667	0.0
230	114.33333333333333	0.0
240	125.33333333333333	0.0
250	137.66666666666666	0.0
260	194.33333333333334	0.0
270	209.0	0.0
280	149.66666666666666	0.0
290	129.0	0.0
300	162.66666666666666	0.0
310	139.66666666666666	0.0
320	130.0	0.0
330	138.0	0.0
340	130.0	0.0
350	499.0	0.0
360	562.0	0.0
370	911.3333333333334	0.0
380	765.3333333333334	0.0
390	816.0	0.0
400	932.6666666666666	0.0
410	1557.6666666666667	0.0
420	1403.0	0.0
430	1608.3333333333333	0.0
440	1653.6666666666667	0.0
450	1878.3333333333333	0.0
460	1313.6666666666667	0.0
470	1905.3333333333333	0.0
480	1526.0	0.0
490	2261.6666666666665	0.0
500	2173.6666666666665	0.0
510	2016.6666666666667	0.0
520	1746.3333333333333	0.0
530	2228.3333333333335	0.0
540	2333.3333333333335	0.0
550	2255.3333333333335	0.0
560	2191.6666666666665	0.0
570	2370.5	0.0
580	2290.0	0.0
590	2242.3333333333335	0.0
600	2322.8333333333335	0.0
610	2448.0	0.0
620	2484.3333333333335	0.0
630	2574.8333333333335	0.0
640	2624.5	0.0
650	2391.3333333333335	0.0
660	2452.6666666666665	0.0
670	2569.6666666666665	0.0
680	2674.6666666666665	0.0
690	2654.3333333333335	0.0
700	2185.6666666666665	0.0
710	2622.3333333333335	0.0
720	2659.6666666666665	0.0
730	2495.0	0.0
740	2591.0	0.0
750	2299.0	0.0
760	2468.6666666666665	0.0
770	2632.3333333333335	0.0
780	2731.0	0.0
790	2611.5	0.0
800	2577.5	0.0
