0	274.6666666666667	0.0
10	70.0	1000.0
20	70.0	0.0
30	70.0	0.0
40	70.0	0.0
50	70.0	0.0
60	70.0	0.0
70	70.0	0.0
80	70.0	0.0
90	70.0	0.0
100	70.0	0.0
110	70.0	0.0
120	70.0	0.0
130	70.0	0.0
140	70.0	0.0
150	70.0	0.0
160	70.0	0.0
170	70.33333333333333	0.0
180	70.33333333333333	0.0
190	74.0	0.0
200	90.33333333333333	0.0
210	76.66666666666667	0.0
220	155.33333333333334	0.0
230	183.33333333333334	0.0
240	212.0	0.0
250	235.0	0.0
260	129.0	0.0
270	152.66666666666666	0.0
280	170.66666666666666	0.0
290	275.6666666666667	0.0
300	306.3333333333333	0.0
310	148.0	0.0
320	178.33333333333334	0.0
330	251.0	0.0
340	307.3333333333333	0.0
350	310.0	0.0
360	331.6666666666667	0.0
370	505.6666666666667	0.0
380	535.0	0.0
390	788.6666666666666	0.0
400	996.6666666666666	0.0
410	814.6666666666666	0.0
420	1172.0	0.0
430	1279.6666666666667	0.0
440	1374.5	0.0
450	1645.3333333333333	0.0
460	1707.1666666666667	0.0
470	1756.6666666666667	0.0
480	1942.6666666666667	0.0
490	2101.6666666666665	0.0
500	1879.0	0.0
510	2028.6666666666667	0.0
520	2047.0	0.0
530	2174.3333333333335	0.0
540	1838.6666666666667	0.0
550	2262.6666666666665	0.0
560	2385.3333333333335	0.0
570	2421.0	0.0
580	2289.6666666666665	0.0
590	2355.3333333333335	0.0
600	2293.6666666666665	0.0
610	2296.3333333333335	0.0
620	2547.8333333333335	0.0
630	2295.8333333333335	0.0
640	2410.1666666666665	0.0
650	2302.1666666666665	0.0
660	2469.3333333333335	0.0
670	2528.5	0.0
680	2819.0	0.0
690	2624.5	0.0
700	2571.3333333333335	0.0
710	2618.8333333333335	0.0
720	2698.0	0.0
730	2633.5	0.0
740	2784.3333333333335	0.0
750	2777.0	0.0
760	2505.0	0.0
770	2615.1666666666665	0.0
780	2384.6666666666665	0.0
790	2418.8333333333335	0.0
800	2515.8333333333335	0.0
