0	267.0	0.0
10	70.0	1000.0
20	70.0	0.0
30	70.0	0.0
40	70.0	0.0
50	70.0	0.0
60	70.0	0.0
70	70.0	0.0
80	70.0	0.0
90	70.0	0.0
100	70.0	0.0
110	70.0	0.0
120	70.0	0.0
130	70.0	0.0
140	70.0	0.0
150	70.0	0.0
160	71.0	0.0
170	70.66666666666667	0.0
180	70.0	0.0
190	71.66666666666667	0.0
200	75.0	0.0
210	73.33333333333333	0.0
220	71.33333333333333	0.0
230	148.0	0.0
240	143.33333333333334	0.0
250	392.3333333333333	0.0
260	303.3333333333333	0.0
270	127.0	0.0
280	136.0	0.0
290	185.66666666666666	0.0
300	154.66666666666666	0.0
310	138.0	0.0
320	224.33333333333334	0.0
330	228.66666666666666	0.0
340	222.33333333333334	0.0
350	405.0	0.0
360	620.6666666666666	0.0
370	840.0	0.0
380	1068.8333333333333	0.0
390	872.0	0.0
400	1189.6666666666667	0.0
410	859.0	0.0
420	1418.0	0.0
430	1546.3333333333333	0.0
440	1494.3333333333333	0.0
450	1431.0	0.0
460	1502.6666666666667	0.0
470	1907.3333333333333	0.0
480	2250.0	0.0
490	1996.0	0.0
500	1870.3333333333333	0.0
510	2243.0	0.0
520	2136.5	0.0
530	2304.0	0.0
540	2389.3333333333335	0.0
550	2386.3333333333335	0.0
560	2279.0	0.0
570	2153.0	0.0
580	1956.0	0.0
590	2305.6666666666665	0.0
600	2234.3333333333335	0.0
610	2161.3333333333335	0.0
620	2295.5	0.0
630	2418.6666666666665	0.0
640	2455.5	0.0
650	2409.0	0.0
660	2158.3333333333335	0.0
670	2440.5	0.0
680	2452.1666666666665	0.0
690	2422.3333333333335	0.0
700	2507.6666666666665	0.0
710	2398.0	0.0
720	2394.3333333333335	0.0
730	2551.3333333333335	0.0
740	2612.5	0.0
750	2566.1666666666665	0.0
760	2435.6666666666665	0.0
770	2587.8333333333335	0.0
780	2578.5	0.0
790	2550.8333333333335	0.0
800	2733.1666666666665	0.0
