0	274.0	0.0
10	70.0	0.0
20	70.0	0.0
30	70.0	0.0
40	70.0	0.0
50	70.0	0.0
60	70.0	0.0
70	70.0	0.0
80	70.0	0.0
90	70.0	0.0
100	70.0	0.0
110	70.0	0.0
120	70.0	0.0
130	70.0	0.0
140	70.0	0.0
150	70.0	0.0
160	70.0	0.0
170	70.0	0.0
180	70.66666666666667	0.0
190	71.0	0.0
200	73.33333333333333	0.0
210	75.0	0.0
220	73.66666666666667	0.0
230	128.33333333333334	0.0
240	123.33333333333333	0.0
250	170.33333333333334	0.0
260	170.66666666666666	0.0
270	154.33333333333334	0.0
280	160.0	0.0
290	186.66666666666666	0.0
300	154.33333333333334	0.0
310	138.0	0.0
320	138.33333333333334	0.0
330	138.0	0.0
340	154.33333333333334	0.0
350	164.0	0.0
360	178.33333333333334	0.0
370	161.66666666666666	0.0
380	155.0	0.0
390	162.66666666666666	0.0
400	130.0	0.0
410	191.66666666666666	0.0
420	336.6666666666667	0.0
430	317.3333333333333	0.0
440	493.3333333333333	0.0
450	769.6666666666666	0.0
460	714.3333333333334	0.0
470	680.3333333333334	0.0
480	1003.1666666666666	0.0
490	1321.8333333333333	0.0
500	873.3333333333334	0.0
510	1198.3333333333333	0.0
520	974.0	0.0
530	1142.3333333333333	0.0
540	1318.0	0.0
550	1683.3333333333333	0.0
560	1908.0	0.0
570	1604.0	0.0
580	1413.6666666666667	0.0
590	2136.1666666666665	0.0
600	2226.0	0.0
610	2153.3333333333335	0.0
620	2167.6666666666665	0.0
630	1918.3333333333333	0.0
640	1981.8333333333333	0.0
650	2124.5	0.0
660	2154.1666666666665	0.0
670	1968.0	0.0
680	1978.3333333333333	0.0
690	2005.6666666666667	0.0
700	2115.6666666666665	0.0
710	2331.3333333333335	0.0
720	2341.8333333333335	0.0
730	2423.3333333333335	0.0
740	2325.3333333333335	0.0
750	2586.6666666666665	0.0
760	2637.5	0.0
770	2196.3333333333335	0.0
780	2570.6666666666665	0.0
790	2428.0	0.0
800	2609.3333333333335	0.0
