0	265.0	0.0
10	70.0	1000.0
20	70.0	0.0
30	70.0	0.0
40	70.0	0.0
50	71.66666666666667	0.0
60	71.66666666666667	0.0
70	412.6666666666667	0.0
80	203.0	0.0
90	73.33333333333333	0.0
100	115.66666666666667	0.0
110	1325.3333333333333	0.0
120	1506.6666666666667	0.0
130	1790.3333333333333	0.0
140	2015.0	0.0
150	2253.1666666666665	0.0
160	2166.6666666666665	0.0
170	2163.3333333333335	0.0
180	2267.3333333333335	0.0
190	2273.0	0.0
200	2166.0	0.0
210	2296.8333333333335	0.0
220	2550.6666666666665	0.0
230	2424.8333333333335	0.0
240	2393.3333333333335	0.0
250	2092.0	0.0
260	2176.3333333333335	0.0
270	2384.0	0.0
280	2379.3333333333335	0.0
290	2445.3333333333335	0.0
300	2570.0	0.0
310	1513.6666666666667	0.0
320	2495.0	0.0
330	1853.0	0.0
340	1933.6666666666667	0.0
350	2047.6666666666667	0.0
360	1981.3333333333333	0.0
370	2060.5	0.0
380	1592.1666666666667	0.0
390	1417.6666666666667	0.0
400	1619.3333333333333	0.0
410	2564.6666666666665	0.0
420	2447.6666666666665	0.0
430	1864.6666666666667	0.0
440	2146.3333333333335	0.0
450	2040.8333333333333	0.0
460	2294.3333333333335	0.0
470	1610.6666666666667	0.0
480	1733.6666666666667	0.0
490	1810.6666666666667	0.0
500	1798.8333333333333	0.0
510	2411.8333333333335	0.0
520	2606.0	0.0
530	2447.3333333333335	0.0
540	2426.0	0.0
550	2664.6666666666665	0.0
560	2204.6666666666665	0.0
570	2497.6666666666665	0.0
580	2674.3333333333335	0.0
590	2385.5	0.0
600	2514.3333333333335	0.0
610	2484.0	0.0
620	1787.6666666666667	0.0
630	1774.1666666666667	0.0
640	2104.6666666666665	0.0
650	2082.0	0.0
660	1928.8333333333333	0.0
670	2422.0	0.0
680	1906.3333333333333	0.0
690	2024.3333333333333	0.0
700	2718.3333333333335	0.0
710	2179.6666666666665	0.0
720	1931.1666666666667	0.0
730	2403.3333333333335	0.0
740	2460.0	0.0
750	2488.0	0.0
760	2284.5	0.0
770	2662.5	0.0
780	2404.0	0.0
790	2295.5	0.0
800	1744.0	0.0
810	2117.3333333333335	0.0
820	2153.5	0.0
830	2059.3333333333335	0.0
840	1762.0	0.0
850	2004.3333333333333	0.0
860	2036.1666666666667	0.0
870	2525.5	0.0
880	2439.0	0.0
890	2631.6666666666665	0.0
900	2410.6666666666665	0.0
910	2329.6666666666665	0.0
920	2377.1666666666665	0.0
930	2621.1666666666665	0.0
940	2453.6666666666665	0.0
950	2561.5	0.0
960	2490.0	0.0
970	2390.0	0.0
980	1631.0	0.0
990	1828.6666666666667	0.0
1000	2434.8333333333335	0.0
