0	243.33333333333334	0.0
10	70.0	0.0
20	70.0	0.0
30	70.0	0.0
40	70.0	0.0
50	70.0	0.0
60	70.0	0.0
70	70.0	0.0
80	70.0	0.0
90	70.0	0.0
100	70.0	0.0
110	70.0	0.0
120	70.0	0.0
130	70.0	0.0
140	70.0	0.0
150	70.0	0.0
160	70.0	0.0
170	70.0	0.0
180	70.33333333333333	0.0
190	71.33333333333333	0.0
200	70.66666666666667	0.0
210	70.33333333333333	1.0
220	74.0	0.0
230	71.0	0.0
240	70.33333333333333	0.0
250	90.0	0.0
260	130.0	9.0
270	116.66666666666667	53.0
280	138.0	19.0
290	175.0	15.0
300	170.0	24.0
310	300.3333333333333	5.0
320	163.33333333333334	1.0
330	156.0	13.0
340	214.66666666666666	15.0
350	150.33333333333334	16.0
360	164.66666666666666	0.0
370	146.0	11.0
380	162.33333333333334	30.0
390	163.0	28.0
400	162.0	25.0
410	180.66666666666666	99.0
420	284.3333333333333	23.0
430	389.3333333333333	1.0
440	684.0	23.0
450	667.0	98.0
460	685.6666666666666	5.0
470	657.3333333333334	8.0
480	907.3333333333334	63.0
490	1218.0	81.0
500	1418.6666666666667	35.0
510	1896.6666666666667	137.0
520	1609.3333333333333	86.0
530	1920.3333333333333	76.0
540	1899.5	0.0
550	1992.3333333333333	0.0
560	2291.0	0.0
570	2287.3333333333335	0.0
580	2155.0	0.0
590	1908.0	0.0
600	2110.0	0.0
610	2009.3333333333333	0.0
620	1968.6666666666667	0.0
630	2262.6666666666665	0.0
640	2270.3333333333335	0.0
650	2371.6666666666665	0.0
660	1997.3333333333333	0.0
670	2185.1666666666665	0.0
680	2425.6666666666665	0.0
690	2196.1666666666665	0.0
700	2540.3333333333335	0.0
710	2048.0	0.0
720	2470.0	0.0
730	2262.3333333333335	0.0
740	2495.8333333333335	0.0
750	2775.0	0.0
760	2575.6666666666665	0.0
770	2609.8333333333335	0.0
780	2432.6666666666665	0.0
790	2534.5	0.0
800	2884.8333333333335	0.0
810	2684.8333333333335	0.0
820	2953.6666666666665	0.0
830	2505.1666666666665	0.0
840	2673.8333333333335	0.0
850	2958.8333333333335	0.0
860	2549.0	0.0
870	2821.1666666666665	0.0
880	2641.6666666666665	0.0
890	2683.1666666666665	0.0
900	2662.1666666666665	0.0
910	2607.3333333333335	0.0
920	2703.3333333333335	0.0
930	2428.3333333333335	0.0
940	2765.0	0.0
950	2354.6666666666665	0.0
960	2708.3333333333335	0.0
970	2659.6666666666665	0.0
980	2551.0	0.0
990	2477.0	0.0
1000	2515.3333333333335	0.0
