0	235.33333333333334	0.0
10	70.0	0.0
20	70.0	0.0
30	70.0	0.0
40	70.0	0.0
50	70.0	0.0
60	70.0	0.0
70	70.0	0.0
80	70.0	0.0
90	70.0	0.0
100	70.0	0.0
110	70.0	0.0
120	70.0	0.0
130	70.0	0.0
140	70.0	0.0
150	70.0	0.0
160	70.0	0.0
170	70.0	0.0
180	70.0	0.0
190	70.66666666666667	0.0
200	70.0	0.0
210	71.33333333333333	1.0
220	73.33333333333333	0.0
230	88.0	0.0
240	72.0	0.0
250	210.0	0.0
260	173.33333333333334	0.0
270	179.33333333333334	0.0
280	143.33333333333334	17.0
290	181.33333333333334	0.0
300	164.66666666666666	22.0
310	184.33333333333334	0.0
320	163.0	23.0
330	167.0	0.0
340	162.0	17.0
350	163.33333333333334	37.0
360	241.0	0.0
370	196.33333333333334	36.0
380	261.0	31.0
390	252.66666666666666	0.0
400	195.0	23.0
410	192.66666666666666	13.0
420	212.0	27.0
430	200.66666666666666	8.0
440	442.3333333333333	36.0
450	347.6666666666667	37.0
460	796.3333333333334	19.0
470	985.0	0.0
480	1052.6666666666667	9.0
490	1224.6666666666667	27.0
500	1384.0	0.0
510	1138.3333333333333	21.0
520	1408.0	39.0
530	1692.0	50.0
540	1590.3333333333333	154.0
550	2032.1666666666667	119.0
560	1699.5	78.0
570	2210.3333333333335	97.0
580	1732.6666666666667	59.0
590	2369.0	0.0
600	1984.3333333333333	0.0
610	1911.6666666666667	0.0
620	1837.0	0.0
630	2096.3333333333335	0.0
640	2218.3333333333335	0.0
650	2453.6666666666665	0.0
660	2101.1666666666665	0.0
670	2289.6666666666665	0.0
680	2184.0	0.0
690	2552.0	0.0
700	2494.0	0.0
710	2183.5	0.0
720	2506.8333333333335	0.0
730	2351.6666666666665	0.0
740	2538.5	0.0
750	2441.0	0.0
760	2727.6666666666665	0.0
770	2412.3333333333335	0.0
780	2799.3333333333335	0.0
790	2442.6666666666665	0.0
800	2616.6666666666665	0.0
810	2513.1666666666665	0.0
820	2513.3333333333335	0.0
830	2659.1666666666665	0.0
840	2474.3333333333335	0.0
850	2699.8333333333335	0.0
860	2750.1666666666665	0.0
870	2572.8333333333335	0.0
880	2551.5	0.0
890	2684.5	0.0
900	2742.6666666666665	0.0
910	2722.8333333333335	0.0
920	2617.3333333333335	0.0
930	2566.0	0.0
940	2713.8333333333335	0.0
950	2542.8333333333335	0.0
960	2707.0	0.0
970	2670.0	0.0
980	2488.3333333333335	0.0
990	2546.6666666666665	0.0
1000	2554.0	0.0
