0	232.33333333333334	0.0
10	70.0	0.0
20	70.0	0.0
30	70.0	0.0
40	70.0	0.0
50	70.0	7.0
60	70.0	0.0
70	70.0	0.0
80	70.0	0.0
90	70.0	0.0
100	70.0	0.0
110	70.0	0.0
120	70.0	0.0
130	70.0	0.0
140	70.0	0.0
150	70.0	0.0
160	70.0	6.0
170	70.0	0.0
180	71.66666666666667	0.0
190	70.0	0.0
200	71.0	0.0
210	71.66666666666667	0.0
220	71.66666666666667	0.0
230	79.0	0.0
240	120.66666666666667	0.0
250	123.33333333333333	24.0
260	243.66666666666666	1.0
270	147.0	0.0
280	215.66666666666666	25.0
290	227.33333333333334	1.0
300	177.0	13.0
310	146.66666666666666	0.0
320	186.33333333333334	5.0
330	220.66666666666666	0.0
340	160.66666666666666	1.0
350	170.0	0.0
360	204.66666666666666	0.0
370	187.66666666666666	15.0
380	253.0	29.0
390	164.33333333333334	26.0
400	223.33333333333334	53.0
410	202.66666666666666	13.0
420	280.3333333333333	0.0
430	197.0	13.0
440	304.0	2.0
450	243.33333333333334	0.0
460	464.3333333333333	30.0
470	762.3333333333334	40.0
480	932.3333333333334	8.0
490	692.0	14.0
500	994.0	7.0
510	1158.3333333333333	2.0
520	1210.5	33.0
530	1689.8333333333333	62.0
540	1807.0	116.0
550	1541.6666666666667	121.0
560	1543.6666666666667	40.0
570	2058.1666666666665	66.0
580	2307.3333333333335	227.0
590	2440.3333333333335	0.0
600	2362.3333333333335	0.0
610	2424.6666666666665	0.0
620	2103.8333333333335	0.0
630	2132.6666666666665	0.0
640	1721.0	0.0
650	2185.0	0.0
660	2155.5	0.0
670	2230.3333333333335	0.0
680	2424.0	0.0
690	2070.0	0.0
700	2450.3333333333335	0.0
710	2267.8333333333335	0.0
720	2471.8333333333335	0.0
730	2473.3333333333335	0.0
740	2202.3333333333335	0.0
750	2271.0	0.0
760	2590.1666666666665	0.0
770	2735.0	0.0
780	2464.3333333333335	0.0
790	2526.3333333333335	0.0
800	2690.8333333333335	0.0
810	2565.8333333333335	0.0
820	2494.3333333333335	0.0
830	2489.5	0.0
840	2742.8333333333335	0.0
850	2794.1666666666665	0.0
860	2414.3333333333335	0.0
870	2686.8333333333335	0.0
880	2475.3333333333335	0.0
890	2860.8333333333335	0.0
900	2651.3333333333335	0.0
910	2784.6666666666665	0.0
920	2434.3333333333335	0.0
930	2819.8333333333335	0.0
940	2778.1666666666665	0.0
950	2378.1666666666665	0.0
960	2855.6666666666665	0.0
970	2286.0	0.0
980	2640.0	0.0
990	2412.8333333333335	0.0
1000	2607.3333333333335	0.0
