0	246.33333333333334	0.0
10	70.0	0.0
20	70.0	0.0
30	70.0	0.0
40	70.0	0.0
50	70.0	0.0
60	70.0	0.0
70	70.0	0.0
80	70.0	0.0
90	70.0	0.0
100	70.0	0.0
110	70.0	0.0
120	70.0	0.0
130	70.0	0.0
140	70.0	0.0
150	70.0	0.0
160	70.0	0.0
170	70.0	0.0
180	70.0	0.0
190	70.0	0.0
200	71.66666666666667	0.0
210	77.33333333333333	0.0
220	71.66666666666667	0.0
230	92.66666666666667	0.0
240	71.66666666666667	0.0
250	100.33333333333333	0.0
260	130.0	0.0
270	154.33333333333334	0.0
280	142.0	0.0
290	186.66666666666666	0.0
300	187.0	0.0
310	171.33333333333334	0.0
320	169.33333333333334	0.0
330	155.0	0.0
340	187.66666666666666	0.0
350	155.0	0.0
360	146.66666666666666	0.0
370	130.0	0.0
380	156.0	0.0
390	147.0	0.0
400	250.66666666666666	0.0
410	236.66666666666666	0.0
420	208.0	0.0
430	250.0	0.0
440	213.33333333333334	0.0
450	247.66666666666666	0.0
460	234.0	0.0
470	188.66666666666666	0.0
480	310.3333333333333	0.0
490	283.6666666666667	0.0
500	266.0	0.0
510	397.6666666666667	0.0
520	416.0	0.0
530	822.3333333333334	0.0
540	789.6666666666666	0.0
550	626.6666666666666	0.0
560	1243.6666666666667	0.0
570	1481.6666666666667	0.0
580	1500.8333333333333	0.0
590	1301.6666666666667	0.0
600	1647.8333333333333	0.0
