0	258.3333333333333	0.0
10	70.0	0.0
20	70.0	24.0
30	70.0	0.0
40	70.0	1.0
50	70.0	0.0
60	70.0	0.0
70	70.0	0.0
80	71.0	0.0
90	71.0	0.0
100	73.66666666666667	4.0
110	95.0	0.0
120	324.0	0.0
130	99.0	10.0
140	196.0	3.0
150	207.33333333333334	6.0
160	343.3333333333333	20.0
170	153.33333333333334	22.0
180	702.1666666666666	14.0
190	1371.8333333333333	20.0
200	1889.0	9.0
210	2090.3333333333335	4.0
220	1984.3333333333333	7.0
230	2187.6666666666665	22.0
240	2302.0	13.0
250	2308.0	6.0
260	2369.6666666666665	9.0
270	2296.6666666666665	6.0
280	2198.5	4.0
290	2580.0	9.0
300	2167.5	4.0
310	2761.0	8.0
320	2295.6666666666665	16.0
330	2553.6666666666665	22.0
340	2521.1666666666665	12.0
350	1936.3333333333333	10.0
360	1793.0	6.0
370	2149.3333333333335	8.0
380	1728.3333333333333	12.0
390	2400.3333333333335	17.0
400	1930.0	10.0
410	2198.3333333333335	20.0
420	2387.8333333333335	20.0
430	2437.3333333333335	8.0
440	2074.6666666666665	10.0
450	2153.3333333333335	13.0
460	2197.3333333333335	11.0
470	1566.5	16.0
480	2531.3333333333335	15.0
490	2289.3333333333335	8.0
500	2152.6666666666665	10.0
510	2469.3333333333335	18.0
520	2382.3333333333335	6.0
530	2185.3333333333335	5.0
540	2557.8333333333335	9.0
550	1866.0	11.0
560	2412.1666666666665	10.0
570	2632.1666666666665	4.0
580	2392.1666666666665	9.0
590	2403.0	8.0
600	2424.3333333333335	9.0
610	1782.1666666666667	11.0
620	2176.1666666666665	5.0
630	1971.5	16.0
640	2015.6666666666667	12.0
650	1747.0	16.0
660	2297.8333333333335	21.0
670	2058.5	12.0
680	1508.0	11.0
690	2289.3333333333335	5.0
700	1980.3333333333333	42.0
710	2254.8333333333335	5.0
720	1900.0	24.0
730	2445.0	4.0
740	2352.5	6.0
750	2373.1666666666665	11.0
760	2371.8333333333335	13.0
770	2417.6666666666665	4.0
780	2548.1666666666665	7.0
790	2674.6666666666665	17.0
800	2522.6666666666665	8.0
810	2028.5	13.0
820	2423.5	8.0
830	1849.0	20.0
840	1703.3333333333333	15.0
850	2204.6666666666665	10.0
860	2111.3333333333335	13.0
870	1789.6666666666667	18.0
880	1712.6666666666667	8.0
890	2071.8333333333335	8.0
900	2075.6666666666665	8.0
910	1781.5	3.0
920	2617.0	14.0
930	1893.0	13.0
940	2498.0	21.0
950	1726.6666666666667	6.0
960	2341.0	14.0
970	1714.8333333333333	0.0
980	2023.6666666666667	0.0
990	1906.5	0.0
1000	1891.5	0.0
