0	248.66666666666666	0.0
10	70.0	0.0
20	70.0	0.0
30	70.0	0.0
40	70.0	0.0
50	70.0	0.0
60	70.0	0.0
70	70.0	0.0
80	70.0	0.0
90	71.33333333333333	0.0
100	81.0	0.0
110	104.33333333333333	0.0
120	71.33333333333333	1.0
130	71.0	2.0
140	76.66666666666667	0.0
150	287.3333333333333	1.0
160	230.0	3.0
170	281.6666666666667	0.0
180	367.6666666666667	0.0
190	434.6666666666667	0.0
200	335.6666666666667	0.0
210	141.33333333333334	5.0
220	405.6666666666667	2.0
230	373.0	2.0
240	334.6666666666667	3.0
250	408.3333333333333	1.0
260	384.0	1.0
270	427.3333333333333	1.0
280	519.0	5.0
290	532.0	4.0
300	546.3333333333334	5.0
310	809.6666666666666	4.0
320	1225.5	0.0
330	1373.3333333333333	1.0
340	1251.0	3.0
350	1297.5	1.0
360	1608.8333333333333	3.0
370	1574.5	1.0
380	1544.5	1.0
390	1149.8333333333333	4.0
400	1243.1666666666667	6.0
410	1773.5	0.0
420	1609.0	2.0
430	1683.3333333333333	7.0
440	2174.6666666666665	1.0
450	1456.0	3.0
460	1948.3333333333333	0.0
470	1788.3333333333333	2.0
480	2373.3333333333335	3.0
490	2210.3333333333335	5.0
500	2118.6666666666665	3.0
510	2005.5	5.0
520	2401.0	5.0
530	2366.6666666666665	1.0
540	2652.1666666666665	4.0
550	2294.6666666666665	4.0
560	2443.0	1.0
570	2453.0	2.0
580	2490.3333333333335	0.0
590	1995.6666666666667	4.0
600	2311.1666666666665	3.0
610	1767.1666666666667	1.0
620	2375.3333333333335	1.0
630	1723.0	4.0
640	2225.8333333333335	6.0
650	2544.5	4.0
660	2568.5	0.0
670	2383.8333333333335	1.0
680	2496.3333333333335	0.0
690	2444.0	3.0
700	1891.3333333333333	6.0
710	2369.3333333333335	8.0
720	1242.3333333333333	7.0
730	1669.6666666666667	3.0
740	1452.3333333333333	1.0
750	2171.5	8.0
760	1784.8333333333333	5.0
770	1794.0	1.0
780	1579.0	5.0
790	2155.3333333333335	2.0
800	1769.6666666666667	4.0
810	2124.5	10.0
820	1738.6666666666667	0.0
830	1574.0	4.0
840	1427.3333333333333	6.0
850	2103.0	1.0
860	2248.1666666666665	3.0
870	2468.3333333333335	1.0
880	2370.3333333333335	5.0
890	2402.0	2.0
900	2268.3333333333335	6.0
910	2387.3333333333335	6.0
920	2334.1666666666665	1.0
930	2475.1666666666665	8.0
940	2274.1666666666665	11.0
950	2412.6666666666665	4.0
960	2282.0	2.0
970	2241.6666666666665	2.0
980	2294.3333333333335	1.0
990	2243.5	6.0
1000	2497.0	9.0
