0	236.66666666666666	0.0
10	70.0	0.0
20	70.0	0.0
30	70.0	0.0
40	70.0	0.0
50	70.0	0.0
60	70.0	0.0
70	70.0	0.0
80	70.33333333333333	0.0
90	77.33333333333333	0.0
100	107.33333333333333	0.0
110	83.0	0.0
120	141.0	5.0
130	372.3333333333333	0.0
140	335.3333333333333	0.0
150	240.33333333333334	0.0
160	414.0	0.0
170	128.0	2.0
180	232.66666666666666	0.0
190	147.66666666666666	4.0
200	336.6666666666667	0.0
210	192.66666666666666	6.0
220	149.0	2.0
230	433.6666666666667	2.0
240	407.0	3.0
250	299.6666666666667	3.0
260	341.0	1.0
270	684.6666666666666	7.0
280	659.6666666666666	7.0
290	673.6666666666666	4.0
300	857.6666666666666	6.0
310	1469.6666666666667	5.0
320	1217.0	4.0
330	1707.5	2.0
340	1264.6666666666667	3.0
350	1946.5	4.0
360	1721.5	4.0
370	1581.8333333333333	4.0
380	2037.0	1.0
390	2041.3333333333333	1.0
400	1922.1666666666667	0.0
410	1344.0	0.0
420	1597.3333333333333	3.0
430	1665.5	6.0
440	2346.8333333333335	3.0
450	1749.6666666666667	1.0
460	2621.8333333333335	1.0
470	2369.0	4.0
480	2347.1666666666665	4.0
490	2475.6666666666665	1.0
500	2450.0	0.0
510	2065.6666666666665	1.0
520	2059.6666666666665	3.0
530	2480.5	0.0
540	2496.8333333333335	0.0
550	2397.0	8.0
560	2548.5	1.0
570	2244.0	5.0
580	2091.3333333333335	4.0
590	2129.3333333333335	3.0
600	2608.8333333333335	0.0
610	2689.6666666666665	1.0
620	2307.6666666666665	2.0
630	2047.3333333333333	0.0
640	1998.6666666666667	1.0
650	1818.3333333333333	2.0
660	2216.3333333333335	0.0
670	1801.8333333333333	5.0
680	1998.0	4.0
690	2236.8333333333335	0.0
700	2057.8333333333335	4.0
710	2531.0	4.0
720	2070.0	2.0
730	1531.5	1.0
740	2188.0	3.0
750	2195.6666666666665	4.0
760	2185.0	3.0
770	1860.1666666666667	8.0
780	2171.0	5.0
790	1715.8333333333333	0.0
800	1940.6666666666667	6.0
810	1573.0	1.0
820	1686.8333333333333	3.0
830	1822.8333333333333	0.0
840	2421.5	2.0
850	2325.0	2.0
860	2516.8333333333335	2.0
870	2369.0	3.0
880	2515.3333333333335	2.0
890	2163.3333333333335	4.0
900	2308.6666666666665	1.0
910	2089.6666666666665	0.0
920	2468.3333333333335	1.0
930	2260.0	0.0
940	1803.0	2.0
950	1711.0	3.0
960	1758.8333333333333	0.0
970	1680.0	3.0
980	1579.0	3.0
990	2049.8333333333335	1.0
1000	1594.6666666666667	5.0
