0	308.6666666666667	0.0
10	70.0	0.0
20	70.0	0.0
30	70.0	0.0
40	70.0	0.0
50	70.0	0.0
60	70.0	0.0
70	70.0	0.0
80	71.66666666666667	0.0
90	71.33333333333333	0.0
100	98.33333333333333	0.0
110	72.66666666666667	6.0
120	72.0	0.0
130	118.66666666666667	0.0
140	288.0	0.0
150	83.66666666666667	1.0
160	102.66666666666667	0.0
170	714.8333333333334	0.0
180	152.66666666666666	1.0
190	144.0	1.0
200	491.6666666666667	0.0
210	687.3333333333334	3.0
220	384.0	3.0
230	400.3333333333333	7.0
240	658.0	2.0
250	1008.6666666666666	3.0
260	1060.3333333333333	3.0
270	916.6666666666666	3.0
280	1027.1666666666667	3.0
290	1237.0	5.0
300	1984.6666666666667	3.0
310	2090.8333333333335	2.0
320	2449.0	3.0
330	2446.5	2.0
340	2285.8333333333335	0.0
350	2296.1666666666665	3.0
360	2582.1666666666665	1.0
370	2219.3333333333335	2.0
380	2407.3333333333335	4.0
390	2400.3333333333335	6.0
400	2245.0	2.0
410	2224.1666666666665	4.0
420	2451.3333333333335	4.0
430	2395.0	3.0
440	2369.0	6.0
450	2292.0	1.0
460	2389.0	1.0
470	2391.8333333333335	2.0
480	1760.0	2.0
490	2451.5	0.0
500	1779.6666666666667	3.0
510	2233.6666666666665	3.0
520	2441.1666666666665	5.0
530	2249.5	10.0
540	2030.6666666666667	2.0
550	1984.6666666666667	5.0
560	1992.3333333333333	0.0
570	2145.0	1.0
580	2068.0	2.0
590	1832.6666666666667	4.0
600	1758.8333333333333	3.0
610	1899.6666666666667	3.0
620	2299.0	2.0
630	1944.3333333333333	3.0
640	2377.6666666666665	7.0
650	2140.1666666666665	3.0
660	2093.3333333333335	1.0
670	1709.5	3.0
680	2410.6666666666665	4.0
690	2172.0	3.0
700	2403.5	1.0
710	2193.0	2.0
720	2278.5	1.0
730	1994.6666666666667	0.0
740	2267.3333333333335	4.0
750	2400.5	1.0
760	2634.1666666666665	2.0
770	2338.8333333333335	1.0
780	2414.6666666666665	5.0
790	2188.0	2.0
800	2329.6666666666665	1.0
810	2636.6666666666665	0.0
820	2606.3333333333335	3.0
830	2577.0	2.0
840	1865.5	1.0
850	2307.5	4.0
860	2275.3333333333335	5.0
870	2027.1666666666667	4.0
880	1723.6666666666667	0.0
890	2277.6666666666665	3.0
900	1822.0	3.0
910	1908.8333333333333	4.0
920	2222.6666666666665	6.0
930	1819.0	2.0
940	1840.6666666666667	2.0
950	2218.0	4.0
960	1982.6666666666667	0.0
970	1853.0	3.0
980	1842.6666666666667	1.0
990	1738.3333333333333	1.0
1000	2025.0	2.0
