0	258.3333333333333	0.0
10	70.0	0.0
20	70.0	0.0
30	70.0	0.0
40	70.0	0.0
50	70.0	0.0
60	70.0	0.0
70	70.0	0.0
80	70.33333333333333	0.0
90	71.0	0.0
100	72.33333333333333	0.0
110	102.33333333333333	0.0
120	251.33333333333334	0.0
130	296.3333333333333	0.0
140	231.33333333333334	0.0
150	126.33333333333333	1.0
160	108.66666666666667	0.0
170	171.66666666666666	0.0
180	241.33333333333334	1.0
190	281.3333333333333	5.0
200	245.66666666666666	1.0
210	270.0	2.0
220	177.33333333333334	1.0
230	353.3333333333333	1.0
240	387.6666666666667	4.0
250	323.6666666666667	6.0
260	365.3333333333333	6.0
270	387.6666666666667	2.0
280	552.3333333333334	4.0
290	565.3333333333334	8.0
300	669.6666666666666	5.0
310	1136.3333333333333	2.0
320	1122.0	2.0
330	1282.1666666666667	5.0
340	1589.3333333333333	1.0
350	1329.1666666666667	6.0
360	1050.0	1.0
370	1708.3333333333333	3.0
380	1433.0	4.0
390	1856.0	0.0
400	1990.6666666666667	1.0
410	1721.8333333333333	3.0
420	1435.6666666666667	2.0
430	1505.1666666666667	0.0
440	1632.8333333333333	1.0
450	2203.1666666666665	1.0
460	2140.5	0.0
470	1895.6666666666667	2.0
480	1548.5	3.0
490	1679.0	5.0
500	1409.0	0.0
510	1473.6666666666667	1.0
520	1650.3333333333333	1.0
530	2093.0	4.0
540	1429.5	7.0
550	1607.0	2.0
560	1520.5	4.0
570	1558.1666666666667	2.0
580	1516.6666666666667	2.0
590	1650.5	5.0
600	1642.6666666666667	2.0
610	1912.0	6.0
620	1420.5	5.0
630	1723.3333333333333	4.0
640	1830.1666666666667	2.0
650	1857.5	2.0
660	1880.0	7.0
670	2000.0	4.0
680	1639.8333333333333	2.0
690	1762.3333333333333	14.0
700	2087.3333333333335	6.0
710	2209.3333333333335	3.0
720	2488.0	1.0
730	2432.3333333333335	6.0
740	2256.8333333333335	3.0
750	2359.0	3.0
760	2547.3333333333335	3.0
770	2341.3333333333335	7.0
780	2166.0	4.0
790	2362.3333333333335	0.0
800	2517.3333333333335	3.0
810	2223.3333333333335	4.0
820	2241.3333333333335	1.0
830	2125.3333333333335	2.0
840	2190.6666666666665	5.0
850	2410.0	1.0
860	1719.0	4.0
870	1659.0	4.0
880	1719.0	4.0
890	1720.3333333333333	2.0
900	1691.3333333333333	2.0
910	1753.0	1.0
920	1855.0	2.0
930	2084.5	4.0
940	1721.8333333333333	3.0
950	1725.1666666666667	2.0
960	1657.3333333333333	2.0
970	2130.0	7.0
980	2449.3333333333335	0.0
990	2354.0	0.0
1000	2428.5	5.0
