0	218.66666666666666	0.0
10	94.66666666666667	701.0
20	115.0	299.0
30	100.0	0.0
40	140.0	0.0
50	88.66666666666667	0.0
60	72.33333333333333	0.0
70	71.0	0.0
80	70.0	0.0
90	70.66666666666667	0.0
100	71.0	0.0
110	172.0	0.0
120	1172.3333333333333	0.0
130	1250.0	0.0
140	108.33333333333333	0.0
150	441.0	0.0
160	293.6666666666667	0.0
170	1043.6666666666667	0.0
180	1451.3333333333333	0.0
190	1148.6666666666667	0.0
200	1290.0	0.0
210	1727.3333333333333	0.0
220	1690.0	0.0
230	2161.0	0.0
240	1880.3333333333333	0.0
250	1760.3333333333333	0.0
260	2024.8333333333333	0.0
270	2006.6666666666667	0.0
280	2199.6666666666665	0.0
290	1957.3333333333333	0.0
300	1932.0	0.0
310	2159.0	0.0
320	2028.0	0.0
330	2492.6666666666665	0.0
340	2362.0	0.0
350	2212.6666666666665	0.0
360	2000.0	0.0
370	2291.6666666666665	0.0
380	2486.3333333333335	0.0
390	2445.6666666666665	0.0
400	2247.3333333333335	0.0
410	2440.1666666666665	0.0
420	2516.0	0.0
430	2345.3333333333335	0.0
440	2096.8333333333335	0.0
450	2420.3333333333335	0.0
460	2400.6666666666665	0.0
470	2343.0	0.0
480	2768.6666666666665	0.0
490	2632.0	0.0
500	2507.0	0.0
510	2642.3333333333335	0.0
520	2572.3333333333335	0.0
530	2710.8333333333335	0.0
540	2689.8333333333335	0.0
550	2479.6666666666665	0.0
560	2378.0	0.0
570	2459.3333333333335	0.0
580	2574.5	0.0
590	2410.3333333333335	0.0
600	2468.6666666666665	0.0
610	2339.3333333333335	0.0
620	2394.6666666666665	0.0
630	2457.0	0.0
640	2440.5	0.0
650	2614.6666666666665	0.0
660	2526.6666666666665	0.0
670	2516.1666666666665	0.0
680	2371.6666666666665	0.0
690	2478.3333333333335	0.0
700	2285.3333333333335	0.0
710	2652.6666666666665	0.0
720	2485.0	0.0
730	2569.0	0.0
740	2392.3333333333335	0.0
750	2639.5	0.0
760	2470.6666666666665	0.0
770	2639.3333333333335	0.0
780	2848.3333333333335	0.0
790	2583.0	0.0
800	2654.0	0.0
