0	292.0	0.0
10	120.33333333333333	733.0
20	101.0	267.0
30	98.33333333333333	0.0
40	93.33333333333333	0.0
50	91.0	0.0
60	72.0	0.0
70	70.0	0.0
80	70.0	0.0
90	70.0	0.0
100	70.0	0.0
110	70.0	0.0
120	74.0	0.0
130	1349.3333333333333	0.0
140	1142.6666666666667	0.0
150	656.3333333333334	0.0
160	958.6666666666666	0.0
170	807.6666666666666	0.0
180	1161.6666666666667	0.0
190	939.3333333333334	0.0
200	877.3333333333334	0.0
210	995.3333333333334	0.0
220	1712.3333333333333	0.0
230	1710.3333333333333	0.0
240	1957.6666666666667	0.0
250	2059.6666666666665	0.0
260	2011.6666666666667	0.0
270	1566.0	0.0
280	1570.3333333333333	0.0
290	1653.0	0.0
300	2101.6666666666665	0.0
310	2194.1666666666665	0.0
320	1989.1666666666667	0.0
330	2143.3333333333335	0.0
340	2261.6666666666665	0.0
350	2084.0	0.0
360	2379.0	0.0
370	2078.8333333333335	0.0
380	2430.6666666666665	0.0
390	2286.0	0.0
400	2131.5	0.0
410	2221.8333333333335	0.0
420	2377.0	0.0
430	2492.0	0.0
440	2363.6666666666665	0.0
450	2367.5	0.0
460	2477.0	0.0
470	2734.8333333333335	0.0
480	2435.6666666666665	0.0
490	2550.0	0.0
500	2386.3333333333335	0.0
510	2485.8333333333335	0.0
520	2503.0	0.0
530	2454.1666666666665	0.0
540	2533.3333333333335	0.0
550	2434.6666666666665	0.0
560	2567.8333333333335	0.0
570	2587.1666666666665	0.0
580	2670.8333333333335	0.0
590	2537.5	0.0
600	2516.6666666666665	0.0
610	2695.1666666666665	0.0
620	2408.3333333333335	0.0
630	2480.6666666666665	0.0
640	2631.0	0.0
650	2548.6666666666665	0.0
660	2414.8333333333335	0.0
670	2501.3333333333335	0.0
680	2498.0	0.0
690	2626.5	0.0
700	2593.5	0.0
710	2629.3333333333335	0.0
720	2466.8333333333335	0.0
730	2535.8333333333335	0.0
740	2693.0	0.0
750	2631.3333333333335	0.0
760	2434.5	0.0
770	2678.3333333333335	0.0
780	2652.3333333333335	0.0
790	2525.0	0.0
800	2208.6666666666665	0.0
