0	255.33333333333334	0.0
10	70.0	1.0
20	70.0	0.0
30	70.0	2.0
40	70.0	0.0
50	70.0	6.0
60	70.0	0.0
70	70.0	0.0
80	70.0	0.0
90	70.0	0.0
100	70.0	0.0
110	70.0	11.0
120	70.0	0.0
130	70.0	0.0
140	70.0	0.0
150	70.0	1.0
160	70.0	1.0
170	70.0	0.0
180	70.66666666666667	0.0
190	71.33333333333333	0.0
200	79.33333333333333	0.0
210	80.0	0.0
220	71.33333333333333	0.0
230	71.66666666666667	14.0
240	146.0	0.0
250	160.0	0.0
260	155.66666666666666	1.0
270	252.0	0.0
280	194.66666666666666	2.0
290	189.33333333333334	1.0
300	138.0	5.0
310	130.0	13.0
320	130.0	7.0
330	130.0	3.0
340	130.0	4.0
350	136.66666666666666	1.0
360	162.66666666666666	17.0
370	212.33333333333334	11.0
380	222.0	4.0
390	655.3333333333334	14.0
400	1005.0	12.0
410	1061.6666666666667	28.0
420	1289.6666666666667	16.0
430	1527.3333333333333	15.0
440	1745.6666666666667	19.0
450	1683.0	21.0
460	1944.6666666666667	39.0
470	2219.0	23.0
480	2219.0	43.0
490	2000.5	19.0
500	2404.8333333333335	18.0
510	2006.6666666666667	29.0
520	2073.6666666666665	20.0
530	2235.6666666666665	20.0
540	2174.0	19.0
550	2070.1666666666665	14.0
560	2312.6666666666665	21.0
570	2381.0	15.0
580	2560.5	28.0
590	2299.6666666666665	22.0
600	2478.3333333333335	24.0
610	2337.3333333333335	37.0
620	2366.3333333333335	40.0
630	2283.3333333333335	22.0
640	2498.1666666666665	15.0
650	2573.1666666666665	23.0
660	2359.0	18.0
670	2619.5	32.0
680	2551.0	27.0
690	2441.8333333333335	33.0
700	2457.8333333333335	16.0
710	2532.3333333333335	27.0
720	2662.0	49.0
730	2577.1666666666665	19.0
740	2481.6666666666665	17.0
750	2537.5	25.0
760	2513.8333333333335	16.0
770	2316.0	0.0
780	2438.8333333333335	0.0
790	2619.6666666666665	0.0
800	2391.6666666666665	0.0
