0	276.3333333333333	0.0
10	70.0	0.0
20	70.0	1.0
30	70.0	0.0
40	70.0	0.0
50	70.0	0.0
60	70.0	0.0
70	70.0	0.0
80	70.0	0.0
90	70.0	0.0
100	70.0	5.0
110	70.0	3.0
120	70.0	1.0
130	70.0	0.0
140	70.0	1.0
150	70.0	0.0
160	70.0	0.0
170	70.0	0.0
180	72.66666666666667	2.0
190	70.33333333333333	0.0
200	70.66666666666667	0.0
210	74.66666666666667	0.0
220	72.33333333333333	6.0
230	70.0	0.0
240	79.66666666666667	0.0
250	76.66666666666667	2.0
260	71.33333333333333	0.0
270	106.0	5.0
280	104.0	12.0
290	127.33333333333333	0.0
300	442.6666666666667	0.0
310	180.0	24.0
320	198.33333333333334	7.0
330	158.66666666666666	5.0
340	164.0	13.0
350	153.0	12.0
360	180.33333333333334	2.0
370	231.0	5.0
380	245.66666666666666	4.0
390	278.6666666666667	6.0
400	469.0	3.0
410	747.5	10.0
420	823.6666666666666	11.0
430	1077.0	8.0
440	1156.6666666666667	9.0
450	723.0	31.0
460	1151.3333333333333	12.0
470	1609.0	19.0
480	1491.0	10.0
490	1584.0	26.0
500	1618.6666666666667	15.0
510	1953.0	15.0
520	1996.0	34.0
530	1586.6666666666667	31.0
540	2245.3333333333335	28.0
550	2534.6666666666665	28.0
560	1898.3333333333333	21.0
570	2304.3333333333335	20.0
580	2091.6666666666665	26.0
590	1863.0	33.0
600	2421.0	21.0
610	2548.6666666666665	12.0
620	1685.8333333333333	27.0
630	2321.8333333333335	21.0
640	2210.3333333333335	16.0
650	2359.0	38.0
660	2276.8333333333335	29.0
670	2353.6666666666665	27.0
680	2481.0	22.0
690	2416.0	26.0
700	2537.3333333333335	19.0
710	2453.8333333333335	19.0
720	2463.0	34.0
730	2548.5	26.0
740	2449.0	21.0
750	2609.1666666666665	41.0
760	2433.1666666666665	22.0
770	2561.0	24.0
780	2688.0	29.0
790	2471.3333333333335	20.0
800	2543.8333333333335	0.0
