0	280.6666666666667	0.0
10	70.0	0.0
20	70.0	0.0
30	70.0	0.0
40	70.0	0.0
50	70.0	0.0
60	70.0	0.0
70	70.0	0.0
80	70.0	0.0
90	70.0	0.0
100	70.0	0.0
110	70.0	4.0
120	70.0	0.0
130	70.0	0.0
140	70.0	0.0
150	70.0	0.0
160	70.0	0.0
170	70.0	0.0
180	71.0	0.0
190	71.66666666666667	0.0
200	70.0	1.0
210	73.0	0.0
220	72.33333333333333	0.0
230	71.66666666666667	0.0
240	70.0	3.0
250	128.66666666666666	1.0
260	129.0	1.0
270	298.0	0.0
280	237.33333333333334	43.0
290	169.33333333333334	38.0
300	176.0	1.0
310	179.0	12.0
320	138.33333333333334	6.0
330	146.0	11.0
340	207.66666666666666	9.0
350	195.66666666666666	9.0
360	414.6666666666667	4.0
370	699.0	1.0
380	750.3333333333334	7.0
390	865.0	13.0
400	1147.6666666666667	22.0
410	1572.0	12.0
420	1524.6666666666667	20.0
430	1208.0	20.0
440	1837.3333333333333	33.0
450	2006.0	30.0
460	1875.6666666666667	38.0
470	1871.3333333333333	20.0
480	2086.3333333333335	17.0
490	1999.0	31.0
500	2105.6666666666665	22.0
510	2250.3333333333335	16.0
520	2127.6666666666665	19.0
530	2410.3333333333335	54.0
540	2312.5	22.0
550	2388.6666666666665	45.0
560	2103.3333333333335	43.0
570	2293.6666666666665	34.0
580	2379.6666666666665	40.0
590	2138.0	56.0
600	2194.5	37.0
610	2206.0	31.0
620	2335.6666666666665	19.0
630	2420.6666666666665	37.0
640	2349.8333333333335	18.0
650	2556.0	26.0
660	2621.6666666666665	19.0
670	2441.1666666666665	23.0
680	2475.3333333333335	26.0
690	2615.1666666666665	6.0
700	2442.0	0.0
710	2626.3333333333335	0.0
720	2831.5	0.0
730	2701.6666666666665	0.0
740	2366.3333333333335	0.0
750	2631.5	0.0
760	2553.6666666666665	0.0
770	2568.1666666666665	0.0
780	2523.3333333333335	0.0
790	2831.8333333333335	0.0
800	2670.8333333333335	0.0
