0	258.3333333333333	0.0
10	70.0	0.0
20	70.0	0.0
30	70.0	0.0
40	70.0	0.0
50	70.0	0.0
60	70.0	0.0
70	70.0	0.0
80	70.0	0.0
90	70.0	0.0
100	70.0	0.0
110	70.0	0.0
120	70.0	0.0
130	70.0	0.0
140	70.0	0.0
150	70.0	0.0
160	70.0	0.0
170	70.0	0.0
180	70.0	0.0
190	70.0	0.0
200	70.0	0.0
210	72.0	0.0
220	72.66666666666667	0.0
230	70.0	0.0
240	71.0	0.0
250	141.0	0.0
260	204.66666666666666	0.0
270	295.0	0.0
280	157.66666666666666	0.0
290	194.0	0.0
300	204.33333333333334	0.0
310	139.66666666666666	0.0
320	146.0	0.0
330	162.33333333333334	0.0
340	140.66666666666666	0.0
350	130.0	0.0
360	154.0	0.0
370	196.66666666666666	0.0
380	226.33333333333334	0.0
390	165.0	0.0
400	204.66666666666666	0.0
410	284.3333333333333	0.0
420	188.0	0.0
430	202.66666666666666	0.0
440	195.0	0.0
450	299.3333333333333	0.0
460	278.6666666666667	0.0
470	234.0	0.0
480	257.0	0.0
490	281.0	0.0
500	311.0	0.0
510	287.6666666666667	0.0
520	307.0	0.0
530	395.3333333333333	0.0
540	310.6666666666667	0.0
550	368.0	0.0
560	387.3333333333333	0.0
570	393.3333333333333	0.0
580	332.3333333333333	0.0
590	521.1666666666666	0.0
600	340.3333333333333	0.0
