0	227.0	0.0
10	116.0	464.0
20	101.33333333333333	0.0
30	100.0	0.0
40	99.66666666666667	0.0
50	100.0	0.0
60	100.66666666666667	0.0
70	100.0	0.0
80	101.33333333333333	0.0
90	102.33333333333333	0.0
100	102.66666666666667	0.0
110	133.33333333333334	0.0
120	130.0	0.0
130	130.0	0.0
140	130.0	0.0
150	130.66666666666666	0.0
160	130.0	0.0
170	131.0	0.0
180	130.0	0.0
190	134.33333333333334	0.0
200	131.0	0.0
210	130.0	0.0
220	132.0	0.0
230	130.0	0.0
240	162.33333333333334	0.0
250	599.3333333333334	0.0
260	544.6666666666666	0.0
270	649.3333333333334	0.0
280	659.0	0.0
290	749.0	0.0
300	769.0	0.0
310	1019.3333333333334	0.0
320	1219.0	0.0
330	1281.6666666666667	0.0
340	1339.0	0.0
350	1848.0	0.0
360	1554.6666666666667	0.0
370	1922.6666666666667	0.0
380	1947.0	0.0
390	1721.6666666666667	0.0
400	2010.6666666666667	0.0
410	1909.3333333333333	0.0
420	2228.6666666666665	0.0
430	1867.3333333333333	0.0
440	1436.6666666666667	0.0
450	2058.0	0.0
460	2420.3333333333335	0.0
470	2250.3333333333335	0.0
480	2484.6666666666665	0.0
490	2175.0	0.0
500	2296.3333333333335	0.0
510	2302.8333333333335	0.0
520	2417.6666666666665	0.0
530	2515.3333333333335	0.0
540	2709.1666666666665	0.0
550	2375.3333333333335	0.0
560	2720.0	0.0
570	2484.5	0.0
580	2684.3333333333335	0.0
590	2644.0	0.0
600	2585.3333333333335	0.0
610	2619.8333333333335	0.0
620	2537.6666666666665	0.0
630	2639.3333333333335	0.0
640	2634.3333333333335	0.0
650	2739.6666666666665	0.0
660	2552.5	0.0
670	2634.5	0.0
680	2659.0	0.0
690	2571.8333333333335	0.0
700	2771.1666666666665	0.0
710	2766.0	0.0
720	2700.1666666666665	0.0
730	2411.6666666666665	0.0
740	2781.1666666666665	0.0
750	1994.0	0.0
760	2008.8333333333333	0.0
770	2205.0	0.0
780	1950.1666666666667	0.0
790	2905.1666666666665	0.0
800	2351.0	0.0
810	2470.1666666666665	0.0
820	2393.1666666666665	0.0
830	1755.3333333333333	0.0
840	2647.8333333333335	0.0
850	2644.3333333333335	0.0
860	2773.6666666666665	0.0
870	2802.1666666666665	0.0
880	2500.6666666666665	0.0
890	2527.0	0.0
900	2835.1666666666665	0.0
910	1915.8333333333333	0.0
920	2743.3333333333335	0.0
930	2838.1666666666665	0.0
940	2076.8333333333335	0.0
950	2786.0	0.0
960	2491.5	0.0
970	2609.5	0.0
980	2669.6666666666665	0.0
990	2521.0	0.0
1000	2129.6666666666665	0.0
