0	233.66666666666666	0.0
10	70.0	0.0
20	70.0	0.0
30	70.0	0.0
40	70.0	0.0
50	70.0	0.0
60	70.0	0.0
70	70.0	0.0
80	70.0	0.0
90	70.0	0.0
100	70.0	0.0
110	70.0	0.0
120	70.0	0.0
130	70.0	0.0
140	70.0	0.0
150	70.0	0.0
160	70.0	0.0
170	70.33333333333333	0.0
180	70.0	0.0
190	70.0	0.0
200	72.0	0.0
210	72.66666666666667	0.0
220	70.66666666666667	0.0
230	95.0	0.0
240	133.0	0.0
250	379.6666666666667	0.0
260	171.66666666666666	0.0
270	131.66666666666666	0.0
280	157.33333333333334	0.0
290	170.66666666666666	0.0
300	154.66666666666666	0.0
310	154.0	0.0
320	250.66666666666666	0.0
330	155.0	0.0
340	154.66666666666666	0.0
350	148.0	0.0
360	162.33333333333334	0.0
370	234.0	0.0
380	407.0	0.0
390	558.6666666666666	0.0
400	493.0	0.0
410	740.3333333333334	0.0
420	753.0	0.0
430	821.0	0.0
440	1057.0	0.0
450	1738.6666666666667	0.0
460	1562.0	0.0
470	1620.3333333333333	0.0
480	1425.0	0.0
490	1403.6666666666667	0.0
500	1612.0	0.0
510	2265.0	0.0
520	2149.6666666666665	0.0
530	2191.6666666666665	0.0
540	1923.3333333333333	0.0
550	1870.0	0.0
560	2031.6666666666667	0.0
570	2184.3333333333335	0.0
580	2092.3333333333335	0.0
590	2439.3333333333335	0.0
600	2478.8333333333335	0.0
