0	257.6666666666667	0.0
10	70.0	0.0
20	70.0	0.0
30	70.0	0.0
40	70.0	0.0
50	70.0	0.0
60	70.0	0.0
70	70.0	0.0
80	70.0	0.0
90	70.0	0.0
100	70.0	0.0
110	70.0	0.0
120	70.0	0.0
130	70.0	0.0
140	70.0	0.0
150	70.0	0.0
160	70.0	0.0
170	70.0	0.0
180	70.0	0.0
190	70.0	0.0
200	71.66666666666667	0.0
210	73.0	0.0
220	72.66666666666667	0.0
230	78.0	0.0
240	166.33333333333334	0.0
250	171.0	0.0
260	296.0	0.0
270	129.66666666666666	0.0
280	152.66666666666666	0.0
290	130.0	0.0
300	130.0	0.0
310	130.0	0.0
320	130.0	0.0
330	146.0	0.0
340	130.0	0.0
350	156.0	0.0
360	328.0	0.0
370	437.6666666666667	0.0
380	475.3333333333333	0.0
390	640.0	0.0
400	745.3333333333334	0.0
410	528.6666666666666	0.0
420	829.0	0.0
430	859.6666666666666	0.0
440	683.3333333333334	0.0
450	696.3333333333334	0.0
460	1019.6666666666666	0.0
470	1172.0	0.0
480	1745.3333333333333	0.0
490	1751.3333333333333	0.0
500	1671.3333333333333	0.0
510	1670.6666666666667	0.0
520	1373.6666666666667	0.0
530	1524.3333333333333	0.0
540	2188.3333333333335	0.0
550	2009.6666666666667	0.0
560	2029.3333333333333	0.0
570	2191.0	0.0
580	1949.6666666666667	0.0
590	2162.6666666666665	0.0
600	1507.6666666666667	0.0
