0	257.0	0.0
10	70.0	0.0
20	70.0	0.0
30	70.0	0.0
40	70.0	0.0
50	70.0	0.0
60	70.0	0.0
70	70.0	0.0
80	70.0	0.0
90	70.0	0.0
100	70.0	0.0
110	70.0	0.0
120	70.0	0.0
130	70.0	0.0
140	70.0	0.0
150	70.0	0.0
160	70.0	0.0
170	70.0	0.0
180	70.0	0.0
190	71.33333333333333	0.0
200	71.33333333333333	0.0
210	78.66666666666667	0.0
220	73.66666666666667	0.0
230	79.66666666666667	0.0
240	72.33333333333333	0.0
250	148.33333333333334	0.0
260	169.33333333333334	0.0
270	146.33333333333334	0.0
280	347.3333333333333	0.0
290	383.0	0.0
300	231.66666666666666	0.0
310	136.66666666666666	0.0
320	170.0	0.0
330	154.0	0.0
340	138.33333333333334	0.0
350	138.33333333333334	0.0
360	146.0	0.0
370	147.0	0.0
380	173.66666666666666	0.0
390	189.0	0.0
400	161.0	0.0
410	198.0	0.0
420	153.0	0.0
430	601.6666666666666	0.0
440	585.6666666666666	0.0
450	791.6666666666666	0.0
460	830.6666666666666	0.0
470	1009.6666666666666	0.0
480	1216.0	0.0
490	1137.3333333333333	0.0
500	1384.0	0.0
510	1470.3333333333333	0.0
520	1466.3333333333333	0.0
530	1830.3333333333333	0.0
540	2017.5	0.0
550	1985.6666666666667	0.0
560	2658.1666666666665	0.0
570	2346.0	0.0
580	2357.8333333333335	0.0
590	2375.0	0.0
600	2208.0	0.0
