0	277.0	0.0
10	70.0	51.0
20	70.0	34.0
30	70.0	21.0
40	70.0	29.0
50	70.0	32.0
60	70.0	4.0
70	70.0	62.0
80	213.33333333333334	10.0
90	473.0	4.0
100	152.66666666666666	25.0
110	269.6666666666667	16.0
120	1489.0	13.0
130	1877.0	18.0
140	2160.0	47.0
150	2157.3333333333335	50.0
160	2117.3333333333335	28.0
170	2255.0	28.0
180	2386.0	44.0
190	2036.0	25.0
200	2378.0	41.0
210	2368.5	19.0
220	2174.0	10.0
230	2278.8333333333335	14.0
240	2295.6666666666665	25.0
250	2361.0	27.0
260	2642.6666666666665	43.0
270	2292.3333333333335	25.0
280	2448.3333333333335	35.0
290	2221.8333333333335	14.0
300	2237.5	24.0
310	2530.0	17.0
320	2305.3333333333335	19.0
330	775.6666666666666	10.0
340	1186.8333333333333	10.0
350	1461.6666666666667	45.0
360	1712.6666666666667	19.0
370	1094.0	22.0
380	1991.8333333333333	5.0
390	2231.6666666666665	32.0
400	2090.8333333333335	3.0
410	2387.8333333333335	0.0
420	1778.3333333333333	0.0
430	2332.8333333333335	0.0
440	1642.6666666666667	0.0
450	1892.3333333333333	0.0
460	1349.1666666666667	0.0
470	1586.5	0.0
480	1922.6666666666667	0.0
490	2480.0	0.0
500	1745.0	0.0
510	1596.3333333333333	0.0
520	2294.0	0.0
530	1932.8333333333333	0.0
540	2364.0	0.0
550	1981.0	0.0
560	2559.3333333333335	0.0
570	2470.0	0.0
580	1988.3333333333333	0.0
590	1782.0	0.0
600	2148.0	0.0
610	2270.1666666666665	0.0
620	2247.0	0.0
630	2094.0	0.0
640	2288.0	0.0
650	2536.6666666666665	0.0
660	2621.1666666666665	0.0
670	2339.0	0.0
680	2454.1666666666665	0.0
690	2376.0	0.0
700	2191.3333333333335	0.0
710	2436.6666666666665	0.0
720	2430.8333333333335	0.0
730	2346.0	0.0
740	1767.3333333333333	0.0
750	1930.3333333333333	0.0
760	1833.6666666666667	0.0
770	1783.3333333333333	0.0
780	2334.6666666666665	0.0
790	2691.0	0.0
800	2341.6666666666665	0.0
810	2569.0	0.0
820	2523.5	0.0
830	2476.1666666666665	0.0
840	2595.1666666666665	0.0
850	1907.6666666666667	0.0
860	1750.0	0.0
870	1769.6666666666667	0.0
880	2148.0	0.0
890	2184.0	0.0
900	2070.8333333333335	0.0
910	1937.5	0.0
920	2610.1666666666665	0.0
930	1674.3333333333333	0.0
940	1966.3333333333333	0.0
950	2112.0	0.0
960	2061.6666666666665	0.0
970	2344.8333333333335	0.0
980	2168.5	0.0
990	2053.3333333333335	0.0
1000	2330.1666666666665	0.0
