0	233.0	0.0
10	70.0	0.0
20	70.0	0.0
30	70.0	0.0
40	70.0	0.0
50	70.0	0.0
60	70.0	0.0
70	70.0	0.0
80	70.0	0.0
90	83.0	0.0
100	72.0	0.0
110	94.0	0.0
120	97.66666666666667	0.0
130	187.33333333333334	0.0
140	77.33333333333333	0.0
150	74.66666666666667	0.0
160	257.6666666666667	0.0
170	379.0	0.0
180	336.3333333333333	0.0
190	176.0	0.0
200	288.6666666666667	0.0
210	140.0	0.0
220	243.0	0.0
230	440.0	0.0
240	349.0	0.0
250	328.3333333333333	0.0
260	435.6666666666667	0.0
270	253.0	0.0
280	317.0	0.0
290	679.8333333333334	0.0
300	495.3333333333333	0.0
310	498.3333333333333	0.0
320	698.0	0.0
330	663.6666666666666	0.0
340	806.3333333333334	0.0
350	580.0	0.0
360	993.3333333333334	0.0
370	1231.3333333333333	0.0
380	1180.6666666666667	0.0
390	1967.3333333333333	0.0
400	1842.0	0.0
410	1284.6666666666667	0.0
420	2025.5	0.0
430	1162.0	0.0
440	1075.0	0.0
450	1396.3333333333333	0.0
460	1303.5	0.0
470	1910.3333333333333	0.0
480	1969.5	0.0
490	1746.6666666666667	0.0
500	1850.6666666666667	0.0
510	2005.3333333333333	0.0
520	1704.5	0.0
530	1888.3333333333333	0.0
540	1612.3333333333333	0.0
550	1669.6666666666667	0.0
560	1899.3333333333333	0.0
570	1761.1666666666667	0.0
580	1587.3333333333333	0.0
590	1818.0	0.0
600	2076.5	0.0
610	1977.3333333333333	0.0
620	1920.1666666666667	0.0
630	1839.6666666666667	0.0
640	1816.0	0.0
650	2160.0	0.0
660	1652.0	0.0
670	2052.8333333333335	0.0
680	1429.6666666666667	0.0
690	1777.1666666666667	0.0
700	1987.0	0.0
710	2201.8333333333335	0.0
720	1773.0	0.0
730	1936.8333333333333	0.0
740	1838.6666666666667	0.0
750	1972.0	0.0
760	2168.0	0.0
770	2470.5	0.0
780	2442.0	0.0
790	2445.3333333333335	0.0
800	2455.0	0.0
810	2224.6666666666665	0.0
820	2262.5	0.0
830	2612.6666666666665	0.0
840	2310.6666666666665	0.0
850	2654.3333333333335	0.0
860	2115.6666666666665	0.0
870	2224.3333333333335	0.0
880	2115.3333333333335	0.0
890	1629.0	0.0
900	2398.3333333333335	0.0
910	1986.6666666666667	0.0
920	2330.3333333333335	0.0
930	2273.1666666666665	0.0
940	2449.1666666666665	0.0
950	1946.1666666666667	0.0
960	1704.6666666666667	0.0
970	2679.8333333333335	0.0
980	2592.8333333333335	0.0
990	2415.8333333333335	0.0
1000	2313.5	0.0
