0	256.0	0.0
10	70.0	1000.0
20	70.0	0.0
30	70.0	0.0
40	70.0	0.0
50	70.0	0.0
60	70.0	0.0
70	70.0	0.0
80	70.0	0.0
90	70.0	0.0
100	70.0	0.0
110	70.0	0.0
120	70.0	0.0
130	70.0	0.0
140	70.0	0.0
150	70.0	0.0
160	70.0	0.0
170	71.0	0.0
180	71.0	0.0
190	73.33333333333333	0.0
200	74.33333333333333	0.0
210	81.0	0.0
220	72.0	0.0
230	77.33333333333333	0.0
240	165.0	0.0
250	170.33333333333334	0.0
260	277.6666666666667	0.0
270	344.6666666666667	0.0
280	190.33333333333334	0.0
290	165.0	0.0
300	138.66666666666666	0.0
310	166.0	0.0
320	176.0	0.0
330	178.66666666666666	0.0
340	160.66666666666666	0.0
350	154.0	0.0
360	138.0	0.0
370	216.33333333333334	0.0
380	163.0	0.0
390	270.0	0.0
400	283.3333333333333	0.0
410	218.66666666666666	0.0
420	216.33333333333334	0.0
430	416.0	0.0
440	286.3333333333333	0.0
450	311.6666666666667	0.0
460	506.3333333333333	0.0
470	963.0	0.0
480	1218.3333333333333	0.0
490	1075.6666666666667	0.0
500	1037.6666666666667	0.0
510	1440.6666666666667	0.0
520	1413.0	0.0
530	1592.3333333333333	0.0
540	1850.6666666666667	0.0
550	1460.6666666666667	0.0
560	1932.5	0.0
570	1945.3333333333333	0.0
580	2199.6666666666665	0.0
590	2083.0	0.0
600	2117.6666666666665	0.0
610	1995.6666666666667	0.0
620	2249.3333333333335	0.0
630	2140.0	0.0
640	2232.8333333333335	0.0
650	2135.6666666666665	0.0
660	2459.5	0.0
670	2148.8333333333335	0.0
680	2244.5	0.0
690	2303.6666666666665	0.0
700	2292.3333333333335	0.0
710	2571.6666666666665	0.0
720	2539.3333333333335	0.0
730	2684.1666666666665	0.0
740	2176.6666666666665	0.0
750	2534.6666666666665	0.0
760	2426.0	0.0
770	2616.1666666666665	0.0
780	2576.1666666666665	0.0
790	2589.0	0.0
800	2516.0	0.0
810	2652.5	0.0
820	2530.1666666666665	0.0
830	2713.3333333333335	0.0
840	2624.0	0.0
850	2502.8333333333335	0.0
860	2713.8333333333335	0.0
870	2577.1666666666665	0.0
880	2715.8333333333335	0.0
890	2667.6666666666665	0.0
900	2625.0	0.0
910	2729.3333333333335	0.0
920	2780.8333333333335	0.0
930	2526.1666666666665	0.0
940	2502.8333333333335	0.0
950	2558.8333333333335	0.0
960	2523.3333333333335	0.0
970	2705.1666666666665	0.0
980	2535.0	0.0
990	2719.6666666666665	0.0
1000	2536.3333333333335	0.0
