0	277.0	0.0
10	70.0	0.0
20	70.0	0.0
30	70.0	0.0
40	70.0	0.0
50	70.0	0.0
60	70.0	0.0
70	70.33333333333333	0.0
80	70.0	0.0
90	70.0	0.0
100	96.0	0.0
110	162.66666666666666	0.0
120	75.66666666666667	0.0
130	241.66666666666666	0.0
140	260.3333333333333	0.0
150	512.3333333333334	0.0
160	203.33333333333334	0.0
170	91.33333333333333	0.0
180	141.66666666666666	0.0
190	296.3333333333333	0.0
200	121.0	0.0
210	392.3333333333333	0.0
220	441.0	0.0
230	406.0	0.0
240	388.0	0.0
250	233.33333333333334	0.0
260	489.3333333333333	0.0
270	456.0	0.0
280	517.6666666666666	0.0
290	555.0	0.0
300	771.0	0.0
310	604.6666666666666	0.0
320	708.0	0.0
330	918.6666666666666	0.0
340	1699.6666666666667	0.0
350	1506.5	0.0
360	1762.5	0.0
370	2116.0	0.0
380	2410.8333333333335	0.0
390	2526.8333333333335	0.0
400	2377.8333333333335	0.0
410	2698.3333333333335	0.0
420	2260.3333333333335	0.0
430	2572.6666666666665	0.0
440	2424.8333333333335	0.0
450	2304.8333333333335	0.0
460	2577.3333333333335	0.0
470	1771.6666666666667	0.0
480	1984.3333333333333	0.0
490	1570.8333333333333	0.0
500	1784.0	0.0
510	2012.6666666666667	0.0
520	2027.3333333333333	0.0
530	2262.3333333333335	0.0
540	2543.3333333333335	0.0
550	1764.0	0.0
560	1574.3333333333333	0.0
570	2414.3333333333335	0.0
580	2485.0	0.0
590	1639.0	0.0
600	2207.0	0.0
610	1841.8333333333333	0.0
620	1725.0	0.0
630	1928.5	0.0
640	1677.0	0.0
650	1879.0	0.0
660	2033.8333333333333	0.0
670	2338.3333333333335	0.0
680	2273.0	0.0
690	1916.5	0.0
700	1735.0	0.0
710	1790.1666666666667	0.0
720	2062.1666666666665	0.0
730	1789.8333333333333	0.0
740	2280.3333333333335	0.0
750	2253.3333333333335	0.0
760	2456.1666666666665	0.0
770	2344.3333333333335	0.0
780	2121.3333333333335	0.0
790	2390.0	0.0
800	2294.0	0.0
810	2491.3333333333335	0.0
820	2527.0	0.0
830	2437.3333333333335	0.0
840	2542.6666666666665	0.0
850	1606.0	0.0
860	2422.1666666666665	0.0
870	1934.3333333333333	0.0
880	2333.0	0.0
890	2094.5	0.0
900	2115.1666666666665	0.0
910	2225.6666666666665	0.0
920	1238.0	0.0
930	2209.6666666666665	0.0
940	2189.5	0.0
950	1815.5	0.0
960	2638.1666666666665	0.0
970	2832.6666666666665	0.0
980	2266.1666666666665	0.0
990	2359.6666666666665	0.0
1000	2823.8333333333335	0.0
