0	251.66666666666666	0.0
10	70.0	1000.0
20	70.0	0.0
30	70.0	0.0
40	70.0	0.0
50	70.0	0.0
60	70.0	0.0
70	70.0	0.0
80	70.0	0.0
90	71.0	0.0
100	77.0	0.0
110	170.66666666666666	0.0
120	195.66666666666666	0.0
130	224.0	0.0
140	397.3333333333333	0.0
150	251.66666666666666	0.0
160	366.0	0.0
170	180.0	0.0
180	360.3333333333333	0.0
190	119.33333333333333	0.0
200	181.33333333333334	0.0
210	255.33333333333334	0.0
220	286.0	0.0
230	318.0	0.0
240	456.6666666666667	0.0
250	380.3333333333333	0.0
260	450.0	0.0
270	346.0	0.0
280	384.6666666666667	0.0
290	512.6666666666666	0.0
300	834.6666666666666	0.0
310	570.3333333333334	0.0
320	829.0	0.0
330	1407.0	0.0
340	1135.5	0.0
350	1232.0	0.0
360	680.0	0.0
370	2051.6666666666665	0.0
380	2207.3333333333335	0.0
390	1512.5	0.0
400	1968.6666666666667	0.0
410	2324.5	0.0
420	2472.0	0.0
430	1565.6666666666667	0.0
440	2194.3333333333335	0.0
450	2174.0	0.0
460	2565.5	0.0
470	1949.1666666666667	0.0
480	2481.8333333333335	0.0
490	2395.0	0.0
500	2611.0	0.0
510	2361.6666666666665	0.0
520	2635.1666666666665	0.0
530	2347.3333333333335	0.0
540	2502.8333333333335	0.0
550	2606.6666666666665	0.0
560	2302.0	0.0
570	2332.3333333333335	0.0
580	2354.6666666666665	0.0
590	2321.0	0.0
600	2503.0	0.0
610	2595.0	0.0
620	2310.3333333333335	0.0
630	2416.6666666666665	0.0
640	2523.1666666666665	0.0
650	2233.0	0.0
660	2372.3333333333335	0.0
670	2247.6666666666665	0.0
680	2441.6666666666665	0.0
690	2435.6666666666665	0.0
700	2444.3333333333335	0.0
710	2494.0	0.0
720	2459.0	0.0
730	2524.3333333333335	0.0
740	2165.3333333333335	0.0
750	2223.6666666666665	0.0
760	2602.6666666666665	0.0
770	2380.3333333333335	0.0
780	2567.6666666666665	0.0
790	2599.0	0.0
800	2432.0	0.0
810	2196.0	0.0
820	2364.0	0.0
830	2680.0	0.0
840	2610.8333333333335	0.0
850	1955.0	0.0
860	1794.0	0.0
870	1594.3333333333333	0.0
880	1809.0	0.0
890	2099.5	0.0
900	2347.0	0.0
910	2209.6666666666665	0.0
920	2145.5	0.0
930	1909.6666666666667	0.0
940	1863.8333333333333	0.0
950	2330.1666666666665	0.0
960	2555.3333333333335	0.0
970	2341.0	0.0
980	2057.5	0.0
990	2326.8333333333335	0.0
1000	2166.6666666666665	0.0
