0	235.33333333333334	0.0
10	70.0	1000.0
20	70.0	0.0
30	70.0	0.0
40	70.0	0.0
50	70.0	0.0
60	70.0	0.0
70	70.0	0.0
80	70.33333333333333	0.0
90	75.66666666666667	0.0
100	91.66666666666667	0.0
110	188.33333333333334	0.0
120	192.66666666666666	0.0
130	387.3333333333333	0.0
140	203.66666666666666	0.0
150	126.0	0.0
160	116.0	0.0
170	141.33333333333334	0.0
180	421.3333333333333	0.0
190	448.3333333333333	0.0
200	352.6666666666667	0.0
210	408.6666666666667	0.0
220	345.6666666666667	0.0
230	330.3333333333333	0.0
240	298.6666666666667	0.0
250	260.3333333333333	0.0
260	433.6666666666667	0.0
270	296.6666666666667	0.0
280	286.0	0.0
290	385.0	0.0
300	500.6666666666667	0.0
310	708.6666666666666	0.0
320	767.6666666666666	0.0
330	641.6666666666666	0.0
340	937.6666666666666	0.0
350	1418.1666666666667	0.0
360	1717.3333333333333	0.0
370	1020.0	0.0
380	1866.1666666666667	0.0
390	1084.3333333333333	0.0
400	1899.0	0.0
410	1610.5	0.0
420	1737.3333333333333	0.0
430	1968.8333333333333	0.0
440	2116.5	0.0
450	1613.3333333333333	0.0
460	2075.8333333333335	0.0
470	2157.5	0.0
480	1240.3333333333333	0.0
490	1573.3333333333333	0.0
500	1726.8333333333333	0.0
510	2499.8333333333335	0.0
520	1887.0	0.0
530	1762.8333333333333	0.0
540	1710.6666666666667	0.0
550	1792.3333333333333	0.0
560	2040.6666666666667	0.0
570	1745.0	0.0
580	2179.3333333333335	0.0
590	2087.0	0.0
600	2433.6666666666665	0.0
610	2294.0	0.0
620	2390.3333333333335	0.0
630	2364.1666666666665	0.0
640	1788.6666666666667	0.0
650	2611.3333333333335	0.0
660	1622.3333333333333	0.0
670	2360.6666666666665	0.0
680	2350.3333333333335	0.0
690	2558.3333333333335	0.0
700	2159.5	0.0
710	2627.3333333333335	0.0
720	2721.3333333333335	0.0
730	2356.3333333333335	0.0
740	2596.6666666666665	0.0
750	2300.0	0.0
760	2511.3333333333335	0.0
770	2579.0	0.0
780	1519.0	0.0
790	2060.0	0.0
800	2167.3333333333335	0.0
810	2092.3333333333335	0.0
820	2021.3333333333333	0.0
830	2140.5	0.0
840	2117.1666666666665	0.0
850	1839.8333333333333	0.0
860	1991.3333333333333	0.0
870	2099.5	0.0
880	1731.3333333333333	0.0
890	2119.0	0.0
900	2109.0	0.0
910	1948.3333333333333	0.0
920	2695.1666666666665	0.0
930	2348.0	0.0
940	2333.1666666666665	0.0
950	2340.5	0.0
960	2252.0	0.0
970	1835.0	0.0
980	2149.0	0.0
990	1821.8333333333333	0.0
1000	2468.8333333333335	0.0
