0	274.6666666666667	0.0
10	70.0	1000.0
20	70.0	0.0
30	70.0	0.0
40	70.0	0.0
50	70.0	0.0
60	70.0	0.0
70	70.0	0.0
80	71.33333333333333	0.0
90	71.0	0.0
100	84.66666666666667	0.0
110	421.0	0.0
120	162.66666666666666	0.0
130	239.33333333333334	0.0
140	109.33333333333333	0.0
150	291.0	0.0
160	471.3333333333333	0.0
170	359.3333333333333	0.0
180	167.33333333333334	0.0
190	174.33333333333334	0.0
200	151.66666666666666	0.0
210	309.6666666666667	0.0
220	167.0	0.0
230	338.3333333333333	0.0
240	291.3333333333333	0.0
250	388.0	0.0
260	487.6666666666667	0.0
270	387.6666666666667	0.0
280	443.3333333333333	0.0
290	554.0	0.0
300	760.3333333333334	0.0
310	674.0	0.0
320	698.3333333333334	0.0
330	1195.0	0.0
340	1286.0	0.0
350	1528.0	0.0
360	2093.5	0.0
370	1627.1666666666667	0.0
380	2351.3333333333335	0.0
390	1737.1666666666667	0.0
400	1856.8333333333333	0.0
410	1504.6666666666667	0.0
420	1157.8333333333333	0.0
430	1785.0	0.0
440	1091.6666666666667	0.0
450	2048.1666666666665	0.0
460	1175.8333333333333	0.0
470	1540.6666666666667	0.0
480	1976.5	0.0
490	1540.6666666666667	0.0
500	1950.5	0.0
510	1693.0	0.0
520	2061.3333333333335	0.0
530	1741.6666666666667	0.0
540	1675.0	0.0
550	2348.3333333333335	0.0
560	1812.5	0.0
570	2004.0	0.0
580	1741.3333333333333	0.0
590	1289.6666666666667	0.0
600	1413.5	0.0
610	1575.6666666666667	0.0
620	1522.6666666666667	0.0
630	2035.3333333333333	0.0
640	1904.5	0.0
650	1832.1666666666667	0.0
660	1513.3333333333333	0.0
670	1938.8333333333333	0.0
680	1817.0	0.0
690	1391.8333333333333	0.0
700	1630.5	0.0
710	1660.5	0.0
720	1800.6666666666667	0.0
730	1350.1666666666667	0.0
740	2014.6666666666667	0.0
750	1751.3333333333333	0.0
760	1838.3333333333333	0.0
770	1574.3333333333333	0.0
780	1955.8333333333333	0.0
790	1665.8333333333333	0.0
800	1313.3333333333333	0.0
810	1789.0	0.0
820	1706.5	0.0
830	1991.5	0.0
840	1890.8333333333333	0.0
850	2436.6666666666665	0.0
860	1939.6666666666667	0.0
870	2280.0	0.0
880	2301.6666666666665	0.0
890	2678.6666666666665	0.0
900	2390.0	0.0
910	2084.6666666666665	0.0
920	2596.5	0.0
930	2343.6666666666665	0.0
940	2270.1666666666665	0.0
950	2346.1666666666665	0.0
960	2343.5	0.0
970	2409.1666666666665	0.0
980	2397.6666666666665	0.0
990	2484.8333333333335	0.0
1000	2287.0	0.0
