0	274.0	0.0
10	99.0	337.0
20	103.0	663.0
30	1065.3333333333333	0.0
40	133.66666666666666	0.0
50	204.66666666666666	0.0
60	2130.6666666666665	0.0
70	2076.3333333333335	0.0
80	2368.0	0.0
90	2214.1666666666665	0.0
100	2069.0	0.0
110	2322.6666666666665	0.0
120	2046.5	0.0
130	2283.3333333333335	0.0
140	2341.6666666666665	0.0
150	2194.6666666666665	0.0
160	2164.5	0.0
170	2500.3333333333335	0.0
180	2193.3333333333335	0.0
190	2385.8333333333335	0.0
200	2197.0	0.0
210	2443.8333333333335	0.0
220	2311.5	0.0
230	2067.0	0.0
240	2294.0	0.0
250	2333.6666666666665	0.0
260	2387.6666666666665	0.0
270	2250.6666666666665	0.0
280	2397.0	0.0
290	2609.3333333333335	0.0
300	2193.3333333333335	0.0
310	1811.6666666666667	0.0
320	1722.0	0.0
330	2010.3333333333333	0.0
340	1861.3333333333333	0.0
350	2082.0	0.0
360	2072.1666666666665	0.0
370	2376.3333333333335	0.0
380	2124.0	0.0
390	2326.0	0.0
400	1867.6666666666667	0.0
410	2043.6666666666667	0.0
420	2237.5	0.0
430	2097.6666666666665	0.0
440	1958.6666666666667	0.0
450	2053.3333333333335	0.0
460	2288.6666666666665	0.0
470	2197.6666666666665	0.0
480	2006.3333333333333	0.0
490	2455.6666666666665	0.0
500	1684.3333333333333	0.0
510	1563.6666666666667	0.0
520	1917.6666666666667	0.0
530	1917.0	0.0
540	2185.6666666666665	0.0
550	2168.6666666666665	0.0
560	2051.1666666666665	0.0
570	2041.5	0.0
580	2047.0	0.0
590	2153.3333333333335	0.0
600	2043.0	0.0
610	1888.8333333333333	0.0
620	1984.0	0.0
630	1723.3333333333333	0.0
640	1577.0	0.0
650	1361.3333333333333	0.0
660	1355.0	0.0
670	1703.0	0.0
680	2406.6666666666665	0.0
690	2430.6666666666665	0.0
700	2690.5	0.0
710	2227.3333333333335	0.0
720	1951.6666666666667	0.0
730	2655.5	0.0
740	2537.0	0.0
750	2445.6666666666665	0.0
760	2330.6666666666665	0.0
770	2344.6666666666665	0.0
780	2572.0	0.0
790	2592.8333333333335	0.0
800	2432.0	0.0
810	2343.5	0.0
820	2703.3333333333335	0.0
830	2527.6666666666665	0.0
840	2488.0	0.0
850	2432.8333333333335	0.0
860	2624.1666666666665	0.0
870	2387.3333333333335	0.0
880	2523.8333333333335	0.0
890	2429.3333333333335	0.0
900	2518.6666666666665	0.0
910	1943.6666666666667	0.0
920	1796.0	0.0
930	2070.6666666666665	0.0
940	2184.1666666666665	0.0
950	2394.5	0.0
960	2089.3333333333335	0.0
970	2063.5	0.0
980	2095.3333333333335	0.0
990	1992.1666666666667	0.0
1000	2049.3333333333335	0.0
