0	248.66666666666666	0.0
10	70.0	1000.0
20	70.0	0.0
30	70.0	0.0
40	70.0	0.0
50	70.0	0.0
60	70.0	0.0
70	70.0	0.0
80	70.0	0.0
90	70.0	0.0
100	70.0	0.0
110	70.0	0.0
120	70.0	0.0
130	70.0	0.0
140	70.0	0.0
150	70.0	0.0
160	70.0	0.0
170	70.0	0.0
180	72.0	0.0
190	71.66666666666667	0.0
200	73.0	0.0
210	72.0	0.0
220	71.66666666666667	0.0
230	126.66666666666667	0.0
240	88.33333333333333	0.0
250	225.33333333333334	0.0
260	183.33333333333334	0.0
270	120.0	0.0
280	173.33333333333334	0.0
290	132.33333333333334	0.0
300	162.66666666666666	0.0
310	147.0	0.0
320	146.0	0.0
330	138.0	0.0
340	179.66666666666666	0.0
350	170.66666666666666	0.0
360	155.0	0.0
370	261.3333333333333	0.0
380	232.0	0.0
390	444.0	0.0
400	523.0	0.0
410	780.6666666666666	0.0
420	1147.6666666666667	0.0
430	804.6666666666666	0.0
440	1130.3333333333333	0.0
450	1358.3333333333333	0.0
460	1771.8333333333333	0.0
470	1537.0	0.0
480	1870.3333333333333	0.0
490	2041.5	0.0
500	2131.6666666666665	0.0
510	1613.0	0.0
520	1849.3333333333333	0.0
530	2356.8333333333335	0.0
540	1796.0	0.0
550	2087.3333333333335	0.0
560	2114.3333333333335	0.0
570	2215.1666666666665	0.0
580	2378.6666666666665	0.0
590	2162.1666666666665	0.0
600	2390.0	0.0
610	2322.5	0.0
620	2039.0	0.0
630	2125.0	0.0
640	2351.0	0.0
650	2400.0	0.0
660	2563.6666666666665	0.0
670	2522.1666666666665	0.0
680	2403.0	0.0
690	2473.6666666666665	0.0
700	2635.6666666666665	0.0
710	2551.6666666666665	0.0
720	2590.0	0.0
730	2644.0	0.0
740	2627.3333333333335	0.0
750	2443.1666666666665	0.0
760	2380.6666666666665	0.0
770	2404.6666666666665	0.0
780	2560.3333333333335	0.0
790	2439.0	0.0
800	2590.5	0.0
810	2585.3333333333335	0.0
820	2418.3333333333335	0.0
830	2474.6666666666665	0.0
840	2426.6666666666665	0.0
850	2327.3333333333335	0.0
860	2716.5	0.0
870	2491.3333333333335	0.0
880	2227.1666666666665	0.0
890	2527.1666666666665	0.0
900	2416.5	0.0
910	2649.5	0.0
920	2642.0	0.0
930	2661.3333333333335	0.0
940	2142.0	0.0
950	2664.1666666666665	0.0
960	1989.0	0.0
970	1883.1666666666667	0.0
980	2341.1666666666665	0.0
990	2707.3333333333335	0.0
1000	2712.5	0.0
