0	285.3333333333333	0.0
10	70.0	1000.0
20	70.0	0.0
30	70.0	0.0
40	70.0	0.0
50	70.0	0.0
60	70.0	0.0
70	70.0	0.0
80	70.0	0.0
90	70.0	0.0
100	70.0	0.0
110	70.0	0.0
120	70.0	0.0
130	70.0	0.0
140	70.0	0.0
150	70.0	0.0
160	70.0	0.0
170	71.33333333333333	0.0
180	70.33333333333333	0.0
190	75.0	0.0
200	70.66666666666667	0.0
210	79.66666666666667	0.0
220	226.0	0.0
230	293.0	0.0
240	145.0	0.0
250	182.0	0.0
260	130.0	0.0
270	140.0	0.0
280	165.0	0.0
290	130.0	0.0
300	154.0	0.0
310	130.0	0.0
320	170.33333333333334	0.0
330	480.6666666666667	0.0
340	670.3333333333334	0.0
350	584.3333333333334	0.0
360	775.3333333333334	0.0
370	951.0	0.0
380	978.3333333333334	0.0
390	1295.6666666666667	0.0
400	1502.6666666666667	0.0
410	1585.6666666666667	0.0
420	1457.6666666666667	0.0
430	1702.3333333333333	0.0
440	1832.0	0.0
450	2200.3333333333335	0.0
460	2037.0	0.0
470	1988.6666666666667	0.0
480	1898.3333333333333	0.0
490	2092.3333333333335	0.0
500	2181.1666666666665	0.0
510	2144.6666666666665	0.0
520	2622.1666666666665	0.0
530	2320.3333333333335	0.0
540	2193.6666666666665	0.0
550	2328.0	0.0
560	2370.5	0.0
570	2430.5	0.0
580	2402.0	0.0
590	2380.0	0.0
600	2606.3333333333335	0.0
610	2523.0	0.0
620	2360.3333333333335	0.0
630	2496.8333333333335	0.0
640	2606.5	0.0
650	2661.5	0.0
660	2604.6666666666665	0.0
670	2665.5	0.0
680	2845.8333333333335	0.0
690	2812.3333333333335	0.0
700	2652.3333333333335	0.0
710	2435.0	0.0
720	2683.1666666666665	0.0
730	2631.6666666666665	0.0
740	2551.6666666666665	0.0
750	2631.0	0.0
760	2496.6666666666665	0.0
770	2547.8333333333335	0.0
780	2631.8333333333335	0.0
790	2483.1666666666665	0.0
800	2140.6666666666665	0.0
810	2596.3333333333335	0.0
820	2452.6666666666665	0.0
830	2732.0	0.0
840	2713.8333333333335	0.0
850	2642.1666666666665	0.0
860	2566.5	0.0
870	2398.0	0.0
880	2603.5	0.0
890	2470.3333333333335	0.0
900	2508.3333333333335	0.0
910	2336.3333333333335	0.0
920	2463.6666666666665	0.0
930	2672.0	0.0
940	2512.6666666666665	0.0
950	2054.3333333333335	0.0
960	2000.6666666666667	0.0
970	2087.1666666666665	0.0
980	1912.1666666666667	0.0
990	2313.8333333333335	0.0
1000	2111.8333333333335	0.0
