0	244.33333333333334	0.0
10	70.0	1000.0
20	70.0	0.0
30	70.0	0.0
40	70.0	0.0
50	70.0	0.0
60	70.0	0.0
70	70.0	0.0
80	70.0	0.0
90	70.0	0.0
100	70.0	0.0
110	70.0	0.0
120	70.0	0.0
130	70.0	0.0
140	70.0	0.0
150	70.0	0.0
160	70.0	0.0
170	72.0	0.0
180	70.66666666666667	0.0
190	76.66666666666667	0.0
200	75.33333333333333	0.0
210	73.66666666666667	0.0
220	73.33333333333333	0.0
230	178.66666666666666	0.0
240	167.33333333333334	0.0
250	332.3333333333333	0.0
260	276.3333333333333	0.0
270	177.66666666666666	0.0
280	292.3333333333333	0.0
290	163.0	0.0
300	162.66666666666666	0.0
310	155.0	0.0
320	157.33333333333334	0.0
330	245.0	0.0
340	267.0	0.0
350	231.33333333333334	0.0
360	188.66666666666666	0.0
370	182.0	0.0
380	393.3333333333333	0.0
390	276.6666666666667	0.0
400	390.6666666666667	0.0
410	870.3333333333334	0.0
420	829.6666666666666	0.0
430	618.3333333333334	0.0
440	742.0	0.0
450	1036.0	0.0
460	1412.5	0.0
470	1686.3333333333333	0.0
480	1452.0	0.0
490	1938.5	0.0
500	2016.5	0.0
510	2202.1666666666665	0.0
520	1695.3333333333333	0.0
530	2193.0	0.0
540	2151.0	0.0
550	2095.3333333333335	0.0
560	2118.3333333333335	0.0
570	2163.1666666666665	0.0
580	1861.6666666666667	0.0
590	2511.3333333333335	0.0
600	2446.3333333333335	0.0
610	2435.6666666666665	0.0
620	2495.0	0.0
630	2464.6666666666665	0.0
640	2491.1666666666665	0.0
650	2589.8333333333335	0.0
660	2514.3333333333335	0.0
670	2734.6666666666665	0.0
680	2505.3333333333335	0.0
690	2420.1666666666665	0.0
700	2394.6666666666665	0.0
710	2417.3333333333335	0.0
720	2365.5	0.0
730	2557.6666666666665	0.0
740	2421.0	0.0
750	2470.0	0.0
760	2610.5	0.0
770	2460.6666666666665	0.0
780	2379.0	0.0
790	2529.1666666666665	0.0
800	2577.6666666666665	0.0
810	2596.0	0.0
820	2816.1666666666665	0.0
830	2745.8333333333335	0.0
840	2702.1666666666665	0.0
850	2672.6666666666665	0.0
860	2762.8333333333335	0.0
870	2575.5	0.0
880	2390.0	0.0
890	2516.1666666666665	0.0
900	2482.3333333333335	0.0
910	2431.1666666666665	0.0
920	2397.3333333333335	0.0
930	2423.5	0.0
940	2630.3333333333335	0.0
950	2662.0	0.0
960	2529.8333333333335	0.0
970	2375.0	0.0
980	2420.3333333333335	0.0
990	2390.8333333333335	0.0
1000	2076.3333333333335	0.0
