0	293.3333333333333	0.0
10	70.0	1000.0
20	70.0	0.0
30	70.0	0.0
40	70.0	0.0
50	70.0	0.0
60	70.0	0.0
70	70.0	0.0
80	70.0	0.0
90	70.0	0.0
100	70.0	0.0
110	70.0	0.0
120	70.0	0.0
130	70.0	0.0
140	70.0	0.0
150	70.0	0.0
160	71.33333333333333	0.0
170	70.0	0.0
180	70.0	0.0
190	71.66666666666667	0.0
200	91.66666666666667	0.0
210	82.0	0.0
220	78.0	0.0
230	146.0	0.0
240	408.6666666666667	0.0
250	174.0	0.0
260	238.66666666666666	0.0
270	172.33333333333334	0.0
280	163.0	0.0
290	356.3333333333333	0.0
300	192.0	0.0
310	285.6666666666667	0.0
320	380.6666666666667	0.0
330	300.0	0.0
340	179.66666666666666	0.0
350	216.33333333333334	0.0
360	570.3333333333334	0.0
370	735.0	0.0
380	753.3333333333334	0.0
390	650.3333333333334	0.0
400	565.6666666666666	0.0
410	971.5	0.0
420	1238.3333333333333	0.0
430	1245.6666666666667	0.0
440	1404.3333333333333	0.0
450	1735.6666666666667	0.0
460	2289.0	0.0
470	1825.6666666666667	0.0
480	2159.0	0.0
490	2059.6666666666665	0.0
500	1937.6666666666667	0.0
510	2093.0	0.0
520	2232.8333333333335	0.0
530	2155.0	0.0
540	1843.3333333333333	0.0
550	2013.6666666666667	0.0
560	2359.6666666666665	0.0
570	2376.6666666666665	0.0
580	2026.3333333333333	0.0
590	2422.6666666666665	0.0
600	2089.3333333333335	0.0
610	2108.6666666666665	0.0
620	2147.0	0.0
630	2223.6666666666665	0.0
640	2291.3333333333335	0.0
650	2359.0	0.0
660	2390.3333333333335	0.0
670	2408.0	0.0
680	2370.5	0.0
690	2452.0	0.0
700	2436.6666666666665	0.0
710	2550.3333333333335	0.0
720	2474.6666666666665	0.0
730	2389.3333333333335	0.0
740	2385.3333333333335	0.0
750	2444.0	0.0
760	2312.0	0.0
770	2589.3333333333335	0.0
780	2681.3333333333335	0.0
790	2429.0	0.0
800	2489.6666666666665	0.0
810	2507.5	0.0
820	2489.6666666666665	0.0
830	2362.6666666666665	0.0
840	2535.1666666666665	0.0
850	2603.1666666666665	0.0
860	2432.5	0.0
870	2413.6666666666665	0.0
880	2273.3333333333335	0.0
890	2407.5	0.0
900	2821.1666666666665	0.0
910	2399.5	0.0
920	2497.8333333333335	0.0
930	2530.6666666666665	0.0
940	2620.6666666666665	0.0
950	2424.0	0.0
960	1845.6666666666667	0.0
970	2385.1666666666665	0.0
980	2303.1666666666665	0.0
990	1912.6666666666667	0.0
1000	1980.6666666666667	0.0
