0	260.6666666666667	0.0
10	70.0	0.0
20	70.0	0.0
30	70.0	0.0
40	70.0	0.0
50	70.0	0.0
60	70.0	0.0
70	70.0	0.0
80	70.66666666666667	0.0
90	73.66666666666667	0.0
100	106.0	0.0
110	132.33333333333334	0.0
120	385.3333333333333	0.0
130	221.33333333333334	0.0
140	143.33333333333334	0.0
150	312.6666666666667	0.0
160	141.66666666666666	0.0
170	160.33333333333334	0.0
180	421.6666666666667	0.0
190	350.6666666666667	0.0
200	283.3333333333333	0.0
210	172.33333333333334	0.0
220	173.0	0.0
230	315.3333333333333	0.0
240	364.0	0.0
250	340.6666666666667	0.0
260	409.0	0.0
270	404.3333333333333	0.0
280	396.0	0.0
290	534.0	0.0
300	573.0	0.0
310	597.3333333333334	0.0
320	411.0	0.0
330	481.0	0.0
340	632.6666666666666	0.0
350	713.0	0.0
360	948.3333333333334	0.0
370	1253.3333333333333	0.0
380	1454.1666666666667	0.0
390	1604.1666666666667	0.0
400	1054.3333333333333	0.0
410	1653.0	0.0
420	1913.3333333333333	0.0
430	2508.1666666666665	0.0
440	2319.5	0.0
450	2439.5	0.0
460	2342.6666666666665	0.0
470	2172.0	0.0
480	2530.6666666666665	0.0
490	2063.0	0.0
500	1541.5	0.0
510	2389.6666666666665	0.0
520	2545.5	0.0
530	2680.3333333333335	0.0
540	1979.6666666666667	0.0
550	1675.6666666666667	0.0
560	2201.8333333333335	0.0
570	1649.6666666666667	0.0
580	2351.3333333333335	0.0
590	2526.3333333333335	0.0
600	2031.8333333333333	0.0
610	2044.6666666666667	0.0
620	1914.5	0.0
630	2022.0	0.0
640	2450.3333333333335	0.0
650	2509.3333333333335	0.0
660	2689.5	0.0
670	2400.6666666666665	0.0
680	2568.5	0.0
690	2000.6666666666667	0.0
700	2496.1666666666665	0.0
710	2098.0	0.0
720	1754.0	0.0
730	2222.6666666666665	0.0
740	2428.3333333333335	0.0
750	2309.3333333333335	0.0
760	2193.0	0.0
770	2484.1666666666665	0.0
780	2576.6666666666665	0.0
790	2179.0	0.0
800	2460.3333333333335	0.0
810	2554.0	0.0
820	2403.0	0.0
830	2281.8333333333335	0.0
840	2386.6666666666665	0.0
850	2624.0	0.0
860	2172.6666666666665	0.0
870	2555.8333333333335	0.0
880	2331.1666666666665	0.0
890	2297.3333333333335	0.0
900	2384.3333333333335	0.0
910	2061.5	0.0
920	2058.5	0.0
930	1859.3333333333333	0.0
940	1615.3333333333333	0.0
950	1934.0	0.0
960	2342.8333333333335	0.0
970	2219.1666666666665	0.0
980	2373.5	0.0
990	1758.0	0.0
1000	2107.1666666666665	0.0
