0	246.0	0.0
10	70.0	0.0
20	70.0	0.0
30	70.0	0.0
40	70.0	0.0
50	70.0	0.0
60	70.0	0.0
70	70.0	0.0
80	70.0	0.0
90	70.0	0.0
100	70.0	0.0
110	70.0	0.0
120	70.0	0.0
130	70.0	0.0
140	70.0	0.0
150	70.0	0.0
160	70.0	0.0
170	70.0	0.0
180	70.0	0.0
190	70.33333333333333	0.0
200	70.33333333333333	0.0
210	71.0	0.0
220	70.0	0.0
230	75.33333333333333	0.0
240	80.66666666666667	0.0
250	120.33333333333333	0.0
260	129.0	0.0
270	344.3333333333333	0.0
280	352.0	0.0
290	182.33333333333334	0.0
300	151.33333333333334	0.0
310	180.33333333333334	0.0
320	146.66666666666666	0.0
330	179.66666666666666	0.0
340	146.0	0.0
350	176.33333333333334	0.0
360	195.0	0.0
370	163.0	0.0
380	146.0	0.0
390	166.33333333333334	0.0
400	195.66666666666666	0.0
410	184.33333333333334	0.0
420	276.6666666666667	0.0
430	265.0	0.0
440	679.3333333333334	0.0
450	828.6666666666666	0.0
460	767.3333333333334	0.0
470	585.3333333333334	0.0
480	997.0	0.0
490	1129.3333333333333	0.0
500	1160.6666666666667	0.0
510	1734.3333333333333	0.0
520	1336.3333333333333	0.0
530	1687.1666666666667	0.0
540	1604.6666666666667	0.0
550	1576.6666666666667	0.0
560	1506.0	0.0
570	2105.6666666666665	0.0
580	2117.3333333333335	0.0
590	2353.6666666666665	0.0
600	2020.3333333333333	0.0
