0	287.6666666666667	0.0
10	70.0	0.0
20	70.0	0.0
30	70.0	0.0
40	70.0	0.0
50	70.0	0.0
60	70.0	0.0
70	70.0	0.0
80	71.0	0.0
90	70.33333333333333	0.0
100	85.33333333333333	0.0
110	141.66666666666666	0.0
120	175.0	0.0
130	109.66666666666667	0.0
140	152.66666666666666	0.0
150	93.33333333333333	0.0
160	355.6666666666667	0.0
170	342.3333333333333	0.0
180	327.0	0.0
190	304.6666666666667	0.0
200	240.33333333333334	0.0
210	173.33333333333334	0.0
220	291.3333333333333	0.0
230	335.6666666666667	0.0
240	396.6666666666667	0.0
250	234.0	0.0
260	421.6666666666667	0.0
270	380.3333333333333	0.0
280	273.0	0.0
290	430.6666666666667	0.0
300	654.3333333333334	0.0
310	1023.6666666666666	0.0
320	929.8333333333334	0.0
330	1029.6666666666667	0.0
340	1525.0	0.0
350	835.3333333333334	0.0
360	1284.3333333333333	0.0
370	1599.8333333333333	0.0
380	1458.8333333333333	0.0
390	1588.3333333333333	0.0
400	1586.0	0.0
410	2024.3333333333333	0.0
420	1494.6666666666667	0.0
430	1434.3333333333333	0.0
440	2103.5	0.0
450	1629.6666666666667	0.0
460	2108.5	0.0
470	1896.0	0.0
480	2080.3333333333335	0.0
490	1436.1666666666667	0.0
500	1942.6666666666667	0.0
510	1623.3333333333333	0.0
520	1908.5	0.0
530	1660.8333333333333	0.0
540	1984.8333333333333	0.0
550	1622.3333333333333	0.0
560	1711.6666666666667	0.0
570	2168.0	0.0
580	1731.5	0.0
590	2040.6666666666667	0.0
600	1810.1666666666667	0.0
610	1835.3333333333333	0.0
620	2467.3333333333335	0.0
630	2236.0	0.0
640	2021.1666666666667	0.0
650	1688.1666666666667	0.0
660	1711.3333333333333	0.0
670	2429.5	0.0
680	2431.3333333333335	0.0
690	2462.6666666666665	0.0
700	2309.3333333333335	0.0
710	2249.3333333333335	0.0
720	2466.6666666666665	0.0
730	1665.0	0.0
740	2392.1666666666665	0.0
750	1705.0	0.0
760	2407.3333333333335	0.0
770	2367.3333333333335	0.0
780	2414.0	0.0
790	2589.0	0.0
800	2141.3333333333335	0.0
810	2292.3333333333335	0.0
820	2274.0	0.0
830	2227.3333333333335	0.0
840	2395.6666666666665	0.0
850	2514.6666666666665	0.0
860	2372.6666666666665	0.0
870	2543.3333333333335	0.0
880	1841.6666666666667	0.0
890	1540.0	0.0
900	2376.3333333333335	0.0
910	2009.8333333333333	0.0
920	2045.8333333333333	0.0
930	2172.0	0.0
940	2254.3333333333335	0.0
950	2062.5	0.0
960	2169.3333333333335	0.0
970	2506.6666666666665	0.0
980	1846.5	0.0
990	2224.1666666666665	0.0
1000	2522.6666666666665	0.0
