0	278.6666666666667	0.0
10	70.0	0.0
20	70.0	0.0
30	70.0	0.0
40	70.0	0.0
50	70.0	0.0
60	70.0	0.0
70	70.33333333333333	0.0
80	70.0	0.0
90	74.33333333333333	0.0
100	111.66666666666667	0.0
110	284.6666666666667	0.0
120	167.0	0.0
130	268.3333333333333	0.0
140	309.3333333333333	0.0
150	183.33333333333334	0.0
160	143.0	0.0
170	148.0	0.0
180	292.6666666666667	0.0
190	388.3333333333333	0.0
200	185.66666666666666	0.0
210	339.6666666666667	0.0
220	268.0	0.0
230	361.0	0.0
240	359.0	0.0
250	288.6666666666667	0.0
260	315.6666666666667	0.0
270	407.6666666666667	0.0
280	580.3333333333334	0.0
290	503.0	0.0
300	451.3333333333333	0.0
310	379.0	0.0
320	633.6666666666666	0.0
330	942.0	0.0
340	1165.3333333333333	0.0
350	1365.3333333333333	0.0
360	1360.8333333333333	0.0
370	1319.8333333333333	0.0
380	1541.1666666666667	0.0
390	2108.0	0.0
400	2132.3333333333335	0.0
410	1244.3333333333333	0.0
420	1839.6666666666667	0.0
430	2040.1666666666667	0.0
440	1759.3333333333333	0.0
450	1580.0	0.0
460	1893.3333333333333	0.0
470	2057.8333333333335	0.0
480	2145.8333333333335	0.0
490	1613.6666666666667	0.0
500	1426.0	0.0
510	1662.0	0.0
520	2021.5	0.0
530	1949.1666666666667	0.0
540	1705.0	0.0
550	1925.1666666666667	0.0
560	2281.6666666666665	0.0
570	1468.0	0.0
580	1962.0	0.0
590	1959.3333333333333	0.0
600	1449.5	0.0
610	1733.0	0.0
620	1759.0	0.0
630	1817.0	0.0
640	1865.8333333333333	0.0
650	2038.6666666666667	0.0
660	1586.5	0.0
670	2035.3333333333333	0.0
680	1870.5	0.0
690	1711.6666666666667	0.0
700	1670.6666666666667	0.0
710	2142.1666666666665	0.0
720	2255.5	0.0
730	1562.1666666666667	0.0
740	1670.0	0.0
750	1684.8333333333333	0.0
760	1917.5	0.0
770	2140.3333333333335	0.0
780	2199.0	0.0
790	1894.6666666666667	0.0
800	1777.8333333333333	0.0
810	2545.6666666666665	0.0
820	2022.0	0.0
830	1511.1666666666667	0.0
840	1707.3333333333333	0.0
850	1775.6666666666667	0.0
860	2221.6666666666665	0.0
870	1670.8333333333333	0.0
880	2286.0	0.0
890	2373.8333333333335	0.0
900	2564.6666666666665	0.0
910	2481.5	0.0
920	2313.1666666666665	0.0
930	2503.3333333333335	0.0
940	2319.8333333333335	0.0
950	2437.6666666666665	0.0
960	2425.0	0.0
970	2387.6666666666665	0.0
980	2510.8333333333335	0.0
990	2416.0	0.0
1000	2175.6666666666665	0.0
