0	233.0	0.0
10	70.0	1000.0
20	70.0	0.0
30	70.0	0.0
40	70.0	0.0
50	70.0	0.0
60	70.0	0.0
70	70.0	0.0
80	70.0	0.0
90	70.0	0.0
100	70.0	0.0
110	70.0	0.0
120	70.0	0.0
130	70.33333333333333	0.0
140	70.0	0.0
150	72.0	0.0
160	71.66666666666667	0.0
170	71.33333333333333	0.0
180	71.33333333333333	0.0
190	71.66666666666667	0.0
200	70.66666666666667	0.0
210	89.33333333333333	0.0
220	175.33333333333334	0.0
230	202.66666666666666	0.0
240	304.3333333333333	0.0
250	155.0	0.0
260	237.0	0.0
270	170.0	0.0
280	204.0	0.0
290	208.0	0.0
300	311.0	0.0
310	139.33333333333334	0.0
320	146.0	0.0
330	146.0	0.0
340	174.66666666666666	0.0
350	181.33333333333334	0.0
360	663.0	0.0
370	502.6666666666667	0.0
380	807.3333333333334	0.0
390	976.0	0.0
400	844.6666666666666	0.0
410	1231.3333333333333	0.0
420	1516.6666666666667	0.0
430	1318.3333333333333	0.0
440	1540.5	0.0
450	1507.6666666666667	0.0
460	1590.0	0.0
470	1972.8333333333333	0.0
480	1605.6666666666667	0.0
490	1963.6666666666667	0.0
500	2567.1666666666665	0.0
510	2219.6666666666665	0.0
520	2230.8333333333335	0.0
530	1893.6666666666667	0.0
540	2540.6666666666665	0.0
550	1842.3333333333333	0.0
560	1945.3333333333333	0.0
570	2331.0	0.0
580	2053.3333333333335	0.0
590	2013.6666666666667	0.0
600	1996.6666666666667	0.0
610	2349.0	0.0
620	2520.6666666666665	0.0
630	2522.6666666666665	0.0
640	2725.1666666666665	0.0
650	2587.5	0.0
660	2518.8333333333335	0.0
670	2527.5	0.0
680	2631.3333333333335	0.0
690	2571.6666666666665	0.0
700	2472.1666666666665	0.0
710	2381.3333333333335	0.0
720	2515.3333333333335	0.0
730	2470.8333333333335	0.0
740	2513.1666666666665	0.0
750	2597.6666666666665	0.0
760	2530.3333333333335	0.0
770	2712.6666666666665	0.0
780	2517.6666666666665	0.0
790	2477.6666666666665	0.0
800	2334.8333333333335	0.0
