0	251.0	0.0
10	70.0	1000.0
20	70.0	0.0
30	70.0	0.0
40	70.0	0.0
50	70.0	0.0
60	70.0	0.0
70	70.0	0.0
80	70.0	0.0
90	70.0	0.0
100	70.0	0.0
110	70.0	0.0
120	70.0	0.0
130	70.0	0.0
140	71.0	0.0
150	70.66666666666667	0.0
160	70.33333333333333	0.0
170	77.33333333333333	0.0
180	72.33333333333333	0.0
190	79.66666666666667	0.0
200	85.66666666666667	0.0
210	137.66666666666666	0.0
220	271.6666666666667	0.0
230	322.6666666666667	0.0
240	201.66666666666666	0.0
250	203.33333333333334	0.0
260	130.0	0.0
270	138.0	0.0
280	136.33333333333334	0.0
290	131.33333333333334	0.0
300	130.33333333333334	0.0
310	130.0	0.0
320	130.0	0.0
330	162.0	0.0
340	160.66666666666666	0.0
350	583.3333333333334	0.0
360	854.0	0.0
370	649.3333333333334	0.0
380	799.3333333333334	0.0
390	1350.6666666666667	0.0
400	1470.3333333333333	0.0
410	1296.3333333333333	0.0
420	1509.3333333333333	0.0
430	1580.5	0.0
440	1861.8333333333333	0.0
450	1606.6666666666667	0.0
460	1573.0	0.0
470	2038.3333333333333	0.0
480	2432.3333333333335	0.0
490	2029.0	0.0
500	1963.6666666666667	0.0
510	2272.6666666666665	0.0
520	2191.3333333333335	0.0
530	2348.3333333333335	0.0
540	2193.6666666666665	0.0
550	2396.0	0.0
560	2149.3333333333335	0.0
570	2219.3333333333335	0.0
580	2361.0	0.0
590	2405.1666666666665	0.0
600	2466.6666666666665	0.0
610	2274.1666666666665	0.0
620	2335.3333333333335	0.0
630	2358.6666666666665	0.0
640	2480.6666666666665	0.0
650	2660.3333333333335	0.0
660	2418.3333333333335	0.0
670	2505.3333333333335	0.0
680	2457.6666666666665	0.0
690	2505.3333333333335	0.0
700	2696.5	0.0
710	2577.1666666666665	0.0
720	2632.1666666666665	0.0
730	2530.8333333333335	0.0
740	2380.1666666666665	0.0
750	2687.8333333333335	0.0
760	2520.1666666666665	0.0
770	2415.0	0.0
780	2595.3333333333335	0.0
790	2574.5	0.0
800	2358.8333333333335	0.0
