0	274.6666666666667	0.0
10	70.0	1000.0
20	70.66666666666667	0.0
30	71.0	0.0
40	71.33333333333333	0.0
50	174.66666666666666	0.0
60	115.0	0.0
70	258.3333333333333	0.0
80	137.33333333333334	0.0
90	340.3333333333333	0.0
100	463.3333333333333	0.0
110	1801.3333333333333	0.0
120	1808.0	0.0
130	1995.0	0.0
140	2263.3333333333335	0.0
150	2447.0	0.0
160	2373.8333333333335	0.0
170	2372.0	0.0
180	2455.8333333333335	0.0
190	2029.6666666666667	0.0
200	1975.3333333333333	0.0
210	2032.0	0.0
220	2192.8333333333335	0.0
230	2461.5	0.0
240	2453.6666666666665	0.0
250	2291.0	0.0
260	2282.6666666666665	0.0
270	2522.3333333333335	0.0
280	2580.8333333333335	0.0
290	2232.3333333333335	0.0
300	1853.6666666666667	0.0
310	2019.1666666666667	0.0
320	1994.5	0.0
330	1764.3333333333333	0.0
340	2491.0	0.0
350	2689.0	0.0
360	2046.0	0.0
370	2028.6666666666667	0.0
380	1826.1666666666667	0.0
390	1827.6666666666667	0.0
400	1550.6666666666667	0.0
410	2442.1666666666665	0.0
420	1755.0	0.0
430	2166.3333333333335	0.0
440	1906.8333333333333	0.0
450	2098.6666666666665	0.0
460	2173.3333333333335	0.0
470	2274.6666666666665	0.0
480	1913.6666666666667	0.0
490	1673.6666666666667	0.0
500	1845.1666666666667	0.0
510	2331.5	0.0
520	2024.0	0.0
530	2593.1666666666665	0.0
540	2269.6666666666665	0.0
550	2365.6666666666665	0.0
560	1888.0	0.0
570	2455.0	0.0
580	2262.3333333333335	0.0
590	1910.0	0.0
600	2092.6666666666665	0.0
610	2151.3333333333335	0.0
620	2437.3333333333335	0.0
630	2214.6666666666665	0.0
640	1787.3333333333333	0.0
650	1835.6666666666667	0.0
660	2333.0	0.0
670	2506.0	0.0
680	2500.0	0.0
690	2350.0	0.0
700	2531.1666666666665	0.0
710	2598.0	0.0
720	2414.6666666666665	0.0
730	2655.0	0.0
740	1787.3333333333333	0.0
750	1790.6666666666667	0.0
760	1878.6666666666667	0.0
770	1830.5	0.0
780	1851.6666666666667	0.0
790	2283.8333333333335	0.0
800	1853.0	0.0
810	2407.6666666666665	0.0
820	1779.5	0.0
830	1713.0	0.0
840	2501.8333333333335	0.0
850	1769.6666666666667	0.0
860	1899.3333333333333	0.0
870	2167.3333333333335	0.0
880	2188.5	0.0
890	1583.0	0.0
900	1642.6666666666667	0.0
910	2349.3333333333335	0.0
920	2637.5	0.0
930	2289.0	0.0
940	1994.6666666666667	0.0
950	2508.3333333333335	0.0
960	2034.1666666666667	0.0
970	2064.1666666666665	0.0
980	2294.1666666666665	0.0
990	2048.6666666666665	0.0
1000	1855.6666666666667	0.0
