0	259.0	0.0
10	93.33333333333333	1000.0
20	83.0	0.0
30	70.0	0.0
40	70.0	0.0
50	70.0	0.0
60	70.0	0.0
70	70.0	0.0
80	70.0	0.0
90	70.0	0.0
100	70.0	0.0
110	70.0	0.0
120	70.33333333333333	0.0
130	71.0	0.0
140	70.0	0.0
150	71.0	0.0
160	70.0	0.0
170	83.0	0.0
180	177.33333333333334	0.0
190	702.3333333333334	0.0
200	1125.0	0.0
210	1161.3333333333333	0.0
220	805.6666666666666	0.0
230	945.6666666666666	0.0
240	522.6666666666666	0.0
250	1051.0	0.0
260	1096.6666666666667	0.0
270	1092.6666666666667	0.0
280	1139.3333333333333	0.0
290	1583.0	0.0
300	1725.3333333333333	0.0
310	1899.0	0.0
320	2163.0	0.0
330	1723.6666666666667	0.0
340	1980.6666666666667	0.0
350	2472.6666666666665	0.0
360	2369.8333333333335	0.0
370	2143.6666666666665	0.0
380	2130.3333333333335	0.0
390	2009.6666666666667	0.0
400	2323.6666666666665	0.0
410	2272.3333333333335	0.0
420	2011.6666666666667	0.0
430	2509.6666666666665	0.0
440	2046.6666666666667	0.0
450	2234.3333333333335	0.0
460	2229.6666666666665	0.0
470	2286.6666666666665	0.0
480	2305.1666666666665	0.0
490	2291.0	0.0
500	2183.5	0.0
510	2117.3333333333335	0.0
520	2465.1666666666665	0.0
530	2459.6666666666665	0.0
540	2319.3333333333335	0.0
550	2483.3333333333335	0.0
560	2602.6666666666665	0.0
570	2447.6666666666665	0.0
580	2512.3333333333335	0.0
590	2635.6666666666665	0.0
600	2450.6666666666665	0.0
610	2615.6666666666665	0.0
620	2463.3333333333335	0.0
630	2585.6666666666665	0.0
640	2531.0	0.0
650	2565.6666666666665	0.0
660	2685.8333333333335	0.0
670	2688.0	0.0
680	2444.6666666666665	0.0
690	2975.5	0.0
700	2759.6666666666665	0.0
710	2552.3333333333335	0.0
720	2916.6666666666665	0.0
730	2672.5	0.0
740	2591.1666666666665	0.0
750	2963.8333333333335	0.0
760	2637.6666666666665	0.0
770	2592.6666666666665	0.0
780	2726.6666666666665	0.0
790	2690.0	0.0
800	2431.0	0.0
810	2655.1666666666665	0.0
820	2651.3333333333335	0.0
830	2714.5	0.0
840	2477.5	0.0
850	2448.6666666666665	0.0
860	2049.3333333333335	0.0
870	1907.3333333333333	0.0
880	2292.1666666666665	0.0
890	1872.8333333333333	0.0
900	2113.5	0.0
910	2170.0	0.0
920	2549.6666666666665	0.0
930	2050.8333333333335	0.0
940	1774.3333333333333	0.0
950	1700.8333333333333	0.0
960	2360.8333333333335	0.0
970	1976.3333333333333	0.0
980	2481.1666666666665	0.0
990	2466.5	0.0
1000	2656.6666666666665	0.0
