0	250.0	0.0
10	70.0	1000.0
20	70.0	0.0
30	70.0	0.0
40	70.0	0.0
50	70.0	0.0
60	70.0	0.0
70	70.0	0.0
80	70.0	0.0
90	70.0	0.0
100	70.0	0.0
110	70.0	0.0
120	70.0	0.0
130	70.0	0.0
140	70.0	0.0
150	70.0	0.0
160	70.66666666666667	0.0
170	71.66666666666667	0.0
180	74.33333333333333	0.0
190	76.66666666666667	0.0
200	71.0	0.0
210	72.66666666666667	0.0
220	106.0	0.0
230	177.66666666666666	0.0
240	155.0	0.0
250	103.0	0.0
260	155.33333333333334	0.0
270	395.0	0.0
280	198.33333333333334	0.0
290	152.33333333333334	0.0
300	154.66666666666666	0.0
310	256.0	0.0
320	144.33333333333334	0.0
330	165.66666666666666	0.0
340	163.66666666666666	0.0
350	162.0	0.0
360	162.66666666666666	0.0
370	154.66666666666666	0.0
380	196.0	0.0
390	147.0	0.0
400	232.0	0.0
410	204.66666666666666	0.0
420	261.0	0.0
430	241.66666666666666	0.0
440	202.66666666666666	0.0
450	309.3333333333333	0.0
460	338.3333333333333	0.0
470	392.6666666666667	0.0
480	294.6666666666667	0.0
490	336.3333333333333	0.0
500	357.3333333333333	0.0
510	316.6666666666667	0.0
520	347.3333333333333	0.0
530	303.3333333333333	0.0
540	359.3333333333333	0.0
550	364.0	0.0
560	332.3333333333333	0.0
570	495.0	0.0
580	279.3333333333333	0.0
590	487.6666666666667	0.0
600	514.0	0.0
610	493.0	0.0
620	571.6666666666666	0.0
630	544.6666666666666	0.0
640	658.3333333333334	0.0
650	746.3333333333334	0.0
660	594.6666666666666	0.0
670	636.0	0.0
680	958.0	0.0
690	956.0	0.0
700	1037.3333333333333	0.0
710	698.0	0.0
720	1135.0	0.0
730	1116.0	0.0
740	1520.3333333333333	0.0
750	1474.3333333333333	0.0
760	1274.3333333333333	0.0
770	1217.0	0.0
780	1725.1666666666667	0.0
790	1626.0	0.0
800	1611.5	0.0
810	1306.3333333333333	0.0
820	2703.0	0.0
830	2461.3333333333335	0.0
840	2387.1666666666665	0.0
850	1568.8333333333333	0.0
860	1383.3333333333333	0.0
870	1224.8333333333333	0.0
880	1446.1666666666667	0.0
890	1230.3333333333333	0.0
900	896.0	0.0
910	1497.3333333333333	0.0
920	1421.0	0.0
930	2127.0	0.0
940	1839.1666666666667	0.0
950	2084.0	0.0
960	2303.0	0.0
970	2180.1666666666665	0.0
980	778.5	0.0
990	1122.6666666666667	0.0
1000	2064.1666666666665	0.0
