0	256.1	0.0
10	354.5111111111111	519.9666666666667
20	517.4	280.43333333333334
30	896.5777777777779	126.03333333333333
40	1232.1277777777775	38.4
50	1700.3055555555554	15.3
60	2005.0999999999997	14.266666666666667
70	2164.683333333333	3.033333333333333
80	2186.444444444445	2.066666666666667
90	2270.994444444445	0.5
100	2297.55	0.0
110	2261.855555555556	0.0
120	2287.083333333334	0.0
130	2310.044444444444	0.0
140	2303.327777777778	0.0
150	2371.7388888888886	0.0
160	2400.4333333333334	0.0
170	2334.872222222222	0.0
180	2324.033333333333	0.0
190	2335.794444444445	0.0
200	2301.2166666666667	0.0
210	2328.5277777777783	0.0
220	2267.6500000000005	0.0
230	2308.227777777778	0.0
240	2098.327777777778	0.0
250	2114.288888888889	0.0
260	2079.9111111111115	0.0
270	2035.2611111111103	0.0
280	1956.4055555555556	0.0
290	2101.2833333333338	0.0
300	1970.7333333333333	0.0
310	1980.5611111111107	0.0
320	1997.0277777777776	0.0
330	1986.2777777777778	0.0
340	1991.8166666666668	0.0
350	2027.1777777777777	0.0
360	2017.527777777778	0.0
370	2053.838888888889	0.0
380	2065.1611111111115	0.0
390	1912.3388888888892	0.0
400	1972.9277777777777	0.0
410	2072.5277777777783	0.0
420	2010.8055555555552	0.0
430	2147.9111111111115	0.0
440	2075.9666666666662	0.0
450	2076.3722222222227	0.0
460	1992.4166666666667	0.0
470	2050.6944444444443	0.0
480	2087.2722222222224	0.0
490	2086.483333333333	0.0
500	2079.5666666666666	0.0
510	2140.977777777777	0.0
520	2164.316666666667	0.0
530	2148.005555555555	0.0
540	2153.733333333333	0.0
550	2140.8111111111116	0.0
560	2199.872222222222	0.0
570	2206.472222222222	0.0
580	2172.5833333333335	0.0
590	2220.116666666667	0.0
600	2151.1722222222224	0.0
610	2234.3944444444446	0.0
620	2303.244444444444	0.0
630	2200.1944444444443	0.0
640	2234.9222222222224	0.0
650	2242.477777777778	0.0
660	2241.5722222222225	0.0
670	2251.2222222222217	0.0
680	2230.827777777778	0.0
690	2295.8444444444444	0.0
700	2266.8722222222227	0.0
710	2272.5444444444443	0.0
720	2303.1166666666663	0.0
730	2250.4777777777776	0.0
740	2259.9666666666667	0.0
750	2263.494444444444	0.0
760	2259.4277777777775	0.0
770	2173.9888888888886	0.0
780	2232.9555555555553	0.0
790	2205.733333333334	0.0
800	2209.505555555555	0.0
810	2332.172222222222	0.0
820	2278.522222222223	0.0
830	2191.1000000000004	0.0
840	2217.35	0.0
850	2254.0722222222225	0.0
860	2258.85	0.0
870	2243.0944444444444	0.0
880	2205.161111111111	0.0
890	2260.1444444444446	0.0
900	2278.261111111111	0.0
910	2345.011111111111	0.0
920	2209.9611111111108	0.0
930	2238.5500000000006	0.0
940	2253.188888888889	0.0
950	2261.2944444444447	0.0
960	2264.194444444445	0.0
970	2266.7277777777776	0.0
980	2279.416666666666	0.0
990	2248.8	0.0
1000	2210.2833333333333	0.0
