0	242.66666666666666	0.0
10	429.3333333333333	467.0
20	143.33333333333334	412.0
30	1004.0	121.0
40	1680.3333333333333	0.0
50	1759.6666666666667	0.0
60	2026.3333333333333	0.0
70	2301.0	0.0
80	2023.1666666666667	0.0
90	2186.3333333333335	0.0
100	2435.5	0.0
110	2323.3333333333335	0.0
120	1913.3333333333333	0.0
130	2279.1666666666665	0.0
140	2476.6666666666665	0.0
150	2627.0	0.0
160	2211.8333333333335	0.0
170	2476.5	0.0
180	2284.1666666666665	0.0
190	2402.8333333333335	0.0
200	2101.0	0.0
210	2712.8333333333335	0.0
220	2318.6666666666665	0.0
230	2530.1666666666665	0.0
240	1786.6666666666667	0.0
250	1923.3333333333333	0.0
260	1933.8333333333333	0.0
270	1499.0	0.0
280	1878.6666666666667	0.0
290	1605.0	0.0
300	1979.6666666666667	0.0
310	2083.0	0.0
320	2180.8333333333335	0.0
330	1945.3333333333333	0.0
340	1929.0	0.0
350	2265.1666666666665	0.0
360	2095.5	0.0
370	2299.0	0.0
380	2367.0	0.0
390	2012.1666666666667	0.0
400	2429.0	0.0
410	1663.3333333333333	0.0
420	1840.1666666666667	0.0
430	2128.3333333333335	0.0
440	2292.5	0.0
450	2175.3333333333335	0.0
460	1615.0	0.0
470	1376.6666666666667	0.0
480	1756.3333333333333	0.0
490	2339.3333333333335	0.0
500	2334.5	0.0
510	2616.0	0.0
520	2227.8333333333335	0.0
530	2428.6666666666665	0.0
540	2351.6666666666665	0.0
550	2547.3333333333335	0.0
560	2563.8333333333335	0.0
570	2382.3333333333335	0.0
580	2427.8333333333335	0.0
590	2415.0	0.0
600	2377.3333333333335	0.0
610	2327.0	0.0
620	2641.6666666666665	0.0
630	2667.6666666666665	0.0
640	2596.6666666666665	0.0
650	2472.5	0.0
660	2420.6666666666665	0.0
670	2464.8333333333335	0.0
680	2541.0	0.0
690	2465.1666666666665	0.0
700	1870.3333333333333	0.0
710	2388.0	0.0
720	2316.5	0.0
730	2317.8333333333335	0.0
740	1942.3333333333333	0.0
750	2449.0	0.0
760	2439.0	0.0
770	2618.0	0.0
780	2532.5	0.0
790	2483.1666666666665	0.0
800	1747.6666666666667	0.0
810	2335.0	0.0
820	2603.3333333333335	0.0
830	1928.8333333333333	0.0
840	2097.3333333333335	0.0
850	2220.0	0.0
860	2122.3333333333335	0.0
870	2493.1666666666665	0.0
880	1898.6666666666667	0.0
890	2461.0	0.0
900	1929.0	0.0
910	2312.8333333333335	0.0
920	2355.3333333333335	0.0
930	2140.8333333333335	0.0
940	1812.6666666666667	0.0
950	2000.5	0.0
960	2281.3333333333335	0.0
970	2320.6666666666665	0.0
980	2345.6666666666665	0.0
990	2310.8333333333335	0.0
1000	2528.3333333333335	0.0
