0	240.66666666666666	0.0
10	92.66666666666667	706.0
20	100.0	294.0
30	71.33333333333333	0.0
40	189.33333333333334	0.0
50	79.33333333333333	0.0
60	2350.0	0.0
70	2144.8333333333335	0.0
80	1506.6666666666667	0.0
90	1964.6666666666667	0.0
100	2460.1666666666665	0.0
110	2325.6666666666665	0.0
120	2300.0	0.0
130	2284.0	0.0
140	1977.3333333333333	0.0
150	2269.6666666666665	0.0
160	2547.8333333333335	0.0
170	2356.8333333333335	0.0
180	1943.3333333333333	0.0
190	2537.6666666666665	0.0
200	2559.6666666666665	0.0
210	2339.3333333333335	0.0
220	2515.5	0.0
230	2295.6666666666665	0.0
240	2320.3333333333335	0.0
250	2519.5	0.0
260	1479.0	0.0
270	927.6666666666666	0.0
280	1333.5	0.0
290	1846.3333333333333	0.0
300	1580.1666666666667	0.0
310	1690.3333333333333	0.0
320	1845.0	0.0
330	1890.6666666666667	0.0
340	1698.6666666666667	0.0
350	1569.0	0.0
360	1602.1666666666667	0.0
370	1526.0	0.0
380	1836.3333333333333	0.0
390	1078.3333333333333	0.0
400	1804.6666666666667	0.0
410	1564.6666666666667	0.0
420	1734.0	0.0
430	2422.5	0.0
440	1731.0	0.0
450	2004.0	0.0
460	1893.0	0.0
470	1747.6666666666667	0.0
480	1868.6666666666667	0.0
490	2090.8333333333335	0.0
500	2463.0	0.0
510	2389.8333333333335	0.0
520	2411.1666666666665	0.0
530	1802.3333333333333	0.0
540	2488.0	0.0
550	2489.1666666666665	0.0
560	2467.3333333333335	0.0
570	2341.6666666666665	0.0
580	2400.0	0.0
590	2271.1666666666665	0.0
600	2334.1666666666665	0.0
610	2362.6666666666665	0.0
620	2560.0	0.0
630	2439.3333333333335	0.0
640	2716.8333333333335	0.0
650	2286.0	0.0
660	2428.6666666666665	0.0
670	2491.6666666666665	0.0
680	2532.1666666666665	0.0
690	2492.0	0.0
700	2432.1666666666665	0.0
710	2293.6666666666665	0.0
720	2294.5	0.0
730	1845.6666666666667	0.0
740	2617.5	0.0
750	2340.0	0.0
760	1909.6666666666667	0.0
770	1972.3333333333333	0.0
780	2245.6666666666665	0.0
790	1972.6666666666667	0.0
800	1578.8333333333333	0.0
810	2182.5	0.0
820	2099.6666666666665	0.0
830	2162.6666666666665	0.0
840	2151.0	0.0
850	1998.3333333333333	0.0
860	2043.8333333333333	0.0
870	1846.8333333333333	0.0
880	1625.8333333333333	0.0
890	2413.3333333333335	0.0
900	2075.0	0.0
910	2356.3333333333335	0.0
920	2481.8333333333335	0.0
930	2441.0	0.0
940	2767.8333333333335	0.0
950	2503.1666666666665	0.0
960	2583.1666666666665	0.0
970	2251.6666666666665	0.0
980	2402.3333333333335	0.0
990	2612.0	0.0
1000	2234.3333333333335	0.0
