0	237.33333333333334	0.0
10	1276.6666666666667	919.0
20	199.66666666666666	84.0
30	184.0	0.0
40	1573.3333333333333	0.0
50	1667.0	0.0
60	2095.6666666666665	0.0
70	2065.6666666666665	0.0
80	2048.1666666666665	0.0
90	2423.3333333333335	0.0
100	2312.6666666666665	0.0
110	2312.6666666666665	0.0
120	2280.6666666666665	0.0
130	2440.3333333333335	0.0
140	2287.8333333333335	0.0
150	2294.6666666666665	0.0
160	2311.6666666666665	0.0
170	2363.8333333333335	0.0
180	2224.0	0.0
190	2149.6666666666665	0.0
200	2459.3333333333335	0.0
210	2098.3333333333335	0.0
220	2287.8333333333335	0.0
230	2318.0	0.0
240	2265.0	0.0
250	2646.6666666666665	0.0
260	2365.0	0.0
270	2440.6666666666665	0.0
280	2349.5	0.0
290	2623.8333333333335	0.0
300	2722.8333333333335	0.0
310	2283.0	0.0
320	2514.3333333333335	0.0
330	2331.6666666666665	0.0
340	1884.0	0.0
350	1540.6666666666667	0.0
360	2471.6666666666665	0.0
370	1900.0	0.0
380	1948.6666666666667	0.0
390	1800.1666666666667	0.0
400	2087.5	0.0
410	1742.3333333333333	0.0
420	2637.3333333333335	0.0
430	2311.3333333333335	0.0
440	1636.0	0.0
450	2477.5	0.0
460	2219.6666666666665	0.0
470	2228.3333333333335	0.0
480	2155.5	0.0
490	2208.8333333333335	0.0
500	2446.8333333333335	0.0
510	1836.6666666666667	0.0
520	2129.6666666666665	0.0
530	2199.0	0.0
540	2454.6666666666665	0.0
550	2585.0	0.0
560	2166.0	0.0
570	1940.8333333333333	0.0
580	2592.3333333333335	0.0
590	2198.1666666666665	0.0
600	1758.3333333333333	0.0
