0	242.66666666666666	0.0
10	135.0	483.0
20	131.33333333333334	215.0
30	123.0	304.0
40	1388.0	0.0
50	1846.6666666666667	0.0
60	2383.3333333333335	0.0
70	2367.0	0.0
80	2527.8333333333335	0.0
90	2314.8333333333335	0.0
100	2168.0	0.0
110	2109.6666666666665	0.0
120	2104.6666666666665	0.0
130	1999.5	0.0
140	2302.0	0.0
150	2453.0	0.0
160	2584.5	0.0
170	2283.8333333333335	0.0
180	2293.8333333333335	0.0
190	2632.3333333333335	0.0
200	2274.3333333333335	0.0
210	2232.1666666666665	0.0
220	2485.6666666666665	0.0
230	2400.3333333333335	0.0
240	2159.6666666666665	0.0
250	1710.0	0.0
260	2390.5	0.0
270	2493.6666666666665	0.0
280	1587.6666666666667	0.0
290	2536.6666666666665	0.0
300	2617.1666666666665	0.0
310	1980.6666666666667	0.0
320	1945.0	0.0
330	1819.3333333333333	0.0
340	2277.3333333333335	0.0
350	1961.0	0.0
360	2283.3333333333335	0.0
370	1778.0	0.0
380	1743.3333333333333	0.0
390	2183.3333333333335	0.0
400	1945.1666666666667	0.0
410	2024.3333333333333	0.0
420	2080.3333333333335	0.0
430	1953.3333333333333	0.0
440	2115.1666666666665	0.0
450	2037.6666666666667	0.0
460	2113.5	0.0
470	2402.6666666666665	0.0
480	1902.6666666666667	0.0
490	1901.0	0.0
500	2354.8333333333335	0.0
510	2585.0	0.0
520	2547.8333333333335	0.0
530	2482.3333333333335	0.0
540	1600.3333333333333	0.0
550	2074.0	0.0
560	1744.3333333333333	0.0
570	1994.6666666666667	0.0
580	2070.3333333333335	0.0
590	1721.0	0.0
600	1758.3333333333333	0.0
