0	235.33333333333334	0.0
10	170.66666666666666	1006.0
20	1413.0	2.0
30	1680.3333333333333	0.0
40	1829.3333333333333	0.0
50	2254.0	0.0
60	2088.6666666666665	0.0
70	2349.3333333333335	0.0
80	2330.0	0.0
90	2048.1666666666665	0.0
100	2215.5	0.0
110	2412.3333333333335	0.0
120	2150.1666666666665	0.0
130	2326.6666666666665	0.0
140	2241.3333333333335	0.0
150	2325.0	0.0
160	2331.3333333333335	0.0
170	2484.6666666666665	0.0
180	2471.5	0.0
190	2488.0	0.0
200	2296.0	0.0
210	2447.6666666666665	0.0
220	2441.0	0.0
230	2410.6666666666665	0.0
240	2222.6666666666665	0.0
250	2210.1666666666665	0.0
260	2413.0	0.0
270	2441.0	0.0
280	2140.6666666666665	0.0
290	2313.6666666666665	0.0
300	1924.0	0.0
310	1814.6666666666667	0.0
320	2349.0	0.0
330	2392.8333333333335	0.0
340	2526.6666666666665	0.0
350	2350.0	0.0
360	2283.8333333333335	0.0
370	1929.6666666666667	0.0
380	2345.3333333333335	0.0
390	2388.6666666666665	0.0
400	1749.8333333333333	0.0
410	2073.5	0.0
420	1579.8333333333333	0.0
430	2018.5	0.0
440	2163.1666666666665	0.0
450	1873.6666666666667	0.0
460	1518.6666666666667	0.0
470	2246.0	0.0
480	2295.6666666666665	0.0
490	2548.5	0.0
500	2520.1666666666665	0.0
510	2178.3333333333335	0.0
520	2491.3333333333335	0.0
530	1807.8333333333333	0.0
540	1773.5	0.0
550	2041.6666666666667	0.0
560	2025.0	0.0
570	1573.5	0.0
580	2083.6666666666665	0.0
590	1966.1666666666667	0.0
600	1318.0	0.0
