0	230.66666666666666	0.0
10	98.33333333333333	1000.0
20	99.33333333333333	0.0
30	97.33333333333333	0.0
40	96.33333333333333	0.0
50	93.0	0.0
60	94.0	0.0
70	93.33333333333333	0.0
80	90.66666666666667	0.0
90	93.66666666666667	0.0
100	92.66666666666667	0.0
110	96.0	0.0
120	93.33333333333333	0.0
130	93.0	0.0
140	95.66666666666667	0.0
150	91.0	0.0
160	106.33333333333333	0.0
170	110.0	0.0
180	110.33333333333333	0.0
190	146.66666666666666	0.0
200	266.6666666666667	0.0
210	150.66666666666666	0.0
220	134.0	0.0
230	160.66666666666666	0.0
240	477.0	0.0
250	456.3333333333333	0.0
260	479.3333333333333	0.0
270	568.6666666666666	0.0
280	688.6666666666666	0.0
290	854.0	0.0
300	1237.3333333333333	0.0
310	1774.3333333333333	0.0
320	1712.3333333333333	0.0
330	1934.6666666666667	0.0
340	1507.6666666666667	0.0
350	1396.3333333333333	0.0
360	1628.3333333333333	0.0
370	2288.1666666666665	0.0
380	2111.0	0.0
390	1890.3333333333333	0.0
400	2055.0	0.0
410	2205.1666666666665	0.0
420	2035.0	0.0
430	2251.0	0.0
440	2094.0	0.0
450	2196.0	0.0
460	2247.0	0.0
470	2211.1666666666665	0.0
480	2298.1666666666665	0.0
490	2208.0	0.0
500	2279.6666666666665	0.0
510	2115.0	0.0
520	2151.5	0.0
530	2656.6666666666665	0.0
540	2370.3333333333335	0.0
550	2302.3333333333335	0.0
560	2680.5	0.0
570	2337.8333333333335	0.0
580	2663.5	0.0
590	2627.1666666666665	0.0
600	2525.8333333333335	0.0
610	2600.0	0.0
620	2604.8333333333335	0.0
630	2224.3333333333335	0.0
640	2618.3333333333335	0.0
650	2580.6666666666665	0.0
660	2467.0	0.0
670	2465.0	0.0
680	2289.3333333333335	0.0
690	2453.3333333333335	0.0
700	2584.6666666666665	0.0
710	2580.3333333333335	0.0
720	2433.3333333333335	0.0
730	2510.6666666666665	0.0
740	2545.3333333333335	0.0
750	2626.0	0.0
760	2579.6666666666665	0.0
770	2499.6666666666665	0.0
780	2562.1666666666665	0.0
790	2596.1666666666665	0.0
800	2621.6666666666665	0.0
