0	238.33333333333334	0.0
10	70.0	0.0
20	70.0	0.0
30	70.0	0.0
40	70.0	0.0
50	70.0	0.0
60	70.0	0.0
70	70.0	0.0
80	70.0	0.0
90	70.0	0.0
100	70.0	0.0
110	70.0	0.0
120	70.0	0.0
130	70.0	0.0
140	70.0	0.0
150	70.0	0.0
160	70.0	0.0
170	70.0	0.0
180	70.0	0.0
190	70.33333333333333	0.0
200	73.0	0.0
210	71.33333333333333	0.0
220	72.66666666666667	0.0
230	157.66666666666666	0.0
240	189.33333333333334	0.0
250	152.66666666666666	0.0
260	166.33333333333334	0.0
270	174.33333333333334	0.0
280	160.33333333333334	0.0
290	138.66666666666666	0.0
300	167.66666666666666	0.0
310	155.0	0.0
320	130.33333333333334	0.0
330	138.0	0.0
340	138.0	0.0
350	139.0	0.0
360	180.33333333333334	0.0
370	224.66666666666666	0.0
380	155.33333333333334	0.0
390	521.3333333333334	0.0
400	773.6666666666666	0.0
410	643.6666666666666	0.0
420	1081.5	0.0
430	1401.3333333333333	0.0
440	1167.3333333333333	0.0
450	820.6666666666666	0.0
460	1511.6666666666667	0.0
470	1255.0	0.0
480	1226.0	0.0
490	2140.5	0.0
500	2205.8333333333335	0.0
510	2203.6666666666665	0.0
520	2441.3333333333335	0.0
530	1829.5	0.0
540	2220.6666666666665	0.0
550	2143.6666666666665	0.0
560	1922.0	0.0
570	1973.0	0.0
580	2022.0	0.0
590	1928.0	0.0
600	2088.5	0.0
610	2096.1666666666665	0.0
620	2498.5	0.0
630	2230.0	0.0
640	2199.8333333333335	0.0
650	2264.0	0.0
660	2530.3333333333335	0.0
670	2349.1666666666665	0.0
680	2571.0	0.0
690	2349.8333333333335	0.0
700	2663.6666666666665	0.0
710	2555.6666666666665	0.0
720	2484.8333333333335	0.0
730	2644.5	0.0
740	2569.0	0.0
750	2487.3333333333335	0.0
760	2486.3333333333335	0.0
770	2758.0	0.0
780	2837.5	0.0
790	2424.6666666666665	0.0
800	2553.3333333333335	0.0
