0	279.6666666666667	0.0
10	70.0	119.0
20	70.0	125.0
30	70.0	126.0
40	70.0	152.0
50	70.0	159.0
60	70.0	109.0
70	70.0	142.0
80	70.0	68.0
90	70.0	0.0
100	70.0	0.0
110	70.0	0.0
120	70.0	0.0
130	70.0	0.0
140	70.0	0.0
150	70.0	0.0
160	70.0	0.0
170	70.0	0.0
180	70.0	0.0
190	71.33333333333333	0.0
200	70.33333333333333	0.0
210	74.0	0.0
220	75.0	0.0
230	71.66666666666667	0.0
240	70.66666666666667	0.0
250	107.66666666666667	0.0
260	248.0	0.0
270	134.33333333333334	0.0
280	152.0	0.0
290	200.66666666666666	0.0
300	206.33333333333334	0.0
310	155.33333333333334	0.0
320	148.0	0.0
330	146.66666666666666	0.0
340	168.33333333333334	0.0
350	211.33333333333334	0.0
360	169.0	0.0
370	154.66666666666666	0.0
380	259.6666666666667	0.0
390	304.6666666666667	0.0
400	602.6666666666666	0.0
410	504.0	0.0
420	926.3333333333334	0.0
430	685.6666666666666	0.0
440	955.0	0.0
450	814.0	0.0
460	866.3333333333334	0.0
470	951.6666666666666	0.0
480	1301.0	0.0
490	1788.0	0.0
500	2013.0	0.0
510	2293.6666666666665	0.0
520	1868.6666666666667	0.0
530	2373.5	0.0
540	2135.3333333333335	0.0
550	2406.3333333333335	0.0
560	2103.3333333333335	0.0
570	2201.6666666666665	0.0
580	2259.0	0.0
590	2092.6666666666665	0.0
600	2500.8333333333335	0.0
610	2171.3333333333335	0.0
620	2270.0	0.0
630	2226.3333333333335	0.0
640	2375.6666666666665	0.0
650	2412.6666666666665	0.0
660	2400.0	0.0
670	2143.3333333333335	0.0
680	2392.5	0.0
690	2565.8333333333335	0.0
700	2594.0	0.0
710	2285.6666666666665	0.0
720	2626.0	0.0
730	2615.5	0.0
740	2638.0	0.0
750	2743.5	0.0
760	2527.8333333333335	0.0
770	2640.6666666666665	0.0
780	2498.0	0.0
790	2389.3333333333335	0.0
800	2707.0	0.0
810	2705.6666666666665	0.0
820	2491.3333333333335	0.0
830	2305.3333333333335	0.0
840	2572.0	0.0
850	2680.5	0.0
860	2212.3333333333335	0.0
870	2460.1666666666665	0.0
880	2572.6666666666665	0.0
890	2517.5	0.0
900	2561.0	0.0
910	2420.6666666666665	0.0
920	2351.1666666666665	0.0
930	2368.6666666666665	0.0
940	2513.5	0.0
950	2536.6666666666665	0.0
960	2396.6666666666665	0.0
970	2532.0	0.0
980	2253.1666666666665	0.0
990	2399.8333333333335	0.0
1000	2363.0	0.0
