0	235.33333333333334	0.0
10	70.0	0.0
20	70.0	0.0
30	70.0	0.0
40	70.0	0.0
50	70.0	0.0
60	70.0	0.0
70	70.0	0.0
80	74.0	0.0
90	75.33333333333333	0.0
100	82.33333333333333	0.0
110	135.33333333333334	0.0
120	425.3333333333333	0.0
130	86.0	0.0
140	371.6666666666667	0.0
150	371.0	0.0
160	423.6666666666667	0.0
170	365.6666666666667	0.0
180	222.33333333333334	0.0
190	298.3333333333333	0.0
200	286.3333333333333	0.0
210	292.0	0.0
220	392.0	0.0
230	416.3333333333333	0.0
240	382.3333333333333	0.0
250	371.6666666666667	0.0
260	708.0	0.0
270	430.3333333333333	0.0
280	462.3333333333333	0.0
290	617.6666666666666	0.0
300	565.0	0.0
310	721.6666666666666	0.0
320	865.8333333333334	0.0
330	1031.6666666666667	0.0
340	1036.1666666666667	0.0
350	1684.1666666666667	0.0
360	1418.3333333333333	0.0
370	1383.0	0.0
380	1832.8333333333333	0.0
390	1744.0	0.0
400	1725.3333333333333	0.0
410	2049.0	0.0
420	1497.0	0.0
430	2656.0	0.0
440	2576.3333333333335	0.0
450	2250.0	0.0
460	1395.5	0.0
470	1524.3333333333333	0.0
480	1713.0	0.0
490	1204.3333333333333	0.0
500	2071.0	0.0
510	2066.6666666666665	0.0
520	1608.6666666666667	0.0
530	1915.0	0.0
540	2016.5	0.0
550	1756.3333333333333	0.0
560	1863.6666666666667	0.0
570	2094.8333333333335	0.0
580	1903.1666666666667	0.0
590	1967.0	0.0
600	2154.5	0.0
610	1810.3333333333333	0.0
620	1869.6666666666667	0.0
630	1771.3333333333333	0.0
640	1796.5	0.0
650	2221.6666666666665	0.0
660	2633.8333333333335	0.0
670	2243.6666666666665	0.0
680	2480.6666666666665	0.0
690	2454.3333333333335	0.0
700	2422.3333333333335	0.0
710	2399.5	0.0
720	2402.8333333333335	0.0
730	2382.6666666666665	0.0
740	2423.3333333333335	0.0
750	2056.0	0.0
760	1973.3333333333333	0.0
770	2019.5	0.0
780	1423.1666666666667	0.0
790	2515.0	0.0
800	2480.0	0.0
810	2567.6666666666665	0.0
820	2586.6666666666665	0.0
830	1971.3333333333333	0.0
840	2477.1666666666665	0.0
850	2371.5	0.0
860	1481.3333333333333	0.0
870	2493.6666666666665	0.0
880	1749.3333333333333	0.0
890	1992.3333333333333	0.0
900	1933.6666666666667	0.0
910	2429.8333333333335	0.0
920	2099.0	0.0
930	1967.3333333333333	0.0
940	1962.8333333333333	0.0
950	1722.3333333333333	0.0
960	1678.0	0.0
970	1810.6666666666667	0.0
980	2529.3333333333335	0.0
990	2161.6666666666665	0.0
1000	2221.0	0.0
