0	287.3333333333333	0.0
10	70.0	0.0
20	70.0	0.0
30	70.0	0.0
40	70.0	0.0
50	70.0	0.0
60	70.0	0.0
70	70.0	0.0
80	70.0	0.0
90	81.66666666666667	0.0
100	80.66666666666667	0.0
110	146.33333333333334	0.0
120	259.6666666666667	0.0
130	118.0	0.0
140	122.33333333333333	0.0
150	267.6666666666667	0.0
160	384.0	0.0
170	305.0	0.0
180	279.0	0.0
190	217.33333333333334	0.0
200	156.33333333333334	0.0
210	148.33333333333334	0.0
220	254.0	0.0
230	268.6666666666667	0.0
240	308.6666666666667	0.0
250	320.0	0.0
260	336.0	0.0
270	364.0	0.0
280	266.6666666666667	0.0
290	343.6666666666667	0.0
300	473.3333333333333	0.0
310	460.6666666666667	0.0
320	462.0	0.0
330	702.3333333333334	0.0
340	682.3333333333334	0.0
350	595.3333333333334	0.0
360	798.3333333333334	0.0
370	960.1666666666666	0.0
380	1279.0	0.0
390	1149.0	0.0
400	1816.3333333333333	0.0
410	2124.3333333333335	0.0
420	2066.8333333333335	0.0
430	1940.6666666666667	0.0
440	1796.6666666666667	0.0
450	2635.6666666666665	0.0
460	2220.1666666666665	0.0
470	2519.0	0.0
480	2629.6666666666665	0.0
490	2347.6666666666665	0.0
500	2351.0	0.0
510	2543.3333333333335	0.0
520	2590.0	0.0
530	2484.6666666666665	0.0
540	2336.1666666666665	0.0
550	2421.3333333333335	0.0
560	2405.6666666666665	0.0
570	2358.1666666666665	0.0
580	2041.5	0.0
590	1837.6666666666667	0.0
600	2156.3333333333335	0.0
610	2051.0	0.0
620	2076.0	0.0
630	1734.3333333333333	0.0
640	1617.3333333333333	0.0
650	2123.5	0.0
660	1823.6666666666667	0.0
670	2079.6666666666665	0.0
680	2081.6666666666665	0.0
690	2252.1666666666665	0.0
700	2348.3333333333335	0.0
710	2199.5	0.0
720	2142.0	0.0
730	2091.3333333333335	0.0
740	2126.3333333333335	0.0
750	2011.6666666666667	0.0
760	2348.3333333333335	0.0
770	1895.6666666666667	0.0
780	2074.5	0.0
790	1434.3333333333333	0.0
800	1610.8333333333333	0.0
810	2546.3333333333335	0.0
820	2515.3333333333335	0.0
830	2456.3333333333335	0.0
840	2444.6666666666665	0.0
850	2574.0	0.0
860	2488.6666666666665	0.0
870	2407.8333333333335	0.0
880	2423.3333333333335	0.0
890	2124.3333333333335	0.0
900	2473.8333333333335	0.0
910	2513.3333333333335	0.0
920	2430.0	0.0
930	2265.0	0.0
940	2596.6666666666665	0.0
950	2409.1666666666665	0.0
960	2595.6666666666665	0.0
970	1793.3333333333333	0.0
980	1998.0	0.0
990	1743.0	0.0
1000	2409.8333333333335	0.0
