0	274.0	0.0
10	70.0	0.0
20	70.0	0.0
30	70.0	0.0
40	70.0	0.0
50	70.0	0.0
60	70.0	0.0
70	70.0	0.0
80	70.33333333333333	0.0
90	70.33333333333333	0.0
100	78.66666666666667	0.0
110	131.66666666666666	0.0
120	477.6666666666667	0.0
130	340.6666666666667	0.0
140	269.6666666666667	0.0
150	333.3333333333333	0.0
160	168.0	0.0
170	159.33333333333334	0.0
180	256.0	0.0
190	303.3333333333333	0.0
200	339.3333333333333	0.0
210	128.66666666666666	0.0
220	245.33333333333334	0.0
230	447.3333333333333	0.0
240	223.33333333333334	0.0
250	348.6666666666667	0.0
260	370.6666666666667	0.0
270	406.0	0.0
280	501.3333333333333	0.0
290	418.6666666666667	0.0
300	491.0	0.0
310	540.3333333333334	0.0
320	848.0	0.0
330	1001.5	0.0
340	1057.0	0.0
350	1231.3333333333333	0.0
360	1150.3333333333333	0.0
370	2127.0	0.0
380	2122.8333333333335	0.0
390	2039.3333333333333	0.0
400	2267.6666666666665	0.0
410	1834.6666666666667	0.0
420	2552.1666666666665	0.0
430	2662.3333333333335	0.0
440	2518.5	0.0
450	2360.3333333333335	0.0
460	2269.1666666666665	0.0
470	2570.1666666666665	0.0
480	1720.5	0.0
490	2753.5	0.0
500	2229.1666666666665	0.0
510	1692.3333333333333	0.0
520	2063.8333333333335	0.0
530	1811.1666666666667	0.0
540	2049.6666666666665	0.0
550	2165.6666666666665	0.0
560	2006.8333333333333	0.0
570	2043.0	0.0
580	2449.3333333333335	0.0
590	2241.1666666666665	0.0
600	2450.6666666666665	0.0
610	1885.3333333333333	0.0
620	1459.3333333333333	0.0
630	1665.3333333333333	0.0
640	2164.0	0.0
650	2199.8333333333335	0.0
660	2282.0	0.0
670	1762.8333333333333	0.0
680	2372.6666666666665	0.0
690	1801.3333333333333	0.0
700	2069.6666666666665	0.0
710	2158.8333333333335	0.0
720	2053.3333333333335	0.0
730	2412.6666666666665	0.0
740	2750.3333333333335	0.0
750	2355.3333333333335	0.0
760	1823.6666666666667	0.0
770	2312.5	0.0
780	2661.1666666666665	0.0
790	2594.0	0.0
800	2399.8333333333335	0.0
810	2348.8333333333335	0.0
820	2321.8333333333335	0.0
830	2326.0	0.0
840	2509.3333333333335	0.0
850	2668.3333333333335	0.0
860	2210.8333333333335	0.0
870	2206.0	0.0
880	2599.3333333333335	0.0
890	2434.0	0.0
900	2494.3333333333335	0.0
910	2036.3333333333333	0.0
920	2407.0	0.0
930	2169.6666666666665	0.0
940	1921.3333333333333	0.0
950	2022.3333333333333	0.0
960	2158.0	0.0
970	1854.5	0.0
980	2026.3333333333333	0.0
990	1797.5	0.0
1000	1902.8333333333333	0.0
