0	283.0	0.0
10	70.0	0.0
20	70.0	0.0
30	70.0	0.0
40	70.0	0.0
50	70.0	0.0
60	70.0	0.0
70	70.0	0.0
80	70.33333333333333	0.0
90	71.33333333333333	0.0
100	70.0	0.0
110	95.0	0.0
120	73.0	0.0
130	161.66666666666666	0.0
140	183.66666666666666	0.0
150	123.66666666666667	0.0
160	157.0	0.0
170	210.66666666666666	0.0
180	148.33333333333334	0.0
190	145.0	0.0
200	171.0	0.0
210	560.3333333333334	0.0
220	434.6666666666667	0.0
230	961.3333333333334	0.0
240	720.6666666666666	0.0
250	311.3333333333333	0.0
260	557.6666666666666	0.0
270	689.3333333333334	0.0
280	835.0	0.0
290	566.6666666666666	0.0
300	672.3333333333334	0.0
310	779.6666666666666	0.0
320	648.3333333333334	0.0
330	1194.6666666666667	0.0
340	917.3333333333334	0.0
350	1183.3333333333333	0.0
360	1971.3333333333333	0.0
370	1876.3333333333333	0.0
380	2151.0	0.0
390	2114.6666666666665	0.0
400	2843.8333333333335	0.0
410	2466.6666666666665	0.0
420	2368.3333333333335	0.0
430	2129.0	0.0
440	2695.5	0.0
450	2218.3333333333335	0.0
460	2409.6666666666665	0.0
470	2312.3333333333335	0.0
480	2542.6666666666665	0.0
490	2518.3333333333335	0.0
500	2374.3333333333335	0.0
510	1945.6666666666667	0.0
520	2336.6666666666665	0.0
530	2266.5	0.0
540	1827.0	0.0
550	2509.5	0.0
560	2067.3333333333335	0.0
570	1857.0	0.0
580	1799.0	0.0
590	2139.5	0.0
600	2175.3333333333335	0.0
610	2257.3333333333335	0.0
620	1958.1666666666667	0.0
630	1736.6666666666667	0.0
640	2506.6666666666665	0.0
650	1828.0	0.0
660	1920.3333333333333	0.0
670	1893.3333333333333	0.0
680	1961.3333333333333	0.0
690	1935.6666666666667	0.0
700	1928.8333333333333	0.0
710	1876.3333333333333	0.0
720	2178.3333333333335	0.0
730	1722.3333333333333	0.0
740	2066.1666666666665	0.0
750	1759.8333333333333	0.0
760	1627.0	0.0
770	2286.3333333333335	0.0
780	2588.3333333333335	0.0
790	2194.1666666666665	0.0
800	2058.6666666666665	0.0
810	2034.6666666666667	0.0
820	2022.1666666666667	0.0
830	1875.5	0.0
840	1719.6666666666667	0.0
850	2512.1666666666665	0.0
860	2485.3333333333335	0.0
870	1798.6666666666667	0.0
880	2379.6666666666665	0.0
890	2369.6666666666665	0.0
900	2405.6666666666665	0.0
910	2424.3333333333335	0.0
920	2584.1666666666665	0.0
930	2261.3333333333335	0.0
940	2520.6666666666665	0.0
950	2157.0	0.0
960	2408.5	0.0
970	2346.3333333333335	0.0
980	2821.5	0.0
990	2330.0	0.0
1000	2282.3333333333335	0.0
