0	257.6666666666667	0.0
10	70.0	0.0
20	70.0	0.0
30	70.0	0.0
40	70.0	0.0
50	70.0	0.0
60	70.0	0.0
70	70.0	0.0
80	70.0	0.0
90	70.0	0.0
100	70.0	0.0
110	70.0	0.0
120	70.0	0.0
130	70.0	0.0
140	70.0	0.0
150	70.0	0.0
160	70.0	0.0
170	70.0	0.0
180	70.0	0.0
190	70.0	0.0
200	71.33333333333333	0.0
210	76.66666666666667	0.0
220	72.33333333333333	0.0
230	72.0	0.0
240	96.33333333333333	0.0
250	235.0	0.0
260	151.33333333333334	0.0
270	139.33333333333334	0.0
280	150.33333333333334	0.0
290	130.0	0.0
300	138.0	0.0
310	139.66666666666666	0.0
320	130.0	0.0
330	146.33333333333334	0.0
340	186.66666666666666	0.0
350	147.0	0.0
360	146.0	0.0
370	187.66666666666666	0.0
380	188.33333333333334	0.0
390	240.66666666666666	0.0
400	159.66666666666666	0.0
410	238.66666666666666	0.0
420	233.66666666666666	0.0
430	283.6666666666667	0.0
440	375.3333333333333	0.0
450	419.3333333333333	0.0
460	599.6666666666666	0.0
470	732.3333333333334	0.0
480	853.6666666666666	0.0
490	1117.6666666666667	0.0
500	1165.3333333333333	0.0
510	768.5	0.0
520	1246.8333333333333	0.0
530	1069.0	0.0
540	1351.6666666666667	0.0
550	2064.0	0.0
560	1836.5	0.0
570	2084.6666666666665	0.0
580	2295.5	0.0
590	1905.5	0.0
600	2276.8333333333335	0.0
610	2079.6666666666665	0.0
620	2223.8333333333335	0.0
630	2181.3333333333335	0.0
640	2471.0	0.0
650	2116.0	0.0
660	2153.0	0.0
670	2300.3333333333335	0.0
680	2255.0	0.0
690	2243.5	0.0
700	2260.0	0.0
710	2585.5	0.0
720	2411.6666666666665	0.0
730	2277.0	0.0
740	2431.0	0.0
750	2475.5	0.0
760	2739.0	0.0
770	2805.6666666666665	0.0
780	2520.0	0.0
790	2622.6666666666665	0.0
800	2465.0	0.0
