0	264.3333333333333	0.0
10	70.0	0.0
20	70.0	0.0
30	70.0	0.0
40	70.0	0.0
50	70.0	0.0
60	70.0	0.0
70	70.0	0.0
80	70.0	0.0
90	70.0	0.0
100	70.0	0.0
110	70.0	0.0
120	70.0	0.0
130	70.0	0.0
140	70.0	0.0
150	70.0	0.0
160	70.0	0.0
170	70.0	0.0
180	70.66666666666667	0.0
190	71.33333333333333	0.0
200	72.0	0.0
210	73.0	0.0
220	73.33333333333333	0.0
230	73.0	0.0
240	154.0	0.0
250	115.0	0.0
260	178.66666666666666	0.0
270	108.66666666666667	0.0
280	164.0	0.0
290	189.33333333333334	0.0
300	155.0	0.0
310	172.66666666666666	0.0
320	157.0	0.0
330	146.33333333333334	0.0
340	138.33333333333334	0.0
350	146.0	0.0
360	138.33333333333334	0.0
370	130.66666666666666	0.0
380	410.6666666666667	0.0
390	586.6666666666666	0.0
400	672.0	0.0
410	770.3333333333334	0.0
420	906.6666666666666	0.0
430	1159.6666666666667	0.0
440	954.0	0.0
450	760.3333333333334	0.0
460	1129.5	0.0
470	1115.0	0.0
480	1633.6666666666667	0.0
490	1398.0	0.0
500	1508.3333333333333	0.0
510	2210.0	0.0
520	1523.3333333333333	0.0
530	1624.6666666666667	0.0
540	1899.6666666666667	0.0
550	1834.3333333333333	0.0
560	1714.6666666666667	0.0
570	2002.0	0.0
580	2230.3333333333335	0.0
590	2021.6666666666667	0.0
600	2402.0	0.0
610	1746.3333333333333	0.0
620	1863.5	0.0
630	2237.0	0.0
640	2317.0	0.0
650	2205.3333333333335	0.0
660	2456.8333333333335	0.0
670	2430.3333333333335	0.0
680	2369.3333333333335	0.0
690	2312.6666666666665	0.0
700	2445.0	0.0
710	2190.6666666666665	0.0
720	2471.6666666666665	0.0
730	2572.0	0.0
740	2596.6666666666665	0.0
750	2632.0	0.0
760	2424.1666666666665	0.0
770	2424.0	0.0
780	2563.0	0.0
790	2651.3333333333335	0.0
800	2671.1666666666665	0.0
