0	266.0	0.0
10	70.0	0.0
20	70.0	0.0
30	70.0	0.0
40	70.0	0.0
50	70.0	0.0
60	70.0	0.0
70	70.0	0.0
80	70.0	0.0
90	81.0	0.0
100	83.66666666666667	0.0
110	130.66666666666666	0.0
120	463.0	0.0
130	246.33333333333334	0.0
140	171.66666666666666	0.0
150	146.0	0.0
160	105.66666666666667	0.0
170	175.66666666666666	0.0
180	305.3333333333333	0.0
190	162.33333333333334	0.0
200	545.0	0.0
210	389.3333333333333	0.0
220	460.6666666666667	0.0
230	351.6666666666667	0.0
240	334.3333333333333	0.0
250	527.3333333333334	0.0
260	531.0	0.0
270	599.3333333333334	0.0
280	449.3333333333333	0.0
290	751.0	0.0
300	825.3333333333334	0.0
310	739.3333333333334	0.0
320	1448.0	0.0
330	1290.3333333333333	0.0
340	1541.0	0.0
350	1238.6666666666667	0.0
360	2136.0	0.0
370	1679.3333333333333	0.0
380	1686.6666666666667	0.0
390	1938.3333333333333	0.0
400	1961.1666666666667	0.0
410	2264.0	0.0
420	2475.6666666666665	0.0
430	2466.0	0.0
440	2083.5	0.0
450	1896.3333333333333	0.0
460	2400.1666666666665	0.0
470	2291.0	0.0
480	2581.0	0.0
490	1981.8333333333333	0.0
500	1793.0	0.0
510	2426.8333333333335	0.0
520	2615.6666666666665	0.0
530	1744.6666666666667	0.0
540	2364.3333333333335	0.0
550	2476.6666666666665	0.0
560	2537.5	0.0
570	2339.8333333333335	0.0
580	2279.3333333333335	0.0
590	2289.0	0.0
600	2398.6666666666665	0.0
