0	224.0	0.0
10	70.0	0.0
20	70.0	0.0
30	70.0	0.0
40	70.0	0.0
50	70.0	0.0
60	70.0	0.0
70	70.0	0.0
80	70.0	0.0
90	73.33333333333333	0.0
100	92.33333333333333	0.0
110	74.0	0.0
120	335.0	0.0
130	72.0	0.0
140	252.66666666666666	0.0
150	123.0	0.0
160	71.66666666666667	0.0
170	338.0	0.0
180	231.0	0.0
190	392.6666666666667	0.0
200	254.66666666666666	0.0
210	252.0	0.0
220	269.0	0.0
230	335.6666666666667	0.0
240	195.0	0.0
250	286.0	0.0
260	313.3333333333333	0.0
270	371.3333333333333	0.0
280	420.6666666666667	0.0
290	726.0	0.0
300	679.0	0.0
310	611.3333333333334	0.0
320	1150.8333333333333	0.0
330	828.6666666666666	0.0
340	974.6666666666666	0.0
350	1116.6666666666667	0.0
360	1104.0	0.0
370	1812.1666666666667	0.0
380	1767.3333333333333	0.0
390	1013.6666666666666	0.0
400	2089.0	0.0
410	1870.3333333333333	0.0
420	1984.0	0.0
430	2913.8333333333335	0.0
440	2582.3333333333335	0.0
450	2074.3333333333335	0.0
460	2414.8333333333335	0.0
470	2669.5	0.0
480	2410.3333333333335	0.0
490	2191.0	0.0
500	1672.3333333333333	0.0
510	1774.3333333333333	0.0
520	1795.6666666666667	0.0
530	2397.8333333333335	0.0
540	2548.0	0.0
550	1668.1666666666667	0.0
560	1757.6666666666667	0.0
570	1764.0	0.0
580	2496.5	0.0
590	1882.3333333333333	0.0
600	2171.0	0.0
