0	233.0	0.0
10	70.0	0.0
20	70.0	0.0
30	70.0	0.0
40	70.0	0.0
50	70.0	0.0
60	70.0	0.0
70	70.0	0.0
80	70.33333333333333	0.0
90	73.0	0.0
100	102.33333333333333	0.0
110	382.6666666666667	0.0
120	330.3333333333333	0.0
130	303.0	0.0
140	214.0	0.0
150	169.66666666666666	0.0
160	102.33333333333333	0.0
170	318.3333333333333	0.0
180	412.0	0.0
190	89.0	0.0
200	203.66666666666666	0.0
210	187.66666666666666	0.0
220	162.33333333333334	0.0
230	413.6666666666667	0.0
240	373.6666666666667	0.0
250	274.3333333333333	0.0
260	457.6666666666667	0.0
270	329.0	0.0
280	381.3333333333333	0.0
290	282.0	0.0
300	316.0	0.0
310	471.6666666666667	0.0
320	742.3333333333334	0.0
330	802.6666666666666	0.0
340	764.6666666666666	0.0
350	1834.3333333333333	0.0
360	1410.0	0.0
370	2407.8333333333335	0.0
380	2459.3333333333335	0.0
390	2828.8333333333335	0.0
400	2559.0	0.0
410	2350.6666666666665	0.0
420	1865.0	0.0
430	2087.0	0.0
440	2617.1666666666665	0.0
450	1804.3333333333333	0.0
460	1838.6666666666667	0.0
470	1986.3333333333333	0.0
480	1895.5	0.0
490	2518.5	0.0
500	1737.3333333333333	0.0
510	1912.5	0.0
520	2388.0	0.0
530	2347.1666666666665	0.0
540	2057.5	0.0
550	2405.3333333333335	0.0
560	1746.0	0.0
570	2519.3333333333335	0.0
580	1736.1666666666667	0.0
590	2258.0	0.0
600	2455.3333333333335	0.0
