0	254.66666666666666	0.0
10	70.0	0.0
20	70.0	0.0
30	70.0	0.0
40	70.0	0.0
50	70.0	0.0
60	70.0	0.0
70	70.0	0.0
80	70.0	0.0
90	70.66666666666667	0.0
100	75.0	0.0
110	74.33333333333333	0.0
120	264.3333333333333	0.0
130	172.0	0.0
140	470.6666666666667	0.0
150	425.0	0.0
160	148.33333333333334	0.0
170	297.6666666666667	0.0
180	267.0	0.0
190	352.0	0.0
200	317.6666666666667	0.0
210	203.33333333333334	0.0
220	274.0	0.0
230	290.0	0.0
240	247.33333333333334	0.0
250	429.6666666666667	0.0
260	458.3333333333333	0.0
270	397.0	0.0
280	387.6666666666667	0.0
290	598.3333333333334	0.0
300	648.6666666666666	0.0
310	921.0	0.0
320	922.0	0.0
330	1494.8333333333333	0.0
340	1699.3333333333333	0.0
350	1925.0	0.0
360	1636.8333333333333	0.0
370	1786.3333333333333	0.0
380	2006.5	0.0
390	1871.0	0.0
400	1936.6666666666667	0.0
410	2194.0	0.0
420	1148.0	0.0
430	1664.3333333333333	0.0
440	2025.1666666666667	0.0
450	2289.6666666666665	0.0
460	1792.8333333333333	0.0
470	2235.1666666666665	0.0
480	1846.1666666666667	0.0
490	1811.0	0.0
500	1694.6666666666667	0.0
510	1929.3333333333333	0.0
520	1440.0	0.0
530	1375.0	0.0
540	1640.3333333333333	0.0
550	2056.3333333333335	0.0
560	2295.0	0.0
570	2542.1666666666665	0.0
580	2416.6666666666665	0.0
590	2375.5	0.0
600	2248.5	0.0
