0	274.0	0.0
10	70.0	0.0
20	70.0	0.0
30	70.0	0.0
40	70.0	0.0
50	70.0	0.0
60	70.0	0.0
70	70.0	0.0
80	70.33333333333333	0.0
90	80.66666666666667	0.0
100	79.0	0.0
110	116.66666666666667	0.0
120	151.0	0.0
130	73.66666666666667	0.0
140	388.6666666666667	0.0
150	278.3333333333333	0.0
160	470.3333333333333	0.0
170	389.0	0.0
180	250.66666666666666	0.0
190	314.0	0.0
200	172.33333333333334	0.0
210	237.66666666666666	0.0
220	341.6666666666667	0.0
230	440.6666666666667	0.0
240	326.3333333333333	0.0
250	259.3333333333333	0.0
260	546.0	0.0
270	582.0	0.0
280	481.6666666666667	0.0
290	477.6666666666667	0.0
300	551.6666666666666	0.0
310	661.0	0.0
320	1002.6666666666666	0.0
330	1379.0	0.0
340	1927.0	0.0
350	2231.5	0.0
360	2119.3333333333335	0.0
370	2582.5	0.0
380	2403.6666666666665	0.0
390	2495.0	0.0
400	2350.6666666666665	0.0
410	2473.0	0.0
420	2483.5	0.0
430	2002.1666666666667	0.0
440	1878.3333333333333	0.0
450	2331.0	0.0
460	1885.3333333333333	0.0
470	2094.1666666666665	0.0
480	1787.0	0.0
490	2256.0	0.0
500	2378.3333333333335	0.0
510	2372.1666666666665	0.0
520	2568.3333333333335	0.0
530	2421.3333333333335	0.0
540	2390.6666666666665	0.0
550	1818.5	0.0
560	1691.3333333333333	0.0
570	2065.0	0.0
580	2542.6666666666665	0.0
590	2250.3333333333335	0.0
600	2463.6666666666665	0.0
610	2506.8333333333335	0.0
620	2181.1666666666665	0.0
630	1858.1666666666667	0.0
640	2338.6666666666665	0.0
650	2305.5	0.0
660	1633.0	0.0
670	2450.3333333333335	0.0
680	1922.0	0.0
690	2263.0	0.0
700	2147.6666666666665	0.0
710	2285.6666666666665	0.0
720	2244.0	0.0
730	2337.3333333333335	0.0
740	2642.0	0.0
750	1523.3333333333333	0.0
760	2230.5	0.0
770	1877.0	0.0
780	2130.0	0.0
790	2301.0	0.0
800	2550.5	0.0
810	2483.1666666666665	0.0
820	2471.5	0.0
830	2645.0	0.0
840	2566.3333333333335	0.0
850	2413.6666666666665	0.0
860	2615.6666666666665	0.0
870	2506.1666666666665	0.0
880	2364.3333333333335	0.0
890	2015.6666666666667	0.0
900	2686.5	0.0
910	2644.6666666666665	0.0
920	2188.3333333333335	0.0
930	1961.6666666666667	0.0
940	1802.3333333333333	0.0
950	1524.3333333333333	0.0
960	1509.6666666666667	0.0
970	1992.8333333333333	0.0
980	2487.6666666666665	0.0
990	2368.0	0.0
1000	2553.3333333333335	0.0
