0	218.66666666666666	0.0
10	70.0	0.0
20	70.0	0.0
30	70.0	0.0
40	70.0	0.0
50	70.0	0.0
60	70.0	0.0
70	71.0	0.0
80	70.0	0.0
90	74.66666666666667	0.0
100	77.0	0.0
110	152.33333333333334	0.0
120	154.66666666666666	0.0
130	368.3333333333333	0.0
140	250.66666666666666	0.0
150	177.33333333333334	0.0
160	279.6666666666667	0.0
170	123.0	0.0
180	353.6666666666667	0.0
190	298.6666666666667	0.0
200	208.33333333333334	0.0
210	124.66666666666667	0.0
220	362.3333333333333	0.0
230	212.66666666666666	0.0
240	283.6666666666667	0.0
250	347.6666666666667	0.0
260	458.0	0.0
270	278.6666666666667	0.0
280	307.3333333333333	0.0
290	365.0	0.0
300	729.0	0.0
310	625.6666666666666	0.0
320	563.6666666666666	0.0
330	573.3333333333334	0.0
340	684.0	0.0
350	620.5	0.0
360	735.6666666666666	0.0
370	1103.8333333333333	0.0
380	790.3333333333334	0.0
390	966.3333333333334	0.0
400	893.0	0.0
410	1241.3333333333333	0.0
420	1121.6666666666667	0.0
430	1529.3333333333333	0.0
440	1129.3333333333333	0.0
450	1954.3333333333333	0.0
460	1328.6666666666667	0.0
470	2404.3333333333335	0.0
480	2004.6666666666667	0.0
490	1843.6666666666667	0.0
500	2307.8333333333335	0.0
510	2221.5	0.0
520	1646.6666666666667	0.0
530	2001.6666666666667	0.0
540	1555.0	0.0
550	2132.5	0.0
560	1859.6666666666667	0.0
570	2352.3333333333335	0.0
580	1913.5	0.0
590	1842.8333333333333	0.0
600	2008.0	0.0
610	2430.0	0.0
620	1809.8333333333333	0.0
630	1890.3333333333333	0.0
640	1693.6666666666667	0.0
650	2175.3333333333335	0.0
660	2426.6666666666665	0.0
670	1834.5	0.0
680	1653.3333333333333	0.0
690	1579.3333333333333	0.0
700	1887.1666666666667	0.0
710	1815.1666666666667	0.0
720	1894.6666666666667	0.0
730	1866.8333333333333	0.0
740	2198.8333333333335	0.0
750	2197.8333333333335	0.0
760	1713.6666666666667	0.0
770	2033.0	0.0
780	2275.0	0.0
790	2693.8333333333335	0.0
800	2542.8333333333335	0.0
810	2456.1666666666665	0.0
820	2179.3333333333335	0.0
830	2345.3333333333335	0.0
840	2089.5	0.0
850	2558.8333333333335	0.0
860	2399.0	0.0
870	2282.6666666666665	0.0
880	2289.1666666666665	0.0
890	1963.0	0.0
900	1660.8333333333333	0.0
910	1921.3333333333333	0.0
920	2034.3333333333333	0.0
930	1594.6666666666667	0.0
940	2001.5	0.0
950	1970.5	0.0
960	1915.0	0.0
970	1661.6666666666667	0.0
980	2555.3333333333335	0.0
990	1687.6666666666667	0.0
1000	2288.6666666666665	0.0
