0	266.0	0.0
10	70.0	0.0
20	70.0	0.0
30	70.0	0.0
40	70.0	0.0
50	70.0	0.0
60	70.0	0.0
70	70.0	0.0
80	71.33333333333333	0.0
90	70.66666666666667	0.0
100	104.0	0.0
110	104.66666666666667	0.0
120	500.3333333333333	0.0
130	136.66666666666666	0.0
140	99.0	0.0
150	219.33333333333334	0.0
160	239.0	0.0
170	94.33333333333333	0.0
180	320.6666666666667	0.0
190	524.3333333333334	0.0
200	242.33333333333334	0.0
210	342.6666666666667	0.0
220	594.6666666666666	0.0
230	385.0	0.0
240	372.6666666666667	0.0
250	310.6666666666667	0.0
260	621.0	0.0
270	1154.6666666666667	0.0
280	2430.5	0.0
290	2172.1666666666665	0.0
300	1597.0	0.0
310	1798.6666666666667	0.0
320	2349.1666666666665	0.0
330	1954.6666666666667	0.0
340	2806.8333333333335	0.0
350	2439.0	0.0
360	2302.5	0.0
370	2503.1666666666665	0.0
380	2486.6666666666665	0.0
390	2448.3333333333335	0.0
400	2430.5	0.0
410	2339.5	0.0
420	2314.3333333333335	0.0
430	2108.5	0.0
440	2547.0	0.0
450	2198.8333333333335	0.0
460	2382.5	0.0
470	2366.0	0.0
480	2363.6666666666665	0.0
490	2412.3333333333335	0.0
500	2552.6666666666665	0.0
510	2449.0	0.0
520	2365.3333333333335	0.0
530	2586.6666666666665	0.0
540	1824.6666666666667	0.0
550	1972.3333333333333	0.0
560	2130.0	0.0
570	1805.6666666666667	0.0
580	1983.0	0.0
590	1859.6666666666667	0.0
600	2181.3333333333335	0.0
610	2249.1666666666665	0.0
620	2131.3333333333335	0.0
630	1297.6666666666667	0.0
640	1270.6666666666667	0.0
650	1312.8333333333333	0.0
660	1637.1666666666667	0.0
670	1676.6666666666667	0.0
680	1469.3333333333333	0.0
690	1756.3333333333333	0.0
700	1731.6666666666667	0.0
710	2077.6666666666665	0.0
720	1856.6666666666667	0.0
730	1980.1666666666667	0.0
740	1874.8333333333333	0.0
750	1644.0	0.0
760	1572.0	0.0
770	1959.1666666666667	0.0
780	1888.3333333333333	0.0
790	1777.6666666666667	0.0
800	1758.5	0.0
810	2397.5	0.0
820	2125.6666666666665	0.0
830	2301.6666666666665	0.0
840	2418.8333333333335	0.0
850	2167.1666666666665	0.0
860	2405.5	0.0
870	2115.0	0.0
880	2356.0	0.0
890	2132.8333333333335	0.0
900	2476.8333333333335	0.0
910	2364.6666666666665	0.0
920	2305.3333333333335	0.0
930	2348.6666666666665	0.0
940	2519.8333333333335	0.0
950	2395.5	0.0
960	2328.0	0.0
970	2432.3333333333335	0.0
980	2319.0	0.0
990	2446.6666666666665	0.0
1000	2461.6666666666665	0.0
