0	268.0	0.0
10	70.0	0.0
20	70.0	0.0
30	70.0	0.0
40	70.0	0.0
50	70.0	0.0
60	70.0	0.0
70	70.0	0.0
80	70.66666666666667	0.0
90	72.66666666666667	0.0
100	198.33333333333334	2.0
110	346.3333333333333	0.0
120	196.66666666666666	0.0
130	223.66666666666666	0.0
140	371.3333333333333	0.0
150	452.3333333333333	0.0
160	336.6666666666667	0.0
170	156.66666666666666	0.0
180	306.6666666666667	0.0
190	271.3333333333333	0.0
200	178.33333333333334	0.0
210	345.0	0.0
220	294.6666666666667	0.0
230	333.6666666666667	0.0
240	465.6666666666667	0.0
250	332.0	0.0
260	336.3333333333333	0.0
270	350.3333333333333	0.0
280	302.3333333333333	0.0
290	279.0	0.0
300	342.3333333333333	0.0
310	365.0	0.0
320	460.6666666666667	0.0
330	649.8333333333334	0.0
340	636.0	0.0
350	572.3333333333334	0.0
360	917.0	2.0
370	824.3333333333334	0.0
380	1072.1666666666667	1.0
390	1809.8333333333333	0.0
400	1559.3333333333333	4.0
410	1596.5	3.0
420	2055.0	2.0
430	2430.6666666666665	1.0
440	1956.6666666666667	1.0
450	1969.3333333333333	3.0
460	2281.0	10.0
470	2377.0	6.0
480	2581.0	6.0
490	1955.3333333333333	1.0
500	1972.6666666666667	3.0
510	2471.5	2.0
520	2128.0	1.0
530	2464.1666666666665	8.0
540	1985.8333333333333	3.0
550	2190.6666666666665	4.0
560	2022.5	4.0
570	1955.0	9.0
580	1889.5	8.0
590	2232.1666666666665	2.0
600	1860.6666666666667	3.0
