0	274.6666666666667	0.0
10	70.0	0.0
20	70.0	0.0
30	70.0	0.0
40	70.0	0.0
50	70.0	0.0
60	70.0	0.0
70	70.0	0.0
80	70.33333333333333	0.0
90	71.0	0.0
100	88.33333333333333	0.0
110	208.0	0.0
120	126.33333333333333	1.0
130	185.66666666666666	0.0
140	82.0	0.0
150	163.33333333333334	0.0
160	367.3333333333333	0.0
170	508.0	0.0
180	419.6666666666667	0.0
190	237.33333333333334	1.0
200	224.0	1.0
210	297.0	0.0
220	564.6666666666666	0.0
230	755.0	0.0
240	1448.3333333333333	5.0
250	1664.3333333333333	2.0
260	1424.0	4.0
270	1795.6666666666667	2.0
280	2475.1666666666665	0.0
290	2222.0	13.0
300	2240.0	3.0
310	2200.6666666666665	7.0
320	2368.6666666666665	1.0
330	2280.3333333333335	3.0
340	2411.1666666666665	6.0
350	2366.5	3.0
360	2409.3333333333335	2.0
370	2197.6666666666665	5.0
380	2401.3333333333335	6.0
390	2457.0	4.0
400	2275.6666666666665	1.0
410	2731.0	1.0
420	2272.3333333333335	5.0
430	2557.3333333333335	2.0
440	1027.3333333333333	3.0
450	2035.1666666666667	1.0
460	1530.6666666666667	0.0
470	1623.8333333333333	3.0
480	1996.0	5.0
490	1791.5	4.0
500	2440.1666666666665	7.0
510	2384.5	3.0
520	1842.3333333333333	1.0
530	2172.6666666666665	7.0
540	2441.1666666666665	2.0
550	1832.0	1.0
560	2424.8333333333335	0.0
570	2238.6666666666665	4.0
580	2002.0	7.0
590	2429.0	5.0
600	2222.6666666666665	4.0
