0	287.6666666666667	0.0
10	100.0	786.0
20	142.0	214.0
30	583.0	0.0
40	170.0	0.0
50	119.33333333333333	0.0
60	1301.0	0.0
70	2013.6666666666667	0.0
80	2193.0	0.0
90	2080.8333333333335	0.0
100	1940.0	0.0
110	2321.0	0.0
120	2346.0	0.0
130	2166.0	0.0
140	2316.0	0.0
150	2438.6666666666665	0.0
160	2186.0	0.0
170	2155.3333333333335	0.0
180	2425.5	0.0
190	2449.1666666666665	0.0
200	2379.6666666666665	0.0
210	1937.5	0.0
220	2205.0	0.0
230	2184.5	0.0
240	1771.6666666666667	0.0
250	2446.6666666666665	0.0
260	2313.5	0.0
270	2344.0	0.0
280	2176.5	0.0
290	2342.1666666666665	0.0
300	2404.6666666666665	0.0
310	2324.6666666666665	0.0
320	1933.6666666666667	0.0
330	1789.8333333333333	0.0
340	2050.5	0.0
350	1790.0	0.0
360	2459.3333333333335	0.0
370	1813.3333333333333	0.0
380	1523.6666666666667	0.0
390	2088.6666666666665	0.0
400	2202.3333333333335	0.0
410	1816.3333333333333	0.0
420	2209.0	0.0
430	2106.6666666666665	0.0
440	1599.3333333333333	0.0
450	2173.5	0.0
460	1732.0	0.0
470	2267.6666666666665	0.0
480	2257.3333333333335	0.0
490	2403.8333333333335	0.0
500	2528.3333333333335	0.0
510	2584.6666666666665	0.0
520	2410.3333333333335	0.0
530	2290.3333333333335	0.0
540	2435.0	0.0
550	2360.3333333333335	0.0
560	2425.8333333333335	0.0
570	2298.3333333333335	0.0
580	2082.6666666666665	0.0
590	1751.3333333333333	0.0
600	2206.3333333333335	0.0
610	1726.3333333333333	0.0
620	1827.6666666666667	0.0
630	1857.3333333333333	0.0
640	1742.0	0.0
650	2137.6666666666665	0.0
660	2324.5	0.0
670	2213.5	0.0
680	2187.3333333333335	0.0
690	2586.1666666666665	0.0
700	2299.0	0.0
710	2148.8333333333335	0.0
720	1861.3333333333333	0.0
730	1693.3333333333333	0.0
740	1800.0	0.0
750	2054.5	0.0
760	2776.8333333333335	0.0
770	2544.6666666666665	0.0
780	2664.5	0.0
790	2094.8333333333335	0.0
800	2559.5	0.0
810	2746.6666666666665	0.0
820	2661.0	0.0
830	2497.6666666666665	0.0
840	2333.3333333333335	0.0
850	2442.3333333333335	0.0
860	2202.3333333333335	0.0
870	2590.3333333333335	0.0
880	2507.8333333333335	0.0
890	2539.6666666666665	0.0
900	1715.3333333333333	0.0
910	2144.6666666666665	0.0
920	1927.8333333333333	0.0
930	1973.3333333333333	0.0
940	2167.1666666666665	0.0
950	2428.5	0.0
960	2422.3333333333335	0.0
970	2168.6666666666665	0.0
980	2104.3333333333335	0.0
990	1956.0	0.0
1000	1884.6666666666667	0.0
