0	231.33333333333334	0.0
10	82.33333333333333	1000.0
20	70.0	0.0
30	70.0	0.0
40	160.33333333333334	0.0
50	1388.6666666666667	0.0
60	1477.6666666666667	0.0
70	1352.3333333333333	0.0
80	1908.6666666666667	0.0
90	2349.6666666666665	0.0
100	1934.3333333333333	0.0
110	1790.5	0.0
120	2163.6666666666665	0.0
130	2210.1666666666665	0.0
140	2145.3333333333335	0.0
150	2343.8333333333335	0.0
160	2174.0	0.0
170	2406.3333333333335	0.0
180	2389.6666666666665	0.0
190	2224.5	0.0
200	1739.0	0.0
210	2242.8333333333335	0.0
220	2385.0	0.0
230	2364.3333333333335	0.0
240	2419.0	0.0
250	1984.1666666666667	0.0
260	2499.0	0.0
270	2373.3333333333335	0.0
280	2178.1666666666665	0.0
290	1895.8333333333333	0.0
300	2055.6666666666665	0.0
310	2168.3333333333335	0.0
320	1671.1666666666667	0.0
330	1940.1666666666667	0.0
340	1750.3333333333333	0.0
350	2048.3333333333335	0.0
360	2200.6666666666665	0.0
370	1957.3333333333333	0.0
380	1706.6666666666667	0.0
390	2443.1666666666665	0.0
400	2051.8333333333335	0.0
410	1798.0	0.0
420	2547.3333333333335	0.0
430	1886.3333333333333	0.0
440	2069.0	0.0
450	1737.6666666666667	0.0
460	2231.6666666666665	0.0
470	2097.1666666666665	0.0
480	1507.6666666666667	0.0
490	2197.8333333333335	0.0
500	1868.3333333333333	0.0
510	1655.6666666666667	0.0
520	1887.3333333333333	0.0
530	2454.5	0.0
540	2630.0	0.0
550	2410.3333333333335	0.0
560	2538.6666666666665	0.0
570	2365.0	0.0
580	2329.0	0.0
590	1730.3333333333333	0.0
600	1755.6666666666667	0.0
610	1723.1666666666667	0.0
620	2273.6666666666665	0.0
630	2025.6666666666667	0.0
640	2188.6666666666665	0.0
650	2170.3333333333335	0.0
660	2374.1666666666665	0.0
670	2320.3333333333335	0.0
680	2342.5	0.0
690	2511.1666666666665	0.0
700	1965.3333333333333	0.0
710	1710.3333333333333	0.0
720	2195.6666666666665	0.0
730	2545.1666666666665	0.0
740	2354.3333333333335	0.0
750	2520.6666666666665	0.0
760	2619.8333333333335	0.0
770	2342.3333333333335	0.0
780	2595.8333333333335	0.0
790	2386.6666666666665	0.0
800	2497.6666666666665	0.0
810	2628.1666666666665	0.0
820	2492.1666666666665	0.0
830	2400.0	0.0
840	2554.0	0.0
850	2405.6666666666665	0.0
860	2644.3333333333335	0.0
870	2511.8333333333335	0.0
880	2612.0	0.0
890	2535.0	0.0
900	2528.3333333333335	0.0
910	1829.0	0.0
920	1783.3333333333333	0.0
930	1701.0	0.0
940	2340.5	0.0
950	2227.1666666666665	0.0
960	1993.3333333333333	0.0
970	1521.3333333333333	0.0
980	2053.3333333333335	0.0
990	1926.1666666666667	0.0
1000	2271.8333333333335	0.0
