0	286.6666666666667	0.0
10	94.66666666666667	1000.0
20	72.0	0.0
30	71.0	0.0
40	1298.0	0.0
50	2047.0	0.0
60	2035.3333333333333	0.0
70	1957.3333333333333	0.0
80	1582.3333333333333	0.0
90	2249.0	0.0
100	2190.6666666666665	0.0
110	2289.1666666666665	0.0
120	2153.0	0.0
130	2104.0	0.0
140	2434.3333333333335	0.0
150	2260.8333333333335	0.0
160	2271.6666666666665	0.0
170	2531.6666666666665	0.0
180	2362.6666666666665	0.0
190	2367.6666666666665	0.0
200	2360.1666666666665	0.0
210	2319.1666666666665	0.0
220	2254.3333333333335	0.0
230	2380.3333333333335	0.0
240	2493.8333333333335	0.0
250	2242.3333333333335	0.0
260	2406.6666666666665	0.0
270	2456.6666666666665	0.0
280	1793.0	0.0
290	2078.6666666666665	0.0
300	2207.3333333333335	0.0
310	2225.0	0.0
320	2108.5	0.0
330	1585.5	0.0
340	2199.6666666666665	0.0
350	2649.6666666666665	0.0
360	1778.8333333333333	0.0
370	1944.8333333333333	0.0
380	1562.8333333333333	0.0
390	2101.5	0.0
400	2186.1666666666665	0.0
410	1990.6666666666667	0.0
420	1828.5	0.0
430	2109.6666666666665	0.0
440	2238.0	0.0
450	1828.8333333333333	0.0
460	1903.3333333333333	0.0
470	1821.1666666666667	0.0
480	1901.3333333333333	0.0
490	1994.3333333333333	0.0
500	1660.8333333333333	0.0
510	2625.1666666666665	0.0
520	2559.3333333333335	0.0
530	1817.1666666666667	0.0
540	1864.6666666666667	0.0
550	1886.3333333333333	0.0
560	2524.5	0.0
570	2364.6666666666665	0.0
580	2513.3333333333335	0.0
590	2470.6666666666665	0.0
600	2458.8333333333335	0.0
610	2529.1666666666665	0.0
620	2584.1666666666665	0.0
630	1677.0	0.0
640	1687.3333333333333	0.0
650	1893.5	0.0
660	1552.5	0.0
670	2130.3333333333335	0.0
680	2346.1666666666665	0.0
690	1994.8333333333333	0.0
700	2089.3333333333335	0.0
710	2690.8333333333335	0.0
720	1879.0	0.0
730	2005.6666666666667	0.0
740	2582.0	0.0
750	2245.5	0.0
760	1954.0	0.0
770	2111.3333333333335	0.0
780	1948.0	0.0
790	2251.6666666666665	0.0
800	2164.6666666666665	0.0
810	2031.3333333333333	0.0
820	1706.3333333333333	0.0
830	1936.5	0.0
840	2309.3333333333335	0.0
850	2291.3333333333335	0.0
860	2452.3333333333335	0.0
870	2390.0	0.0
880	2363.3333333333335	0.0
890	2602.6666666666665	0.0
900	2376.6666666666665	0.0
910	2363.6666666666665	0.0
920	2604.5	0.0
930	2675.6666666666665	0.0
940	2297.3333333333335	0.0
950	2507.0	0.0
960	2438.0	0.0
970	2437.0	0.0
980	2085.6666666666665	0.0
990	2545.3333333333335	0.0
1000	2383.5	0.0
