0	257.0	0.0
10	138.0	1000.0
20	70.0	0.0
30	70.33333333333333	0.0
40	83.0	0.0
50	1590.0	0.0
60	479.6666666666667	0.0
70	1973.1666666666667	0.0
80	2337.0	0.0
90	1909.6666666666667	0.0
100	2233.5	0.0
110	2103.6666666666665	0.0
120	2244.5	0.0
130	2252.5	0.0
140	2459.0	0.0
150	2218.0	0.0
160	2352.8333333333335	0.0
170	2257.6666666666665	0.0
180	2438.5	0.0
190	2167.6666666666665	0.0
200	2227.1666666666665	0.0
210	2281.3333333333335	0.0
220	2236.3333333333335	0.0
230	2282.1666666666665	0.0
240	2427.1666666666665	0.0
250	2224.0	0.0
260	2634.1666666666665	0.0
270	2498.5	0.0
280	2322.0	0.0
290	1656.6666666666667	0.0
300	1694.0	0.0
310	1876.1666666666667	0.0
320	1518.3333333333333	0.0
330	1601.3333333333333	0.0
340	1472.3333333333333	0.0
350	1617.3333333333333	0.0
360	1895.8333333333333	0.0
370	1920.8333333333333	0.0
380	2118.3333333333335	0.0
390	2140.5	0.0
400	2253.1666666666665	0.0
410	1963.8333333333333	0.0
420	1655.6666666666667	0.0
430	2050.1666666666665	0.0
440	1977.8333333333333	0.0
450	2227.6666666666665	0.0
460	2322.3333333333335	0.0
470	2077.6666666666665	0.0
480	2085.3333333333335	0.0
490	2312.1666666666665	0.0
500	2065.0	0.0
510	1764.6666666666667	0.0
520	1547.6666666666667	0.0
530	1946.3333333333333	0.0
540	2382.1666666666665	0.0
550	2365.0	0.0
560	2404.5	0.0
570	2085.3333333333335	0.0
580	2180.8333333333335	0.0
590	2615.8333333333335	0.0
600	2356.1666666666665	0.0
610	2542.8333333333335	0.0
620	1803.3333333333333	0.0
630	2259.6666666666665	0.0
640	1631.3333333333333	0.0
650	2217.3333333333335	0.0
660	1836.0	0.0
670	2266.3333333333335	0.0
680	2420.6666666666665	0.0
690	1904.0	0.0
700	2695.0	0.0
710	2443.0	0.0
720	2577.6666666666665	0.0
730	2162.6666666666665	0.0
740	1895.0	0.0
750	1998.6666666666667	0.0
760	1790.3333333333333	0.0
770	2612.0	0.0
780	2223.8333333333335	0.0
790	1958.8333333333333	0.0
800	2177.6666666666665	0.0
810	2727.6666666666665	0.0
820	2527.0	0.0
830	2657.6666666666665	0.0
840	2588.0	0.0
850	2386.0	0.0
860	2454.5	0.0
870	2620.5	0.0
880	2129.3333333333335	0.0
890	2369.8333333333335	0.0
900	2393.6666666666665	0.0
910	2393.3333333333335	0.0
920	2431.3333333333335	0.0
930	2572.3333333333335	0.0
940	2686.5	0.0
950	2142.6666666666665	0.0
960	2572.0	0.0
970	2418.1666666666665	0.0
980	2527.3333333333335	0.0
990	2555.3333333333335	0.0
1000	2707.5	0.0
