0	275.3333333333333	0.0
10	70.0	74.0
20	70.0	109.0
30	70.0	24.0
40	70.0	111.0
50	70.0	26.0
60	70.0	128.0
70	70.0	138.0
80	70.0	50.0
90	70.0	238.0
100	70.0	85.0
110	70.0	17.0
120	70.0	0.0
130	70.0	0.0
140	70.0	0.0
150	70.0	0.0
160	70.0	0.0
170	70.0	0.0
180	71.33333333333333	0.0
190	70.66666666666667	0.0
200	75.0	0.0
210	71.33333333333333	0.0
220	71.66666666666667	0.0
230	110.0	0.0
240	87.0	0.0
250	165.66666666666666	0.0
260	426.3333333333333	0.0
270	487.0	0.0
280	307.3333333333333	0.0
290	193.66666666666666	0.0
300	154.66666666666666	0.0
310	214.0	0.0
320	188.66666666666666	0.0
330	308.6666666666667	0.0
340	178.66666666666666	0.0
350	130.0	0.0
360	178.33333333333334	0.0
370	153.0	0.0
380	448.6666666666667	0.0
390	1040.6666666666667	0.0
400	722.0	0.0
410	782.6666666666666	0.0
420	673.0	0.0
430	1186.3333333333333	0.0
440	1258.3333333333333	0.0
450	1452.5	0.0
460	1667.3333333333333	0.0
470	2002.3333333333333	0.0
480	2039.8333333333333	0.0
490	1633.0	0.0
500	2413.8333333333335	0.0
510	1610.3333333333333	0.0
520	2034.3333333333333	0.0
530	2248.8333333333335	0.0
540	2506.6666666666665	0.0
550	2411.6666666666665	0.0
560	1958.0	0.0
570	2350.0	0.0
580	2233.3333333333335	0.0
590	2329.5	0.0
600	2271.6666666666665	0.0
610	2323.3333333333335	0.0
620	2187.8333333333335	0.0
630	2191.1666666666665	0.0
640	2423.6666666666665	0.0
650	2367.0	0.0
660	2622.0	0.0
670	2542.1666666666665	0.0
680	2562.3333333333335	0.0
690	2550.6666666666665	0.0
700	2517.0	0.0
710	2624.0	0.0
720	2640.8333333333335	0.0
730	2744.6666666666665	0.0
740	2580.8333333333335	0.0
750	2323.5	0.0
760	2491.3333333333335	0.0
770	2384.5	0.0
780	2493.0	0.0
790	2552.0	0.0
800	2131.3333333333335	0.0
810	2383.3333333333335	0.0
820	2548.5	0.0
830	2369.0	0.0
840	2632.0	0.0
850	2476.5	0.0
860	2507.8333333333335	0.0
870	2419.1666666666665	0.0
880	2311.1666666666665	0.0
890	2442.3333333333335	0.0
900	2590.6666666666665	0.0
910	2478.3333333333335	0.0
920	2459.6666666666665	0.0
930	2465.1666666666665	0.0
940	2614.8333333333335	0.0
950	2592.6666666666665	0.0
960	2484.0	0.0
970	2459.6666666666665	0.0
980	2782.3333333333335	0.0
990	1939.1666666666667	0.0
1000	2068.3333333333335	0.0
