0	243.33333333333334	0.0
10	70.0	1000.0
20	70.0	0.0
30	70.0	0.0
40	70.0	0.0
50	70.0	0.0
60	70.0	0.0
70	70.0	0.0
80	70.0	0.0
90	70.0	0.0
100	70.0	0.0
110	70.0	0.0
120	70.0	0.0
130	70.0	0.0
140	70.0	0.0
150	70.0	0.0
160	70.0	0.0
170	70.0	0.0
180	71.0	0.0
190	70.33333333333333	0.0
200	71.66666666666667	0.0
210	72.0	0.0
220	109.33333333333333	0.0
230	443.3333333333333	0.0
240	189.33333333333334	0.0
250	329.3333333333333	0.0
260	246.33333333333334	0.0
270	250.33333333333334	0.0
280	177.66666666666666	0.0
290	178.66666666666666	0.0
300	153.66666666666666	0.0
310	221.0	0.0
320	291.0	0.0
330	161.33333333333334	0.0
340	190.0	0.0
350	190.0	0.0
360	220.33333333333334	0.0
370	220.33333333333334	0.0
380	155.33333333333334	0.0
390	745.6666666666666	0.0
400	709.0	0.0
410	1220.6666666666667	0.0
420	1306.0	0.0
430	1493.6666666666667	0.0
440	1460.6666666666667	0.0
450	1917.0	0.0
460	1661.0	0.0
470	1840.3333333333333	0.0
480	1563.3333333333333	0.0
490	1685.0	0.0
500	1697.3333333333333	0.0
510	1905.0	0.0
520	2226.3333333333335	0.0
530	2297.8333333333335	0.0
540	1963.8333333333333	0.0
550	1898.0	0.0
560	2398.6666666666665	0.0
570	2142.5	0.0
580	2369.3333333333335	0.0
590	2405.3333333333335	0.0
600	2438.6666666666665	0.0
610	2273.8333333333335	0.0
620	2193.5	0.0
630	2336.1666666666665	0.0
640	2266.5	0.0
650	2612.5	0.0
660	2476.8333333333335	0.0
670	2395.1666666666665	0.0
680	2873.5	0.0
690	2625.1666666666665	0.0
700	2759.0	0.0
710	2673.0	0.0
720	2802.8333333333335	0.0
730	2675.3333333333335	0.0
740	2556.6666666666665	0.0
750	2583.0	0.0
760	2647.0	0.0
770	2548.0	0.0
780	2504.6666666666665	0.0
790	2695.5	0.0
800	2698.1666666666665	0.0
810	2943.8333333333335	0.0
820	2790.3333333333335	0.0
830	2501.8333333333335	0.0
840	2451.1666666666665	0.0
850	2726.8333333333335	0.0
860	2466.5	0.0
870	2557.3333333333335	0.0
880	2547.3333333333335	0.0
890	2662.6666666666665	0.0
900	2813.0	0.0
910	2580.0	0.0
920	2558.6666666666665	0.0
930	2540.1666666666665	0.0
940	2368.5	0.0
950	2470.3333333333335	0.0
960	2701.6666666666665	0.0
970	2533.3333333333335	0.0
980	2608.0	0.0
990	2564.1666666666665	0.0
1000	2583.3333333333335	0.0
