0	247.33333333333334	0.0
10	70.0	1000.0
20	70.0	0.0
30	70.0	0.0
40	70.0	0.0
50	70.0	0.0
60	70.0	0.0
70	70.0	0.0
80	70.0	0.0
90	70.0	0.0
100	70.0	0.0
110	70.0	0.0
120	70.0	0.0
130	70.0	0.0
140	70.0	0.0
150	70.0	0.0
160	70.0	0.0
170	70.0	0.0
180	71.33333333333333	0.0
190	74.33333333333333	0.0
200	72.66666666666667	0.0
210	71.33333333333333	0.0
220	144.33333333333334	0.0
230	182.33333333333334	0.0
240	273.6666666666667	0.0
250	390.3333333333333	0.0
260	153.0	0.0
270	145.66666666666666	0.0
280	172.66666666666666	0.0
290	155.33333333333334	0.0
300	147.0	0.0
310	139.0	0.0
320	130.0	0.0
330	162.0	0.0
340	130.0	0.0
350	344.6666666666667	0.0
360	279.3333333333333	0.0
370	801.3333333333334	0.0
380	719.0	0.0
390	664.3333333333334	0.0
400	976.6666666666666	0.0
410	887.3333333333334	0.0
420	1419.0	0.0
430	1239.3333333333333	0.0
440	1736.0	0.0
450	1456.1666666666667	0.0
460	1545.0	0.0
470	2106.5	0.0
480	2071.6666666666665	0.0
490	1963.0	0.0
500	1654.6666666666667	0.0
510	1986.0	0.0
520	1623.5	0.0
530	2060.6666666666665	0.0
540	2226.5	0.0
550	2370.3333333333335	0.0
560	2403.8333333333335	0.0
570	2276.3333333333335	0.0
580	2077.6666666666665	0.0
590	1996.6666666666667	0.0
600	2198.6666666666665	0.0
610	2205.3333333333335	0.0
620	2111.1666666666665	0.0
630	2304.1666666666665	0.0
640	2412.6666666666665	0.0
650	2310.6666666666665	0.0
660	2326.0	0.0
670	2414.8333333333335	0.0
680	2350.3333333333335	0.0
690	2383.5	0.0
700	2595.8333333333335	0.0
710	2712.1666666666665	0.0
720	2770.1666666666665	0.0
730	2530.6666666666665	0.0
740	2833.6666666666665	0.0
750	2533.6666666666665	0.0
760	2405.1666666666665	0.0
770	2646.8333333333335	0.0
780	2336.6666666666665	0.0
790	2274.0	0.0
800	2675.3333333333335	0.0
810	2451.8333333333335	0.0
820	2435.6666666666665	0.0
830	2398.8333333333335	0.0
840	2529.0	0.0
850	2361.6666666666665	0.0
860	2466.0	0.0
870	2479.5	0.0
880	2473.0	0.0
890	2396.6666666666665	0.0
900	2554.8333333333335	0.0
910	2505.6666666666665	0.0
920	2838.0	0.0
930	2266.0	0.0
940	2615.0	0.0
950	2515.0	0.0
960	2509.3333333333335	0.0
970	2323.3333333333335	0.0
980	2465.0	0.0
990	2324.0	0.0
1000	2496.8333333333335	0.0
