0	249.33333333333334	0.0
10	70.0	1000.0
20	70.0	0.0
30	70.0	0.0
40	70.0	0.0
50	70.0	0.0
60	70.0	0.0
70	70.0	0.0
80	70.0	0.0
90	70.0	0.0
100	70.0	0.0
110	70.0	0.0
120	70.0	0.0
130	70.0	0.0
140	70.0	0.0
150	70.0	0.0
160	70.0	0.0
170	70.0	0.0
180	70.33333333333333	0.0
190	70.66666666666667	0.0
200	70.66666666666667	0.0
210	73.33333333333333	0.0
220	70.66666666666667	0.0
230	166.33333333333334	0.0
240	174.33333333333334	0.0
250	335.0	0.0
260	285.3333333333333	0.0
270	159.0	0.0
280	179.0	0.0
290	163.66666666666666	0.0
300	154.66666666666666	0.0
310	138.0	0.0
320	130.0	0.0
330	146.0	0.0
340	199.66666666666666	0.0
350	182.33333333333334	0.0
360	596.0	0.0
370	699.6666666666666	0.0
380	637.6666666666666	0.0
390	1070.6666666666667	0.0
400	1239.6666666666667	0.0
410	1458.0	0.0
420	967.0	0.0
430	1085.6666666666667	0.0
440	1748.8333333333333	0.0
450	1589.0	0.0
460	2025.6666666666667	0.0
470	1855.6666666666667	0.0
480	1853.1666666666667	0.0
490	1694.3333333333333	0.0
500	1692.3333333333333	0.0
510	2274.6666666666665	0.0
520	2035.3333333333333	0.0
530	2003.3333333333333	0.0
540	2371.3333333333335	0.0
550	2194.6666666666665	0.0
560	2279.8333333333335	0.0
570	2337.6666666666665	0.0
580	2301.3333333333335	0.0
590	2085.0	0.0
600	2349.3333333333335	0.0
610	2427.6666666666665	0.0
620	2206.6666666666665	0.0
630	2287.0	0.0
640	2156.0	0.0
650	2425.0	0.0
660	2448.6666666666665	0.0
670	2557.8333333333335	0.0
680	2429.8333333333335	0.0
690	2522.1666666666665	0.0
700	2495.3333333333335	0.0
710	2641.6666666666665	0.0
720	2711.3333333333335	0.0
730	2562.8333333333335	0.0
740	2320.0	0.0
750	2402.6666666666665	0.0
760	2487.6666666666665	0.0
770	2421.0	0.0
780	2505.8333333333335	0.0
790	2423.0	0.0
800	2301.6666666666665	0.0
810	2457.0	0.0
820	2388.5	0.0
830	2496.8333333333335	0.0
840	2658.5	0.0
850	2600.3333333333335	0.0
860	2551.1666666666665	0.0
870	2444.3333333333335	0.0
880	2533.3333333333335	0.0
890	2604.3333333333335	0.0
900	2717.0	0.0
910	2640.0	0.0
920	2444.0	0.0
930	2387.0	0.0
940	2601.3333333333335	0.0
950	2405.3333333333335	0.0
960	2606.1666666666665	0.0
970	2599.8333333333335	0.0
980	2458.1666666666665	0.0
990	2602.0	0.0
1000	2051.6666666666665	0.0
