0	260.6666666666667	0.0
10	70.0	1000.0
20	70.0	0.0
30	70.0	0.0
40	70.0	0.0
50	70.0	0.0
60	70.0	0.0
70	70.0	0.0
80	70.0	0.0
90	70.0	0.0
100	70.0	0.0
110	70.0	0.0
120	70.0	0.0
130	70.0	0.0
140	70.0	0.0
150	70.0	0.0
160	70.33333333333333	0.0
170	71.33333333333333	0.0
180	70.33333333333333	0.0
190	70.0	0.0
200	71.33333333333333	0.0
210	78.33333333333333	0.0
220	94.66666666666667	0.0
230	134.33333333333334	0.0
240	166.33333333333334	0.0
250	270.6666666666667	0.0
260	248.66666666666666	0.0
270	336.3333333333333	0.0
280	217.0	0.0
290	171.66666666666666	0.0
300	146.66666666666666	0.0
310	140.0	0.0
320	162.66666666666666	0.0
330	155.0	0.0
340	162.66666666666666	0.0
350	140.33333333333334	0.0
360	184.66666666666666	0.0
370	498.6666666666667	0.0
380	822.5	0.0
390	552.0	0.0
400	567.6666666666666	0.0
410	865.3333333333334	0.0
420	828.6666666666666	0.0
430	1298.3333333333333	0.0
440	1463.0	0.0
450	1278.3333333333333	0.0
460	1933.0	0.0
470	1418.3333333333333	0.0
480	1839.6666666666667	0.0
490	2263.3333333333335	0.0
500	1959.3333333333333	0.0
510	2303.0	0.0
520	2129.6666666666665	0.0
530	2000.6666666666667	0.0
540	2323.6666666666665	0.0
550	2284.0	0.0
560	2162.6666666666665	0.0
570	2054.3333333333335	0.0
580	1874.3333333333333	0.0
590	2273.3333333333335	0.0
600	1726.6666666666667	0.0
610	2247.0	0.0
620	2197.1666666666665	0.0
630	2418.6666666666665	0.0
640	2217.0	0.0
650	2543.3333333333335	0.0
660	2350.8333333333335	0.0
670	2469.3333333333335	0.0
680	2600.6666666666665	0.0
690	2559.1666666666665	0.0
700	2508.3333333333335	0.0
710	2412.5	0.0
720	2506.1666666666665	0.0
730	2568.5	0.0
740	2658.8333333333335	0.0
750	2758.5	0.0
760	2597.0	0.0
770	2639.0	0.0
780	2518.6666666666665	0.0
790	2488.1666666666665	0.0
800	2513.6666666666665	0.0
810	2568.6666666666665	0.0
820	2690.3333333333335	0.0
830	2756.8333333333335	0.0
840	2446.3333333333335	0.0
850	2735.0	0.0
860	2694.0	0.0
870	2447.0	0.0
880	2517.0	0.0
890	2211.6666666666665	0.0
900	2653.0	0.0
910	2531.3333333333335	0.0
920	2684.8333333333335	0.0
930	2585.6666666666665	0.0
940	2608.5	0.0
950	2581.6666666666665	0.0
960	2570.3333333333335	0.0
970	1796.6666666666667	0.0
980	1815.6666666666667	0.0
990	2416.8333333333335	0.0
1000	2085.1666666666665	0.0
