0	274.6666666666667	0.0
10	134.0	591.0
20	100.0	333.0
30	92.0	76.0
40	92.33333333333333	0.0
50	79.33333333333333	0.0
60	70.66666666666667	0.0
70	71.33333333333333	0.0
80	70.33333333333333	0.0
90	70.66666666666667	0.0
100	71.0	0.0
110	118.66666666666667	0.0
120	1315.0	0.0
130	1433.3333333333333	0.0
140	1791.0	0.0
150	1767.6666666666667	0.0
160	861.6666666666666	0.0
170	2088.0	0.0
180	1971.0	0.0
190	1773.6666666666667	0.0
200	1653.6666666666667	0.0
210	1604.3333333333333	0.0
220	1735.3333333333333	0.0
230	2261.1666666666665	0.0
240	2193.8333333333335	0.0
250	2430.1666666666665	0.0
260	2201.8333333333335	0.0
270	2058.0	0.0
280	2496.5	0.0
290	2060.0	0.0
300	2285.3333333333335	0.0
310	2267.0	0.0
320	2413.0	0.0
330	2597.8333333333335	0.0
340	2190.6666666666665	0.0
350	2295.0	0.0
360	2200.3333333333335	0.0
370	2331.6666666666665	0.0
380	2455.0	0.0
390	2527.8333333333335	0.0
400	2220.6666666666665	0.0
410	2464.1666666666665	0.0
420	2401.0	0.0
430	2424.0	0.0
440	2490.1666666666665	0.0
450	2974.6666666666665	0.0
460	2317.6666666666665	0.0
470	2651.8333333333335	0.0
480	2863.8333333333335	0.0
490	2217.8333333333335	0.0
500	2623.3333333333335	0.0
510	2582.6666666666665	0.0
520	2504.0	0.0
530	2587.0	0.0
540	2236.6666666666665	0.0
550	2306.1666666666665	0.0
560	2800.0	0.0
570	2566.3333333333335	0.0
580	2793.0	0.0
590	2592.3333333333335	0.0
600	2581.3333333333335	0.0
610	2628.3333333333335	0.0
620	2659.0	0.0
630	2800.6666666666665	0.0
640	2985.8333333333335	0.0
650	2659.0	0.0
660	2874.8333333333335	0.0
670	2806.1666666666665	0.0
680	2578.5	0.0
690	2808.6666666666665	0.0
700	2498.1666666666665	0.0
710	2236.5	0.0
720	2690.5	0.0
730	2683.6666666666665	0.0
740	2610.6666666666665	0.0
750	2553.6666666666665	0.0
760	2619.3333333333335	0.0
770	2344.8333333333335	0.0
780	2364.0	0.0
790	2478.0	0.0
800	2638.6666666666665	0.0
810	2633.6666666666665	0.0
820	2164.3333333333335	0.0
830	2325.8333333333335	0.0
840	2661.1666666666665	0.0
850	2198.1666666666665	0.0
860	2630.1666666666665	0.0
870	2458.6666666666665	0.0
880	2653.8333333333335	0.0
890	2580.0	0.0
900	2720.6666666666665	0.0
910	2559.6666666666665	0.0
920	2815.6666666666665	0.0
930	2542.3333333333335	0.0
940	2576.6666666666665	0.0
950	2326.6666666666665	0.0
960	2619.1666666666665	0.0
970	2659.8333333333335	0.0
980	2576.6666666666665	0.0
990	2458.6666666666665	0.0
1000	2553.8333333333335	0.0
