0	299.3333333333333	0.0
10	102.0	626.0
20	96.0	374.0
30	85.33333333333333	0.0
40	81.33333333333333	0.0
50	70.33333333333333	0.0
60	70.0	0.0
70	70.0	0.0
80	70.0	0.0
90	70.0	0.0
100	70.0	0.0
110	70.0	0.0
120	70.0	0.0
130	72.0	0.0
140	350.3333333333333	0.0
150	952.0	0.0
160	1557.0	0.0
170	373.3333333333333	0.0
180	1585.0	0.0
190	1388.6666666666667	0.0
200	1587.6666666666667	0.0
210	1496.0	0.0
220	1457.6666666666667	0.0
230	2189.6666666666665	0.0
240	2050.3333333333335	0.0
250	1916.6666666666667	0.0
260	1736.3333333333333	0.0
270	1442.0	0.0
280	2039.0	0.0
290	2294.0	0.0
300	1986.3333333333333	0.0
310	2109.3333333333335	0.0
320	2222.0	0.0
330	2219.6666666666665	0.0
340	2091.3333333333335	0.0
350	1911.0	0.0
360	2164.0	0.0
370	2023.0	0.0
380	2243.6666666666665	0.0
390	2143.5	0.0
400	2286.6666666666665	0.0
410	2273.3333333333335	0.0
420	2205.3333333333335	0.0
430	2467.3333333333335	0.0
440	2423.0	0.0
450	2533.3333333333335	0.0
460	2410.3333333333335	0.0
470	2334.0	0.0
480	2642.8333333333335	0.0
490	2465.5	0.0
500	2669.1666666666665	0.0
510	2509.5	0.0
520	2679.0	0.0
530	2516.1666666666665	0.0
540	2484.8333333333335	0.0
550	2463.8333333333335	0.0
560	2560.1666666666665	0.0
570	2701.5	0.0
580	2685.3333333333335	0.0
590	2593.3333333333335	0.0
600	2457.3333333333335	0.0
610	2433.3333333333335	0.0
620	2467.6666666666665	0.0
630	2550.6666666666665	0.0
640	2388.5	0.0
650	2543.6666666666665	0.0
660	2650.0	0.0
670	2391.5	0.0
680	2488.0	0.0
690	2571.1666666666665	0.0
700	2306.3333333333335	0.0
710	2417.8333333333335	0.0
720	2639.8333333333335	0.0
730	2701.5	0.0
740	2696.6666666666665	0.0
750	2538.3333333333335	0.0
760	2487.3333333333335	0.0
770	2587.6666666666665	0.0
780	2545.5	0.0
790	2744.0	0.0
800	1952.0	0.0
810	2182.3333333333335	0.0
820	2240.0	0.0
830	1823.0	0.0
840	1747.0	0.0
850	2102.3333333333335	0.0
860	2021.5	0.0
870	2103.0	0.0
880	1601.6666666666667	0.0
890	2024.3333333333333	0.0
900	1963.5	0.0
910	2309.6666666666665	0.0
920	2181.0	0.0
930	1989.6666666666667	0.0
940	1594.0	0.0
950	1388.6666666666667	0.0
960	2454.6666666666665	0.0
970	2251.6666666666665	0.0
980	2322.0	0.0
990	1955.3333333333333	0.0
1000	2775.8333333333335	0.0
