0	274.6666666666667	0.0
10	97.0	712.0
20	97.0	288.0
30	80.66666666666667	0.0
40	83.0	0.0
50	87.0	0.0
60	72.0	0.0
70	71.66666666666667	0.0
80	70.0	0.0
90	70.0	0.0
100	70.0	0.0
110	70.0	0.0
120	116.0	0.0
130	75.0	0.0
140	172.33333333333334	0.0
150	279.0	0.0
160	833.6666666666666	0.0
170	963.3333333333334	0.0
180	260.3333333333333	0.0
190	286.3333333333333	0.0
200	1491.6666666666667	0.0
210	1438.0	0.0
220	1316.6666666666667	0.0
230	1768.0	0.0
240	1164.3333333333333	0.0
250	1809.6666666666667	0.0
260	1205.0	0.0
270	1088.3333333333333	0.0
280	1704.3333333333333	0.0
290	1910.3333333333333	0.0
300	2017.3333333333333	0.0
310	1703.0	0.0
320	2050.0	0.0
330	2405.3333333333335	0.0
340	2231.0	0.0
350	2343.3333333333335	0.0
360	2372.3333333333335	0.0
370	2573.3333333333335	0.0
380	2036.8333333333333	0.0
390	2383.6666666666665	0.0
400	2217.0	0.0
410	2316.8333333333335	0.0
420	2325.3333333333335	0.0
430	2212.6666666666665	0.0
440	2352.6666666666665	0.0
450	2461.8333333333335	0.0
460	2719.8333333333335	0.0
470	2251.6666666666665	0.0
480	2570.3333333333335	0.0
490	2493.5	0.0
500	2518.5	0.0
510	2703.3333333333335	0.0
520	2571.3333333333335	0.0
530	2391.6666666666665	0.0
540	2603.0	0.0
550	2630.3333333333335	0.0
560	2463.1666666666665	0.0
570	2482.1666666666665	0.0
580	2488.8333333333335	0.0
590	2476.3333333333335	0.0
600	2612.0	0.0
610	2389.0	0.0
620	2588.3333333333335	0.0
630	2452.5	0.0
640	2524.3333333333335	0.0
650	2429.5	0.0
660	2576.1666666666665	0.0
670	2321.8333333333335	0.0
680	2527.1666666666665	0.0
690	2367.6666666666665	0.0
700	2356.0	0.0
710	2410.1666666666665	0.0
720	2754.5	0.0
730	2340.3333333333335	0.0
740	2356.3333333333335	0.0
750	2326.1666666666665	0.0
760	2408.6666666666665	0.0
770	2555.0	0.0
780	2510.0	0.0
790	2599.6666666666665	0.0
800	2645.1666666666665	0.0
810	2470.3333333333335	0.0
820	2482.0	0.0
830	2428.0	0.0
840	2143.3333333333335	0.0
850	1914.6666666666667	0.0
860	2113.6666666666665	0.0
870	2206.6666666666665	0.0
880	2053.3333333333335	0.0
890	2513.3333333333335	0.0
900	2095.8333333333335	0.0
910	2248.6666666666665	0.0
920	2227.8333333333335	0.0
930	2222.1666666666665	0.0
940	1931.6666666666667	0.0
950	2179.3333333333335	0.0
960	1886.6666666666667	0.0
970	2200.5	0.0
980	2120.1666666666665	0.0
990	2064.8333333333335	0.0
1000	1931.8333333333333	0.0
