0	262.0	0.0
10	91.33333333333333	711.0
20	81.66666666666667	289.0
30	70.33333333333333	0.0
40	70.0	0.0
50	70.0	0.0
60	70.0	0.0
70	70.0	0.0
80	70.33333333333333	0.0
90	138.0	0.0
100	227.66666666666666	0.0
110	1097.6666666666667	0.0
120	1108.0	0.0
130	1581.6666666666667	0.0
140	741.0	0.0
150	1414.3333333333333	0.0
160	1759.3333333333333	0.0
170	2019.6666666666667	0.0
180	2133.0	0.0
190	1803.3333333333333	0.0
200	1681.0	0.0
210	1919.0	0.0
220	2217.6666666666665	0.0
230	2407.8333333333335	0.0
240	2253.0	0.0
250	1824.0	0.0
260	2298.3333333333335	0.0
270	2401.3333333333335	0.0
280	2157.3333333333335	0.0
290	2149.5	0.0
300	2476.3333333333335	0.0
310	2021.8333333333333	0.0
320	2377.6666666666665	0.0
330	2390.5	0.0
340	2260.6666666666665	0.0
350	2295.6666666666665	0.0
360	2332.3333333333335	0.0
370	2482.5	0.0
380	2304.6666666666665	0.0
390	2291.0	0.0
400	2501.6666666666665	0.0
410	2394.5	0.0
420	2562.8333333333335	0.0
430	2846.6666666666665	0.0
440	2471.3333333333335	0.0
450	2541.1666666666665	0.0
460	2529.0	0.0
470	2606.6666666666665	0.0
480	2859.5	0.0
490	2480.3333333333335	0.0
500	2575.6666666666665	0.0
510	2864.0	0.0
520	2315.3333333333335	0.0
530	2554.3333333333335	0.0
540	2602.5	0.0
550	2668.1666666666665	0.0
560	2112.0	0.0
570	2453.6666666666665	0.0
580	2589.3333333333335	0.0
590	2666.5	0.0
600	2456.0	0.0
610	2425.0	0.0
620	2608.8333333333335	0.0
630	2474.3333333333335	0.0
640	2706.6666666666665	0.0
650	2707.5	0.0
660	2666.3333333333335	0.0
670	2572.3333333333335	0.0
680	2723.3333333333335	0.0
690	2686.8333333333335	0.0
700	2754.3333333333335	0.0
710	2587.6666666666665	0.0
720	1933.8333333333333	0.0
730	2548.6666666666665	0.0
740	2626.0	0.0
750	2596.8333333333335	0.0
760	2454.3333333333335	0.0
770	2487.0	0.0
780	2164.8333333333335	0.0
790	2335.1666666666665	0.0
800	2561.3333333333335	0.0
810	2567.1666666666665	0.0
820	2738.3333333333335	0.0
830	2044.6666666666667	0.0
840	1823.0	0.0
850	2482.5	0.0
860	2441.5	0.0
870	1968.0	0.0
880	1693.1666666666667	0.0
890	2019.8333333333333	0.0
900	1429.0	0.0
910	1897.6666666666667	0.0
920	1708.1666666666667	0.0
930	1506.6666666666667	0.0
940	1647.3333333333333	0.0
950	1468.0	0.0
960	1422.3333333333333	0.0
970	1360.5	0.0
980	1810.3333333333333	0.0
990	1653.1666666666667	0.0
1000	1322.8333333333333	0.0
