0	245.0	0.0
10	70.0	1000.0
20	70.0	0.0
30	70.0	0.0
40	70.0	0.0
50	70.0	0.0
60	70.0	0.0
70	70.0	0.0
80	70.0	0.0
90	70.0	0.0
100	70.0	0.0
110	70.0	0.0
120	70.0	0.0
130	70.0	0.0
140	70.0	0.0
150	70.0	0.0
160	70.66666666666667	0.0
170	72.0	0.0
180	70.66666666666667	0.0
190	70.66666666666667	0.0
200	73.33333333333333	0.0
210	79.0	0.0
220	96.33333333333333	0.0
230	102.0	0.0
240	227.66666666666666	0.0
250	250.66666666666666	0.0
260	344.3333333333333	0.0
270	213.66666666666666	0.0
280	186.66666666666666	0.0
290	154.0	0.0
300	137.0	0.0
310	167.66666666666666	0.0
320	169.33333333333334	0.0
330	146.0	0.0
340	215.33333333333334	0.0
350	311.3333333333333	0.0
360	196.33333333333334	0.0
370	414.3333333333333	0.0
380	492.6666666666667	0.0
390	841.0	0.0
400	772.0	0.0
410	860.3333333333334	0.0
420	1091.3333333333333	0.0
430	1344.3333333333333	0.0
440	1208.3333333333333	0.0
450	1164.6666666666667	0.0
460	1567.0	0.0
470	1485.0	0.0
480	1999.0	0.0
490	2249.6666666666665	0.0
500	2027.1666666666667	0.0
510	2224.8333333333335	0.0
520	2163.0	0.0
530	1973.6666666666667	0.0
540	2172.6666666666665	0.0
550	2050.3333333333335	0.0
560	2167.8333333333335	0.0
570	2045.3333333333333	0.0
580	2188.0	0.0
590	2001.3333333333333	0.0
600	2259.3333333333335	0.0
610	2254.3333333333335	0.0
620	2403.0	0.0
630	2180.6666666666665	0.0
640	2418.1666666666665	0.0
650	2348.0	0.0
660	2559.0	0.0
670	2355.5	0.0
680	2446.8333333333335	0.0
690	2315.0	0.0
700	2442.0	0.0
710	2382.5	0.0
720	2320.5	0.0
730	2698.5	0.0
740	2555.5	0.0
750	2547.1666666666665	0.0
760	2435.3333333333335	0.0
770	2587.6666666666665	0.0
780	2854.8333333333335	0.0
790	2658.5	0.0
800	2744.3333333333335	0.0
810	2538.3333333333335	0.0
820	2693.0	0.0
830	2483.0	0.0
840	2699.5	0.0
850	2657.6666666666665	0.0
860	2661.5	0.0
870	2680.8333333333335	0.0
880	2675.8333333333335	0.0
890	2598.8333333333335	0.0
900	2481.6666666666665	0.0
910	2567.6666666666665	0.0
920	2441.5	0.0
930	2492.6666666666665	0.0
940	2653.5	0.0
950	2569.6666666666665	0.0
960	2723.0	0.0
970	2330.6666666666665	0.0
980	2467.0	0.0
990	2594.8333333333335	0.0
1000	2532.1666666666665	0.0
