0	230.0	0.0
10	70.0	1000.0
20	70.0	0.0
30	70.0	0.0
40	70.0	0.0
50	70.0	0.0
60	70.0	0.0
70	70.0	0.0
80	70.0	0.0
90	70.0	0.0
100	70.0	0.0
110	70.0	0.0
120	70.0	0.0
130	70.0	0.0
140	70.0	0.0
150	70.0	0.0
160	71.0	0.0
170	71.0	0.0
180	76.66666666666667	0.0
190	71.0	0.0
200	240.33333333333334	0.0
210	360.3333333333333	0.0
220	125.66666666666667	0.0
230	256.0	0.0
240	198.33333333333334	0.0
250	137.33333333333334	0.0
260	179.33333333333334	0.0
270	131.0	0.0
280	146.0	0.0
290	138.66666666666666	0.0
300	144.33333333333334	0.0
310	130.0	0.0
320	187.33333333333334	0.0
330	212.0	0.0
340	175.33333333333334	0.0
350	273.3333333333333	0.0
360	491.0	0.0
370	532.3333333333334	0.0
380	490.3333333333333	0.0
390	438.6666666666667	0.0
400	749.0	0.0
410	556.6666666666666	0.0
420	731.0	0.0
430	608.3333333333334	0.0
440	1180.6666666666667	0.0
450	1357.8333333333333	0.0
460	1275.3333333333333	0.0
470	1531.3333333333333	0.0
480	1681.0	0.0
490	1784.3333333333333	0.0
500	1822.8333333333333	0.0
510	2419.6666666666665	0.0
520	2081.0	0.0
530	2233.3333333333335	0.0
540	2220.3333333333335	0.0
550	2310.3333333333335	0.0
560	2407.3333333333335	0.0
570	1775.6666666666667	0.0
580	2160.3333333333335	0.0
590	1527.8333333333333	0.0
600	2356.0	0.0
610	2207.3333333333335	0.0
620	2434.8333333333335	0.0
630	2253.6666666666665	0.0
640	2390.3333333333335	0.0
650	2168.0	0.0
660	2480.5	0.0
670	2418.6666666666665	0.0
680	2237.1666666666665	0.0
690	2545.8333333333335	0.0
700	2602.0	0.0
710	2517.3333333333335	0.0
720	2311.3333333333335	0.0
730	2481.5	0.0
740	2458.3333333333335	0.0
750	2379.6666666666665	0.0
760	2343.3333333333335	0.0
770	2485.1666666666665	0.0
780	2437.6666666666665	0.0
790	2493.6666666666665	0.0
800	2506.6666666666665	0.0
