0	251.66666666666666	0.0
10	70.0	0.0
20	70.0	0.0
30	70.0	0.0
40	70.0	0.0
50	70.0	0.0
60	70.0	0.0
70	70.0	0.0
80	70.0	0.0
90	70.0	0.0
100	70.0	0.0
110	70.0	0.0
120	70.0	0.0
130	70.0	0.0
140	70.0	0.0
150	70.0	0.0
160	70.0	0.0
170	70.0	0.0
180	70.33333333333333	0.0
190	71.0	0.0
200	70.0	0.0
210	71.33333333333333	0.0
220	78.33333333333333	0.0
230	74.0	0.0
240	114.66666666666667	0.0
250	223.0	0.0
260	344.3333333333333	0.0
270	261.6666666666667	0.0
280	168.66666666666666	0.0
290	286.0	0.0
300	171.33333333333334	0.0
310	163.33333333333334	0.0
320	154.0	0.0
330	140.0	0.0
340	173.0	0.0
350	154.66666666666666	0.0
360	163.0	0.0
370	144.66666666666666	0.0
380	156.0	0.0
390	139.0	0.0
400	204.33333333333334	0.0
410	266.0	0.0
420	245.66666666666666	0.0
430	251.33333333333334	0.0
440	311.6666666666667	0.0
450	525.0	0.0
460	679.6666666666666	0.0
470	998.6666666666666	0.0
480	811.0	0.0
490	645.6666666666666	0.0
500	1285.0	0.0
510	1114.3333333333333	0.0
520	1405.6666666666667	0.0
530	1312.0	0.0
540	2131.3333333333335	0.0
550	2059.0	0.0
560	1666.3333333333333	0.0
570	1957.0	0.0
580	2082.3333333333335	0.0
590	1557.3333333333333	0.0
600	1717.3333333333333	0.0
610	1415.6666666666667	0.0
620	2006.6666666666667	0.0
630	1673.3333333333333	0.0
640	2185.6666666666665	0.0
650	2092.0	0.0
660	2495.3333333333335	0.0
670	2213.5	0.0
680	2395.8333333333335	0.0
690	2152.5	0.0
700	2629.0	0.0
710	2448.6666666666665	0.0
720	2429.8333333333335	0.0
730	2299.6666666666665	0.0
740	2259.1666666666665	0.0
750	2395.0	0.0
760	2459.6666666666665	0.0
770	2741.8333333333335	0.0
780	2646.5	0.0
790	2950.3333333333335	0.0
800	2652.0	0.0
810	2666.0	0.0
820	2744.3333333333335	0.0
830	2424.3333333333335	0.0
840	2476.0	0.0
850	2497.0	0.0
860	2375.1666666666665	0.0
870	2692.0	0.0
880	2625.3333333333335	0.0
890	2701.1666666666665	0.0
900	2465.0	0.0
910	2683.3333333333335	0.0
920	2766.8333333333335	0.0
930	2726.3333333333335	0.0
940	2366.0	0.0
950	2563.6666666666665	0.0
960	2566.6666666666665	0.0
970	2387.3333333333335	0.0
980	2467.6666666666665	0.0
990	2602.3333333333335	0.0
1000	2397.6666666666665	0.0
