0	262.0	0.0
10	70.0	1000.0
20	70.0	0.0
30	70.0	0.0
40	70.0	0.0
50	70.0	0.0
60	70.0	0.0
70	70.0	0.0
80	70.0	0.0
90	70.0	0.0
100	70.0	0.0
110	70.0	0.0
120	70.0	0.0
130	70.0	0.0
140	70.0	0.0
150	70.0	0.0
160	70.33333333333333	0.0
170	72.33333333333333	0.0
180	70.33333333333333	0.0
190	70.33333333333333	0.0
200	70.66666666666667	0.0
210	71.0	0.0
220	73.0	0.0
230	95.66666666666667	0.0
240	108.0	0.0
250	217.0	0.0
260	268.3333333333333	0.0
270	191.0	0.0
280	169.33333333333334	0.0
290	171.0	0.0
300	147.0	0.0
310	154.33333333333334	0.0
320	169.33333333333334	0.0
330	414.6666666666667	0.0
340	545.0	0.0
350	794.3333333333334	0.0
360	872.3333333333334	0.0
370	723.6666666666666	0.0
380	803.6666666666666	0.0
390	978.3333333333334	0.0
400	1243.6666666666667	0.0
410	1546.3333333333333	0.0
420	1923.6666666666667	0.0
430	2038.0	0.0
440	2163.6666666666665	0.0
450	1799.3333333333333	0.0
460	2255.5	0.0
470	2070.0	0.0
480	2090.3333333333335	0.0
490	2215.6666666666665	0.0
500	2142.6666666666665	0.0
510	2046.6666666666667	0.0
520	2060.3333333333335	0.0
530	2345.3333333333335	0.0
540	2286.5	0.0
550	2701.8333333333335	0.0
560	2342.3333333333335	0.0
570	2259.3333333333335	0.0
580	2206.0	0.0
590	2475.0	0.0
600	2617.5	0.0
610	2484.6666666666665	0.0
620	2508.0	0.0
630	2568.3333333333335	0.0
640	2524.3333333333335	0.0
650	2416.6666666666665	0.0
660	2351.0	0.0
670	2647.0	0.0
680	2517.5	0.0
690	2608.6666666666665	0.0
700	2329.0	0.0
710	2272.6666666666665	0.0
720	2616.0	0.0
730	2386.3333333333335	0.0
740	2506.1666666666665	0.0
750	2576.8333333333335	0.0
760	2332.0	0.0
770	2321.3333333333335	0.0
780	2894.1666666666665	0.0
790	2579.5	0.0
800	2592.0	0.0
810	2595.3333333333335	0.0
820	2649.3333333333335	0.0
830	2397.0	0.0
840	2742.5	0.0
850	2633.0	0.0
860	2662.8333333333335	0.0
870	2650.8333333333335	0.0
880	2709.0	0.0
890	2464.0	0.0
900	2711.5	0.0
910	2199.5	0.0
920	2309.8333333333335	0.0
930	2223.8333333333335	0.0
940	1969.1666666666667	0.0
950	2247.6666666666665	0.0
960	2081.5	0.0
970	2197.3333333333335	0.0
980	2049.0	0.0
990	2457.8333333333335	0.0
1000	2697.5	0.0
