0	255.33333333333334	0.0
10	143.0	414.0
20	645.0	0.0
30	850.3333333333334	0.0
40	995.0	0.0
50	986.6666666666666	0.0
60	1786.3333333333333	0.0
70	989.3333333333334	0.0
80	2352.6666666666665	0.0
90	2395.6666666666665	0.0
100	2332.0	0.0
110	2541.6666666666665	0.0
120	2254.3333333333335	0.0
130	2397.6666666666665	0.0
140	2213.5	0.0
150	2631.6666666666665	0.0
160	2423.1666666666665	0.0
170	2339.6666666666665	0.0
180	2079.6666666666665	0.0
190	2476.6666666666665	0.0
200	2460.0	0.0
210	2576.3333333333335	0.0
220	2487.1666666666665	0.0
230	2305.0	0.0
240	2557.6666666666665	0.0
250	2463.0	0.0
260	2464.0	0.0
270	2383.6666666666665	0.0
280	2508.8333333333335	0.0
290	2403.3333333333335	0.0
300	2581.8333333333335	0.0
310	1873.8333333333333	0.0
320	1472.0	0.0
330	1817.0	0.0
340	2420.6666666666665	0.0
350	2536.1666666666665	0.0
360	2320.6666666666665	0.0
370	2418.0	0.0
380	1896.0	0.0
390	1603.8333333333333	0.0
400	1927.5	0.0
410	1898.0	0.0
420	1895.6666666666667	0.0
430	2374.1666666666665	0.0
440	2087.3333333333335	0.0
450	1995.6666666666667	0.0
460	1939.8333333333333	0.0
470	2018.0	0.0
480	1766.1666666666667	0.0
490	2098.0	0.0
500	1750.3333333333333	0.0
510	2368.6666666666665	0.0
520	2440.3333333333335	0.0
530	2534.0	0.0
540	2033.0	0.0
550	1804.0	0.0
560	2000.5	0.0
570	2009.3333333333333	0.0
580	2712.6666666666665	0.0
590	2528.0	0.0
600	2330.3333333333335	0.0
610	2396.3333333333335	0.0
620	1814.3333333333333	0.0
630	1986.6666666666667	0.0
640	1939.5	0.0
650	2025.0	0.0
660	2029.1666666666667	0.0
670	2175.0	0.0
680	1817.3333333333333	0.0
690	2591.6666666666665	0.0
700	2339.0	0.0
710	2302.0	0.0
720	2172.6666666666665	0.0
730	1511.0	0.0
740	2500.6666666666665	0.0
750	2199.1666666666665	0.0
760	2067.3333333333335	0.0
770	2125.5	0.0
780	2029.8333333333333	0.0
790	2129.3333333333335	0.0
800	2593.5	0.0
810	2424.3333333333335	0.0
820	2024.6666666666667	0.0
830	1952.1666666666667	0.0
840	1799.3333333333333	0.0
850	2124.1666666666665	0.0
860	2728.0	0.0
870	2127.6666666666665	0.0
880	2266.6666666666665	0.0
890	2444.5	0.0
900	2396.0	0.0
910	2414.8333333333335	0.0
920	2318.0	0.0
930	2356.5	0.0
940	2789.0	0.0
950	2528.0	0.0
960	2530.6666666666665	0.0
970	2386.8333333333335	0.0
980	2507.3333333333335	0.0
990	2208.3333333333335	0.0
1000	2577.0	0.0
