0	262.0	0.0
10	103.66666666666667	445.0
20	101.33333333333333	0.0
30	106.33333333333333	0.0
40	70.66666666666667	0.0
50	132.0	0.0
60	70.66666666666667	0.0
70	257.6666666666667	0.0
80	1097.0	0.0
90	1580.3333333333333	0.0
100	349.3333333333333	0.0
110	299.0	0.0
120	1625.0	0.0
130	1796.3333333333333	0.0
140	2414.3333333333335	0.0
150	2068.3333333333335	0.0
160	2520.6666666666665	0.0
170	2574.1666666666665	0.0
180	2587.6666666666665	0.0
190	2293.3333333333335	0.0
200	2373.3333333333335	0.0
210	2379.6666666666665	0.0
220	2314.0	0.0
230	2327.3333333333335	0.0
240	2177.1666666666665	0.0
250	2215.6666666666665	0.0
260	2268.0	0.0
270	2292.0	0.0
280	2339.3333333333335	0.0
290	2481.3333333333335	0.0
300	2236.3333333333335	0.0
310	2327.3333333333335	0.0
320	2696.5	0.0
330	2644.8333333333335	0.0
340	2382.6666666666665	0.0
350	2431.3333333333335	0.0
360	2444.3333333333335	0.0
370	2367.6666666666665	0.0
380	2369.8333333333335	0.0
390	2014.3333333333333	0.0
400	1741.3333333333333	0.0
410	2050.3333333333335	0.0
420	1975.0	0.0
430	1733.6666666666667	0.0
440	1716.6666666666667	0.0
450	1834.1666666666667	0.0
460	2306.5	0.0
470	2149.8333333333335	0.0
480	2431.5	0.0
490	2088.8333333333335	0.0
500	2472.1666666666665	0.0
510	2363.6666666666665	0.0
520	2530.1666666666665	0.0
530	2523.3333333333335	0.0
540	2624.6666666666665	0.0
550	2418.0	0.0
560	1833.1666666666667	0.0
570	2131.6666666666665	0.0
580	2180.0	0.0
590	2299.0	0.0
600	1946.8333333333333	0.0
610	2220.6666666666665	0.0
620	1865.3333333333333	0.0
630	1759.5	0.0
640	1943.8333333333333	0.0
650	2185.1666666666665	0.0
660	2195.1666666666665	0.0
670	2447.5	0.0
680	2093.1666666666665	0.0
690	2003.3333333333333	0.0
700	1590.1666666666667	0.0
710	2157.1666666666665	0.0
720	2359.3333333333335	0.0
730	1844.6666666666667	0.0
740	2207.8333333333335	0.0
750	1853.6666666666667	0.0
760	2057.3333333333335	0.0
770	2189.0	0.0
780	2310.3333333333335	0.0
790	2443.6666666666665	0.0
800	2166.5	0.0
810	2538.0	0.0
820	2300.8333333333335	0.0
830	1733.1666666666667	0.0
840	1661.6666666666667	0.0
850	2471.6666666666665	0.0
860	2417.3333333333335	0.0
870	2457.0	0.0
880	2611.3333333333335	0.0
890	2332.6666666666665	0.0
900	2198.0	0.0
910	2389.0	0.0
920	2312.6666666666665	0.0
930	2403.3333333333335	0.0
940	2508.8333333333335	0.0
950	2578.1666666666665	0.0
960	2377.3333333333335	0.0
970	1826.3333333333333	0.0
980	2516.8333333333335	0.0
990	2373.0	0.0
1000	2499.6666666666665	0.0
