0	268.6666666666667	0.0
10	104.66666666666667	384.0
20	95.0	0.0
30	70.0	0.0
40	70.0	0.0
50	70.66666666666667	0.0
60	878.6666666666666	0.0
70	1488.6666666666667	0.0
80	1063.0	0.0
90	105.33333333333333	0.0
100	1872.3333333333333	0.0
110	1977.0	0.0
120	2071.3333333333335	0.0
130	2152.0	0.0
140	2061.6666666666665	0.0
150	2100.3333333333335	0.0
160	2033.3333333333333	0.0
170	2046.0	0.0
180	2156.0	0.0
190	2065.6666666666665	0.0
200	2449.1666666666665	0.0
210	2315.6666666666665	0.0
220	2426.0	0.0
230	2285.3333333333335	0.0
240	2551.6666666666665	0.0
250	2514.5	0.0
260	2382.6666666666665	0.0
270	2340.5	0.0
280	2514.5	0.0
290	2195.3333333333335	0.0
300	2562.6666666666665	0.0
310	1805.8333333333333	0.0
320	1925.6666666666667	0.0
330	1939.8333333333333	0.0
340	1908.3333333333333	0.0
350	1920.3333333333333	0.0
360	2185.3333333333335	0.0
370	2011.3333333333333	0.0
380	1799.6666666666667	0.0
390	1804.3333333333333	0.0
400	1909.0	0.0
410	1804.6666666666667	0.0
420	2033.8333333333333	0.0
430	2117.3333333333335	0.0
440	1724.6666666666667	0.0
450	1773.0	0.0
460	1841.8333333333333	0.0
470	1888.3333333333333	0.0
480	1746.0	0.0
490	2127.5	0.0
500	2008.6666666666667	0.0
510	1976.8333333333333	0.0
520	2343.0	0.0
530	2320.0	0.0
540	2728.3333333333335	0.0
550	1798.6666666666667	0.0
560	2197.1666666666665	0.0
570	2512.0	0.0
580	1911.3333333333333	0.0
590	2348.0	0.0
600	2260.0	0.0
610	2387.0	0.0
620	2387.3333333333335	0.0
630	2354.3333333333335	0.0
640	2453.5	0.0
650	2415.1666666666665	0.0
660	2287.0	0.0
670	2439.6666666666665	0.0
680	2413.0	0.0
690	2520.0	0.0
700	2235.3333333333335	0.0
710	2292.6666666666665	0.0
720	2589.0	0.0
730	2502.6666666666665	0.0
740	1768.3333333333333	0.0
750	1969.3333333333333	0.0
760	1936.1666666666667	0.0
770	2281.6666666666665	0.0
780	2166.0	0.0
790	2082.0	0.0
800	2601.1666666666665	0.0
810	2631.6666666666665	0.0
820	2594.0	0.0
830	1806.3333333333333	0.0
840	2585.8333333333335	0.0
850	1921.6666666666667	0.0
860	2039.6666666666667	0.0
870	2586.5	0.0
880	2473.1666666666665	0.0
890	2423.8333333333335	0.0
900	2521.1666666666665	0.0
910	2458.5	0.0
920	2313.6666666666665	0.0
930	2322.0	0.0
940	2512.3333333333335	0.0
950	1889.6666666666667	0.0
960	1644.6666666666667	0.0
970	1960.5	0.0
980	1855.3333333333333	0.0
990	1623.3333333333333	0.0
1000	2060.6666666666665	0.0
