0	257.0	0.0
10	70.0	0.0
20	70.0	0.0
30	70.0	0.0
40	70.0	0.0
50	70.0	0.0
60	70.0	0.0
70	70.0	0.0
80	71.0	0.0
90	71.0	0.0
100	73.66666666666667	0.0
110	92.33333333333333	0.0
120	348.0	0.0
130	361.0	0.0
140	85.0	0.0
150	281.6666666666667	0.0
160	227.33333333333334	0.0
170	360.0	0.0
180	247.0	0.0
190	284.6666666666667	0.0
200	264.3333333333333	0.0
210	369.6666666666667	0.0
220	384.6666666666667	0.0
230	268.6666666666667	0.0
240	320.3333333333333	0.0
250	332.6666666666667	0.0
260	424.0	0.0
270	1277.3333333333333	0.0
280	874.3333333333334	0.0
290	470.6666666666667	0.0
300	521.0	0.0
310	739.6666666666666	0.0
320	1052.6666666666667	0.0
330	1523.6666666666667	0.0
340	1361.5	0.0
350	1613.6666666666667	0.0
360	2499.8333333333335	0.0
370	2440.5	0.0
380	1733.0	0.0
390	2334.3333333333335	0.0
400	2463.6666666666665	0.0
410	2394.0	0.0
420	2529.6666666666665	0.0
430	2659.1666666666665	0.0
440	2304.6666666666665	0.0
450	2368.8333333333335	0.0
460	1881.1666666666667	0.0
470	1942.3333333333333	0.0
480	2203.6666666666665	0.0
490	2127.3333333333335	0.0
500	2120.1666666666665	0.0
510	1803.3333333333333	0.0
520	2385.3333333333335	0.0
530	2413.3333333333335	0.0
540	2565.6666666666665	0.0
550	2445.3333333333335	0.0
560	2263.6666666666665	0.0
570	2486.5	0.0
580	2383.5	0.0
590	2478.0	0.0
600	1521.0	0.0
610	2120.3333333333335	0.0
620	1645.6666666666667	0.0
630	1634.6666666666667	0.0
640	2340.5	0.0
650	2109.1666666666665	0.0
660	2138.0	0.0
670	2247.3333333333335	0.0
680	1887.3333333333333	0.0
690	2025.1666666666667	0.0
700	2249.0	0.0
710	2329.6666666666665	0.0
720	2524.0	0.0
730	2400.3333333333335	0.0
740	2397.0	0.0
750	2287.3333333333335	0.0
760	2398.6666666666665	0.0
770	2610.5	0.0
780	2408.6666666666665	0.0
790	2077.1666666666665	0.0
800	2002.5	0.0
810	2210.3333333333335	0.0
820	2085.0	0.0
830	2125.3333333333335	0.0
840	1892.3333333333333	0.0
850	1649.8333333333333	0.0
860	1606.0	0.0
870	1751.8333333333333	0.0
880	1831.3333333333333	0.0
890	1829.3333333333333	0.0
900	1663.3333333333333	0.0
910	2283.6666666666665	0.0
920	2625.8333333333335	0.0
930	2389.6666666666665	0.0
940	2349.6666666666665	0.0
950	2431.0	0.0
960	2305.0	0.0
970	2895.6666666666665	0.0
980	2417.5	0.0
990	2405.0	0.0
1000	2598.8333333333335	0.0
