0	286.6666666666667	0.0
10	70.0	0.0
20	70.0	0.0
30	70.0	0.0
40	70.0	0.0
50	70.0	0.0
60	70.0	0.0
70	70.0	0.0
80	70.0	0.0
90	71.0	0.0
100	78.66666666666667	0.0
110	185.0	0.0
120	427.3333333333333	0.0
130	73.66666666666667	0.0
140	335.0	0.0
150	379.3333333333333	0.0
160	269.6666666666667	0.0
170	164.33333333333334	0.0
180	278.3333333333333	0.0
190	250.0	0.0
200	359.0	0.0
210	339.3333333333333	0.0
220	357.3333333333333	0.0
230	542.0	0.0
240	431.6666666666667	0.0
250	293.3333333333333	0.0
260	373.3333333333333	0.0
270	316.6666666666667	0.0
280	289.6666666666667	0.0
290	465.6666666666667	0.0
300	736.0	0.0
310	567.3333333333334	0.0
320	689.6666666666666	0.0
330	887.0	0.0
340	912.0	0.0
350	1274.6666666666667	0.0
360	1584.8333333333333	0.0
370	1975.0	0.0
380	1473.3333333333333	0.0
390	1249.3333333333333	0.0
400	2048.0	0.0
410	1688.3333333333333	0.0
420	1234.6666666666667	0.0
430	2122.8333333333335	0.0
440	1809.0	0.0
450	2683.5	0.0
460	2414.1666666666665	0.0
470	2226.0	0.0
480	2500.0	0.0
490	2441.0	0.0
500	2540.3333333333335	0.0
510	2385.6666666666665	0.0
520	1459.0	0.0
530	1810.6666666666667	0.0
540	2381.8333333333335	0.0
550	2076.6666666666665	0.0
560	2152.1666666666665	0.0
570	1767.0	0.0
580	2147.3333333333335	0.0
590	2037.6666666666667	0.0
600	1835.6666666666667	0.0
610	1993.0	0.0
620	2185.3333333333335	0.0
630	1847.5	0.0
640	2102.3333333333335	0.0
650	2069.5	0.0
660	1511.6666666666667	0.0
670	1361.6666666666667	0.0
680	1542.0	0.0
690	1858.5	0.0
700	2235.8333333333335	0.0
710	1982.3333333333333	0.0
720	2225.5	0.0
730	1897.0	0.0
740	2169.3333333333335	0.0
750	2257.6666666666665	0.0
760	1513.0	0.0
770	2428.6666666666665	0.0
780	2398.6666666666665	0.0
790	2444.0	0.0
800	2405.5	0.0
810	2327.6666666666665	0.0
820	2512.3333333333335	0.0
830	2287.6666666666665	0.0
840	2351.1666666666665	0.0
850	2432.6666666666665	0.0
860	2549.5	0.0
870	2401.8333333333335	0.0
880	1818.6666666666667	0.0
890	2341.5	0.0
900	2347.6666666666665	0.0
910	2597.3333333333335	0.0
920	2465.5	0.0
930	1806.1666666666667	0.0
940	1989.1666666666667	0.0
950	2528.3333333333335	0.0
960	1598.6666666666667	0.0
970	1697.8333333333333	0.0
980	1956.1666666666667	0.0
990	2438.0	0.0
1000	2576.1666666666665	0.0
