0	236.0	0.0
10	101.0	226.0
20	101.33333333333333	0.0
30	100.0	0.0
40	100.0	0.0
50	100.0	0.0
60	100.0	0.0
70	101.33333333333333	0.0
80	100.66666666666667	0.0
90	101.33333333333333	0.0
100	81.0	0.0
110	80.66666666666667	0.0
120	71.66666666666667	0.0
130	71.66666666666667	0.0
140	70.33333333333333	0.0
150	70.33333333333333	0.0
160	70.33333333333333	0.0
170	70.0	0.0
180	70.33333333333333	0.0
190	70.0	0.0
200	70.33333333333333	0.0
210	81.0	0.0
220	93.0	0.0
230	96.0	0.0
240	81.66666666666667	0.0
250	87.33333333333333	0.0
260	82.0	0.0
270	110.33333333333333	0.0
280	139.66666666666666	0.0
290	138.66666666666666	0.0
300	202.0	0.0
310	146.66666666666666	0.0
320	131.33333333333334	0.0
330	236.33333333333334	0.0
340	154.0	0.0
350	160.33333333333334	0.0
360	155.66666666666666	0.0
370	139.0	0.0
380	253.33333333333334	0.0
390	196.66666666666666	0.0
400	195.33333333333334	0.0
410	164.0	0.0
420	219.33333333333334	0.0
430	277.0	0.0
440	220.33333333333334	0.0
450	236.66666666666666	0.0
460	354.6666666666667	0.0
470	642.3333333333334	0.0
480	700.6666666666666	0.0
490	415.3333333333333	0.0
500	784.0	0.0
510	731.5	0.0
520	910.3333333333334	0.0
530	919.3333333333334	0.0
540	869.6666666666666	0.0
550	841.3333333333334	0.0
560	1075.5	0.0
570	1731.1666666666667	0.0
580	1756.6666666666667	0.0
590	1599.6666666666667	0.0
600	1897.5	0.0
610	1973.5	0.0
620	2058.0	0.0
630	2577.5	0.0
640	2294.0	0.0
650	2313.3333333333335	0.0
660	2183.0	0.0
670	2346.6666666666665	0.0
680	2463.8333333333335	0.0
690	2617.3333333333335	0.0
700	2373.1666666666665	0.0
710	2484.3333333333335	0.0
720	2435.0	0.0
730	2005.0	0.0
740	2530.6666666666665	0.0
750	2656.6666666666665	0.0
760	2552.3333333333335	0.0
770	2487.0	0.0
780	2568.3333333333335	0.0
790	2411.3333333333335	0.0
800	2771.0	0.0
810	2477.1666666666665	0.0
820	2662.0	0.0
830	2356.1666666666665	0.0
840	2673.1666666666665	0.0
850	2646.1666666666665	0.0
860	2740.0	0.0
870	2547.1666666666665	0.0
880	2607.8333333333335	0.0
890	2793.0	0.0
900	2901.5	0.0
910	2876.6666666666665	0.0
920	2579.0	0.0
930	2720.1666666666665	0.0
940	2500.1666666666665	0.0
950	2644.6666666666665	0.0
960	1983.6666666666667	0.0
970	2725.3333333333335	0.0
980	2835.5	0.0
990	2690.5	0.0
1000	2461.1666666666665	0.0
