0	273.3333333333333	0.0
10	70.0	230.0
20	70.0	0.0
30	70.0	0.0
40	70.0	0.0
50	70.0	0.0
60	70.0	0.0
70	70.0	0.0
80	70.0	0.0
90	70.0	0.0
100	70.0	0.0
110	70.0	0.0
120	70.0	0.0
130	70.0	0.0
140	70.0	0.0
150	70.0	0.0
160	70.0	0.0
170	70.0	0.0
180	70.33333333333333	0.0
190	70.33333333333333	0.0
200	72.33333333333333	0.0
210	71.66666666666667	0.0
220	77.0	0.0
230	76.33333333333333	0.0
240	203.33333333333334	0.0
250	148.33333333333334	0.0
260	97.66666666666667	0.0
270	286.0	0.0
280	319.3333333333333	0.0
290	162.66666666666666	0.0
300	137.33333333333334	0.0
310	162.33333333333334	0.0
320	146.66666666666666	0.0
330	153.66666666666666	0.0
340	139.0	0.0
350	173.33333333333334	0.0
360	154.33333333333334	0.0
370	152.66666666666666	0.0
380	147.33333333333334	0.0
390	211.66666666666666	0.0
400	156.0	0.0
410	162.0	0.0
420	139.66666666666666	0.0
430	219.66666666666666	0.0
440	227.66666666666666	0.0
450	377.3333333333333	0.0
460	307.3333333333333	0.0
470	285.6666666666667	0.0
480	376.6666666666667	0.0
490	717.3333333333334	0.0
500	760.0	0.0
510	670.3333333333334	0.0
520	640.3333333333334	0.0
530	1182.3333333333333	0.0
540	1172.3333333333333	0.0
550	1325.3333333333333	0.0
560	1078.6666666666667	0.0
570	967.0	0.0
580	1718.1666666666667	0.0
590	1664.0	0.0
600	1971.3333333333333	0.0
610	1741.0	0.0
620	2385.6666666666665	0.0
630	1993.3333333333333	0.0
640	2226.1666666666665	0.0
650	2212.5	0.0
660	2453.5	0.0
670	1973.0	0.0
680	2220.0	0.0
690	2634.5	0.0
700	2356.0	0.0
710	2406.3333333333335	0.0
720	2418.6666666666665	0.0
730	2403.6666666666665	0.0
740	2157.3333333333335	0.0
750	2201.3333333333335	0.0
760	2373.3333333333335	0.0
770	2461.5	0.0
780	2370.1666666666665	0.0
790	2484.6666666666665	0.0
800	2566.8333333333335	0.0
810	2725.3333333333335	0.0
820	2229.3333333333335	0.0
830	2545.5	0.0
840	2405.3333333333335	0.0
850	2637.0	0.0
860	2550.5	0.0
870	2433.3333333333335	0.0
880	2639.0	0.0
890	2510.8333333333335	0.0
900	2884.8333333333335	0.0
910	2702.6666666666665	0.0
920	2609.3333333333335	0.0
930	2577.1666666666665	0.0
940	2554.3333333333335	0.0
950	2509.5	0.0
960	2655.3333333333335	0.0
970	2449.3333333333335	0.0
980	2445.6666666666665	0.0
990	2644.0	0.0
1000	2486.0	0.0
