0	255.33333333333334	0.0
10	70.0	211.0
20	70.0	0.0
30	70.0	0.0
40	70.0	0.0
50	70.0	0.0
60	70.0	0.0
70	70.0	0.0
80	70.0	0.0
90	70.0	0.0
100	70.0	0.0
110	70.0	0.0
120	70.0	0.0
130	70.0	0.0
140	70.0	0.0
150	70.0	0.0
160	70.0	0.0
170	70.0	0.0
180	70.33333333333333	0.0
190	71.33333333333333	0.0
200	70.33333333333333	0.0
210	73.66666666666667	0.0
220	76.0	0.0
230	78.0	0.0
240	72.0	0.0
250	74.66666666666667	0.0
260	94.0	0.0
270	197.0	0.0
280	558.6666666666666	0.0
290	305.0	0.0
300	315.6666666666667	0.0
310	182.33333333333334	0.0
320	137.33333333333334	0.0
330	203.33333333333334	0.0
340	154.33333333333334	0.0
350	155.0	0.0
360	186.66666666666666	0.0
370	155.0	0.0
380	163.33333333333334	0.0
390	212.0	0.0
400	191.66666666666666	0.0
410	210.0	0.0
420	235.66666666666666	0.0
430	225.66666666666666	0.0
440	277.3333333333333	0.0
450	208.0	0.0
460	225.66666666666666	0.0
470	284.6666666666667	0.0
480	282.3333333333333	0.0
490	334.6666666666667	0.0
500	260.0	0.0
510	272.6666666666667	0.0
520	417.0	0.0
530	464.3333333333333	0.0
540	696.5	0.0
550	686.6666666666666	0.0
560	666.6666666666666	0.0
570	972.3333333333334	0.0
580	1213.6666666666667	0.0
590	1054.0	0.0
600	1316.6666666666667	0.0
610	1375.3333333333333	0.0
620	1818.8333333333333	0.0
630	2139.0	0.0
640	2259.3333333333335	0.0
650	2017.3333333333333	0.0
660	2008.0	0.0
670	2059.3333333333335	0.0
680	1669.6666666666667	0.0
690	2414.0	0.0
700	2256.6666666666665	0.0
710	2429.6666666666665	0.0
720	2243.1666666666665	0.0
730	2034.3333333333333	0.0
740	2553.0	0.0
750	2228.6666666666665	0.0
760	2521.0	0.0
770	2218.5	0.0
780	2389.6666666666665	0.0
790	2381.5	0.0
800	2474.1666666666665	0.0
810	2572.5	0.0
820	2346.0	0.0
830	2369.8333333333335	0.0
840	2542.0	0.0
850	2669.8333333333335	0.0
860	2630.6666666666665	0.0
870	2482.0	0.0
880	2700.3333333333335	0.0
890	2526.6666666666665	0.0
900	2551.6666666666665	0.0
910	2570.0	0.0
920	2761.8333333333335	0.0
930	2658.1666666666665	0.0
940	2403.0	0.0
950	2493.1666666666665	0.0
960	2656.5	0.0
970	2364.8333333333335	0.0
980	2520.6666666666665	0.0
990	2487.6666666666665	0.0
1000	2423.1666666666665	0.0
