0	257.6666666666667	0.0
10	70.0	1000.0
20	70.0	0.0
30	70.0	0.0
40	70.0	0.0
50	70.0	0.0
60	70.0	0.0
70	70.0	0.0
80	70.0	0.0
90	70.0	0.0
100	70.0	0.0
110	70.0	0.0
120	70.0	0.0
130	70.0	0.0
140	70.0	0.0
150	70.0	0.0
160	71.33333333333333	0.0
170	72.0	0.0
180	72.33333333333333	0.0
190	102.66666666666667	0.0
200	77.33333333333333	0.0
210	150.66666666666666	0.0
220	303.6666666666667	0.0
230	199.33333333333334	0.0
240	406.0	0.0
250	244.66666666666666	0.0
260	163.66666666666666	0.0
270	170.33333333333334	0.0
280	235.0	0.0
290	205.66666666666666	0.0
300	216.0	0.0
310	176.0	0.0
320	311.0	0.0
330	386.3333333333333	0.0
340	456.3333333333333	0.0
350	210.0	0.0
360	462.6666666666667	0.0
370	554.0	0.0
380	1094.3333333333333	0.0
390	1305.6666666666667	0.0
400	1233.3333333333333	0.0
410	1698.0	0.0
420	1368.6666666666667	0.0
430	1589.6666666666667	0.0
440	1478.3333333333333	0.0
450	1518.6666666666667	0.0
460	1266.0	0.0
470	1468.6666666666667	0.0
480	1796.6666666666667	0.0
490	2051.3333333333335	0.0
500	1680.0	0.0
510	2204.0	0.0
520	2131.3333333333335	0.0
530	2172.3333333333335	0.0
540	2353.6666666666665	0.0
550	2267.6666666666665	0.0
560	2169.0	0.0
570	2189.0	0.0
580	2218.0	0.0
590	2308.3333333333335	0.0
600	2313.6666666666665	0.0
610	2259.1666666666665	0.0
620	2127.3333333333335	0.0
630	2267.0	0.0
640	2211.6666666666665	0.0
650	2640.3333333333335	0.0
660	2455.8333333333335	0.0
670	2074.3333333333335	0.0
680	2645.6666666666665	0.0
690	2357.0	0.0
700	2759.8333333333335	0.0
710	2736.3333333333335	0.0
720	2669.1666666666665	0.0
730	2637.1666666666665	0.0
740	2733.6666666666665	0.0
750	2695.0	0.0
760	2785.3333333333335	0.0
770	2623.6666666666665	0.0
780	2702.0	0.0
790	2791.3333333333335	0.0
800	2663.6666666666665	0.0
