0	296.6666666666667	0.0
10	70.0	1000.0
20	70.0	0.0
30	70.0	0.0
40	70.0	0.0
50	70.0	0.0
60	70.0	0.0
70	70.0	0.0
80	70.0	0.0
90	70.0	0.0
100	70.0	0.0
110	70.0	0.0
120	70.0	0.0
130	70.0	0.0
140	70.0	0.0
150	70.0	0.0
160	70.0	0.0
170	71.0	0.0
180	72.0	0.0
190	73.33333333333333	0.0
200	71.66666666666667	0.0
210	81.0	0.0
220	107.0	0.0
230	73.66666666666667	0.0
240	200.33333333333334	0.0
250	408.6666666666667	0.0
260	359.0	0.0
270	309.3333333333333	0.0
280	244.66666666666666	0.0
290	308.6666666666667	0.0
300	160.0	0.0
310	249.66666666666666	0.0
320	256.0	0.0
330	146.66666666666666	0.0
340	139.33333333333334	0.0
350	184.66666666666666	0.0
360	189.33333333333334	0.0
370	189.0	0.0
380	455.3333333333333	0.0
390	562.3333333333334	0.0
400	600.6666666666666	0.0
410	779.0	0.0
420	858.0	0.0
430	1331.0	0.0
440	1559.3333333333333	0.0
450	2102.1666666666665	0.0
460	1836.3333333333333	0.0
470	1904.6666666666667	0.0
480	2121.3333333333335	0.0
490	2084.3333333333335	0.0
500	1698.6666666666667	0.0
510	1496.6666666666667	0.0
520	2181.0	0.0
530	2020.0	0.0
540	2327.0	0.0
550	2324.0	0.0
560	2121.6666666666665	0.0
570	2328.3333333333335	0.0
580	2212.6666666666665	0.0
590	2528.3333333333335	0.0
600	2341.3333333333335	0.0
610	2360.3333333333335	0.0
620	2725.3333333333335	0.0
630	2409.3333333333335	0.0
640	2337.0	0.0
650	2189.6666666666665	0.0
660	2307.0	0.0
670	2583.3333333333335	0.0
680	2713.6666666666665	0.0
690	2470.0	0.0
700	2350.0	0.0
710	2480.3333333333335	0.0
720	2427.6666666666665	0.0
730	2607.5	0.0
740	2658.5	0.0
750	2520.1666666666665	0.0
760	2625.6666666666665	0.0
770	2522.8333333333335	0.0
780	2815.0	0.0
790	2277.5	0.0
800	2289.5	0.0
