0	303.0	0.0
10	70.0	0.0
20	70.0	0.0
30	70.0	0.0
40	70.0	0.0
50	70.0	0.0
60	70.0	0.0
70	70.0	0.0
80	70.0	0.0
90	74.33333333333333	0.0
100	120.33333333333333	0.0
110	197.33333333333334	0.0
120	335.3333333333333	0.0
130	86.0	0.0
140	289.6666666666667	0.0
150	80.66666666666667	0.0
160	391.0	0.0
170	91.66666666666667	0.0
180	591.0	0.0
190	464.3333333333333	0.0
200	690.0	0.0
210	378.6666666666667	0.0
220	309.6666666666667	0.0
230	342.0	0.0
240	315.3333333333333	0.0
250	314.3333333333333	0.0
260	544.6666666666666	0.0
270	587.6666666666666	0.0
280	342.3333333333333	0.0
290	483.0	0.0
300	638.0	0.0
310	618.0	0.0
320	662.6666666666666	0.0
330	958.6666666666666	0.0
340	1407.0	0.0
350	1110.0	0.0
360	1579.5	0.0
370	859.0	0.0
380	1391.3333333333333	0.0
390	1463.0	0.0
400	2367.3333333333335	0.0
410	1484.6666666666667	0.0
420	1501.5	0.0
430	1184.3333333333333	0.0
440	1435.1666666666667	0.0
450	1614.1666666666667	0.0
460	1568.1666666666667	0.0
470	1909.6666666666667	0.0
480	1682.3333333333333	0.0
490	1926.8333333333333	0.0
500	2122.0	0.0
510	1913.6666666666667	0.0
520	2026.8333333333333	0.0
530	1523.0	0.0
540	1902.0	0.0
550	1377.3333333333333	0.0
560	2197.8333333333335	0.0
570	1798.6666666666667	0.0
580	1674.5	0.0
590	2394.3333333333335	0.0
600	1541.6666666666667	0.0
610	2020.0	0.0
620	1863.5	0.0
630	1898.6666666666667	0.0
640	2020.5	0.0
650	1717.6666666666667	0.0
660	1725.0	0.0
670	1855.3333333333333	0.0
680	2392.0	0.0
690	2618.6666666666665	0.0
700	2346.0	0.0
710	2455.3333333333335	0.0
720	2409.0	0.0
730	2567.1666666666665	0.0
740	2617.1666666666665	0.0
750	2377.0	0.0
760	2442.6666666666665	0.0
770	2240.3333333333335	0.0
780	2467.3333333333335	0.0
790	2408.0	0.0
800	2443.6666666666665	0.0
810	1691.5	0.0
820	2337.0	0.0
830	1649.6666666666667	0.0
840	2170.8333333333335	0.0
850	2253.5	0.0
860	2141.3333333333335	0.0
870	2167.3333333333335	0.0
880	1741.3333333333333	0.0
890	1755.0	0.0
900	2333.3333333333335	0.0
910	2628.5	0.0
920	2417.5	0.0
930	2489.6666666666665	0.0
940	2592.0	0.0
950	2536.5	0.0
960	2424.5	0.0
970	2357.3333333333335	0.0
980	2287.6666666666665	0.0
990	2126.0	0.0
1000	2248.5	0.0
