0	240.66666666666666	0.0
10	70.0	0.0
20	70.0	0.0
30	70.0	0.0
40	70.0	0.0
50	70.0	0.0
60	70.0	0.0
70	70.0	0.0
80	70.0	0.0
90	73.33333333333333	0.0
100	75.0	0.0
110	203.66666666666666	0.0
120	161.66666666666666	0.0
130	173.66666666666666	0.0
140	101.66666666666667	0.0
150	298.3333333333333	0.0
160	216.0	0.0
170	251.0	0.0
180	138.66666666666666	0.0
190	363.6666666666667	0.0
200	314.0	0.0
210	302.3333333333333	0.0
220	332.3333333333333	0.0
230	419.0	0.0
240	487.0	0.0
250	990.6666666666666	0.0
260	1505.0	0.0
270	2192.3333333333335	0.0
280	2204.1666666666665	0.0
290	2518.5	0.0
300	2495.6666666666665	0.0
310	2070.6666666666665	0.0
320	2135.8333333333335	0.0
330	2142.1666666666665	0.0
340	2623.6666666666665	0.0
350	2038.1666666666667	0.0
360	2166.6666666666665	0.0
370	2269.1666666666665	0.0
380	2355.3333333333335	0.0
390	2423.5	0.0
400	2584.3333333333335	0.0
410	2533.0	0.0
420	2446.0	0.0
430	2401.6666666666665	0.0
440	2531.3333333333335	0.0
450	2151.6666666666665	0.0
460	2521.6666666666665	0.0
470	2324.0	0.0
480	2313.6666666666665	0.0
490	2540.8333333333335	0.0
500	2405.6666666666665	0.0
510	1881.0	0.0
520	2394.1666666666665	0.0
530	2164.1666666666665	0.0
540	1854.0	0.0
550	1994.0	0.0
560	2266.3333333333335	0.0
570	1961.5	0.0
580	2224.6666666666665	0.0
590	2171.6666666666665	0.0
600	2125.6666666666665	0.0
610	2491.6666666666665	0.0
620	2261.3333333333335	0.0
630	2060.5	0.0
640	1991.1666666666667	0.0
650	2448.1666666666665	0.0
660	1708.6666666666667	0.0
670	1944.3333333333333	0.0
680	2040.5	0.0
690	2030.0	0.0
700	1865.6666666666667	0.0
710	2348.3333333333335	0.0
720	2064.0	0.0
730	2401.1666666666665	0.0
740	2301.0	0.0
750	2596.1666666666665	0.0
760	2625.6666666666665	0.0
770	2310.3333333333335	0.0
780	2642.5	0.0
790	2487.5	0.0
800	1543.0	0.0
810	1911.0	0.0
820	2282.0	0.0
830	2435.8333333333335	0.0
840	2288.6666666666665	0.0
850	2193.6666666666665	0.0
860	2419.3333333333335	0.0
870	2489.3333333333335	0.0
880	2399.3333333333335	0.0
890	2326.6666666666665	0.0
900	1945.0	0.0
910	2489.0	0.0
920	2734.6666666666665	0.0
930	1663.0	0.0
940	2354.8333333333335	0.0
950	2078.5	0.0
960	2534.1666666666665	0.0
970	2293.3333333333335	0.0
980	2417.1666666666665	0.0
990	1915.3333333333333	0.0
1000	1785.0	0.0
