0	242.66666666666666	0.0
10	110.0	225.0
20	100.0	0.0
30	99.0	0.0
40	95.33333333333333	0.0
50	80.33333333333333	0.0
60	70.0	0.0
70	70.0	0.0
80	70.0	0.0
90	70.0	0.0
100	70.0	0.0
110	70.0	0.0
120	70.0	0.0
130	70.0	0.0
140	70.0	0.0
150	70.0	0.0
160	70.0	0.0
170	70.0	0.0
180	70.0	0.0
190	70.66666666666667	0.0
200	70.66666666666667	0.0
210	70.0	0.0
220	80.66666666666667	0.0
230	142.66666666666666	0.0
240	282.6666666666667	0.0
250	483.0	0.0
260	230.0	0.0
270	452.0	0.0
280	261.0	0.0
290	298.6666666666667	0.0
300	133.0	0.0
310	301.3333333333333	0.0
320	228.0	0.0
330	280.0	0.0
340	193.33333333333334	0.0
350	288.6666666666667	0.0
360	295.3333333333333	0.0
370	274.0	0.0
380	404.3333333333333	0.0
390	816.6666666666666	0.0
400	459.3333333333333	0.0
410	1061.1666666666667	0.0
420	664.3333333333334	0.0
430	936.3333333333334	0.0
440	860.3333333333334	0.0
450	1415.0	0.0
460	1901.1666666666667	0.0
470	2080.6666666666665	0.0
480	1746.6666666666667	0.0
490	1613.0	0.0
500	2023.3333333333333	0.0
510	1408.6666666666667	0.0
520	2169.6666666666665	0.0
530	2137.6666666666665	0.0
540	2096.3333333333335	0.0
550	2316.0	0.0
560	2198.0	0.0
570	2325.1666666666665	0.0
580	2202.6666666666665	0.0
590	2060.0	0.0
600	1963.6666666666667	0.0
610	2269.1666666666665	0.0
620	2254.3333333333335	0.0
630	2036.0	0.0
640	2124.0	0.0
650	2686.5	0.0
660	1763.0	0.0
670	2362.5	0.0
680	2619.0	0.0
690	2349.3333333333335	0.0
700	2660.8333333333335	0.0
710	2653.0	0.0
720	2632.1666666666665	0.0
730	2663.8333333333335	0.0
740	2579.0	0.0
750	2616.3333333333335	0.0
760	2928.3333333333335	0.0
770	2371.6666666666665	0.0
780	2685.8333333333335	0.0
790	2608.3333333333335	0.0
800	2781.1666666666665	0.0
810	2912.6666666666665	0.0
820	2757.0	0.0
830	2569.0	0.0
840	2613.8333333333335	0.0
850	2582.6666666666665	0.0
860	2584.0	0.0
870	2748.5	0.0
880	2573.1666666666665	0.0
890	2859.6666666666665	0.0
900	2636.6666666666665	0.0
910	2690.3333333333335	0.0
920	2634.0	0.0
930	2581.8333333333335	0.0
940	2661.3333333333335	0.0
950	2749.0	0.0
960	2088.6666666666665	0.0
970	2150.3333333333335	0.0
980	2432.0	0.0
990	2107.8333333333335	0.0
1000	2238.8333333333335	0.0
