0	255.33333333333334	0.0
10	70.0	0.0
20	70.0	0.0
30	70.0	0.0
40	70.0	0.0
50	70.0	0.0
60	70.0	0.0
70	70.0	0.0
80	76.0	0.0
90	71.66666666666667	0.0
100	79.33333333333333	0.0
110	261.0	0.0
120	124.0	0.0
130	93.66666666666667	0.0
140	264.0	0.0
150	164.66666666666666	0.0
160	187.66666666666666	0.0
170	178.33333333333334	0.0
180	292.3333333333333	0.0
190	375.0	0.0
200	435.3333333333333	0.0
210	344.0	0.0
220	495.0	0.0
230	348.3333333333333	0.0
240	404.6666666666667	0.0
250	369.0	0.0
260	300.3333333333333	0.0
270	365.6666666666667	0.0
280	348.6666666666667	0.0
290	358.6666666666667	0.0
300	491.0	0.0
310	804.3333333333334	0.0
320	572.3333333333334	0.0
330	761.5	0.0
340	677.3333333333334	0.0
350	502.6666666666667	0.0
360	1433.5	0.0
370	2108.1666666666665	0.0
380	1996.6666666666667	0.0
390	2029.8333333333333	0.0
400	2264.1666666666665	0.0
410	2138.5	0.0
420	2433.5	0.0
430	2368.1666666666665	0.0
440	2670.3333333333335	0.0
450	1957.3333333333333	0.0
460	2000.0	0.0
470	2298.0	0.0
480	2040.0	0.0
490	2481.0	0.0
500	2511.3333333333335	0.0
510	2293.0	0.0
520	2477.6666666666665	0.0
530	2440.1666666666665	0.0
540	2434.6666666666665	0.0
550	2472.5	0.0
560	2044.3333333333333	0.0
570	2434.8333333333335	0.0
580	2337.0	0.0
590	1965.3333333333333	0.0
600	1840.1666666666667	0.0
610	2033.3333333333333	0.0
620	1670.6666666666667	0.0
630	2096.6666666666665	0.0
640	2167.1666666666665	0.0
650	2011.0	0.0
660	1915.0	0.0
670	2098.6666666666665	0.0
680	1930.0	0.0
690	2032.3333333333333	0.0
700	2037.3333333333333	0.0
710	2230.3333333333335	0.0
720	2256.8333333333335	0.0
730	2367.3333333333335	0.0
740	2371.5	0.0
750	2338.1666666666665	0.0
760	2551.3333333333335	0.0
770	2324.3333333333335	0.0
780	2563.3333333333335	0.0
790	2655.3333333333335	0.0
800	1896.8333333333333	0.0
810	2133.5	0.0
820	1885.1666666666667	0.0
830	1524.6666666666667	0.0
840	1398.0	0.0
850	1619.8333333333333	0.0
860	1598.6666666666667	0.0
870	2295.6666666666665	0.0
880	2395.0	0.0
890	2449.0	0.0
900	2114.3333333333335	0.0
910	2400.6666666666665	0.0
920	2185.0	0.0
930	2400.6666666666665	0.0
940	2522.3333333333335	0.0
950	2413.1666666666665	0.0
960	2395.5	0.0
970	2406.8333333333335	0.0
980	2335.5	0.0
990	2526.6666666666665	0.0
1000	2254.6666666666665	0.0
