0	246.66666666666666	0.0
10	70.0	0.0
20	70.0	0.0
30	70.0	0.0
40	70.0	0.0
50	70.0	0.0
60	70.0	0.0
70	70.0	0.0
80	71.0	0.0
90	74.33333333333333	0.0
100	73.0	0.0
110	89.66666666666667	0.0
120	347.6666666666667	0.0
130	194.0	0.0
140	86.66666666666667	0.0
150	336.3333333333333	0.0
160	425.3333333333333	0.0
170	178.66666666666666	0.0
180	313.3333333333333	0.0
190	386.3333333333333	0.0
200	102.0	0.0
210	158.66666666666666	0.0
220	253.66666666666666	0.0
230	334.0	0.0
240	453.0	0.0
250	338.3333333333333	0.0
260	300.3333333333333	0.0
270	342.6666666666667	0.0
280	278.3333333333333	0.0
290	447.6666666666667	0.0
300	382.0	0.0
310	400.3333333333333	0.0
320	566.6666666666666	0.0
330	706.6666666666666	0.0
340	916.8333333333334	0.0
350	944.0	0.0
360	1019.3333333333334	0.0
370	1093.1666666666667	0.0
380	1389.0	0.0
390	1759.0	0.0
400	1495.0	0.0
410	1401.6666666666667	0.0
420	2141.1666666666665	0.0
430	2334.0	0.0
440	2129.3333333333335	0.0
450	2261.5	0.0
460	2011.8333333333333	0.0
470	2546.6666666666665	0.0
480	2411.0	0.0
490	2621.6666666666665	0.0
500	2503.6666666666665	0.0
510	2317.0	0.0
520	2411.1666666666665	0.0
530	2680.0	0.0
540	2373.1666666666665	0.0
550	2634.3333333333335	0.0
560	2219.3333333333335	0.0
570	1923.8333333333333	0.0
580	1995.0	0.0
590	1747.5	0.0
600	1784.3333333333333	0.0
610	1958.6666666666667	0.0
620	1728.0	0.0
630	1821.3333333333333	0.0
640	1896.5	0.0
650	1823.8333333333333	0.0
660	2204.6666666666665	0.0
670	1991.0	0.0
680	2105.6666666666665	0.0
690	1821.3333333333333	0.0
700	2580.6666666666665	0.0
710	2122.8333333333335	0.0
720	1731.3333333333333	0.0
730	2341.6666666666665	0.0
740	2135.0	0.0
750	1675.6666666666667	0.0
760	2440.3333333333335	0.0
770	2390.0	0.0
780	2317.3333333333335	0.0
790	1714.0	0.0
800	1999.6666666666667	0.0
810	1723.0	0.0
820	1772.8333333333333	0.0
830	2045.3333333333333	0.0
840	2146.3333333333335	0.0
850	1593.0	0.0
860	1704.3333333333333	0.0
870	2164.6666666666665	0.0
880	2077.6666666666665	0.0
890	1680.6666666666667	0.0
900	2589.3333333333335	0.0
910	2383.0	0.0
920	2456.5	0.0
930	1893.6666666666667	0.0
940	2265.6666666666665	0.0
950	1952.0	0.0
960	2233.3333333333335	0.0
970	2453.1666666666665	0.0
980	2582.0	0.0
990	2390.6666666666665	0.0
1000	1926.5	0.0
