0	235.33333333333334	0.0
10	70.0	0.0
20	70.0	0.0
30	70.0	0.0
40	70.0	0.0
50	70.0	0.0
60	70.0	0.0
70	70.0	0.0
80	70.33333333333333	0.0
90	75.66666666666667	0.0
100	74.33333333333333	0.0
110	75.66666666666667	0.0
120	73.0	0.0
130	122.33333333333333	0.0
140	438.1666666666667	0.0
150	481.0	0.0
160	176.0	0.0
170	433.0	0.0
180	283.3333333333333	0.0
190	429.0	0.0
200	176.0	0.0
210	293.0	0.0
220	315.6666666666667	0.0
230	323.6666666666667	0.0
240	322.6666666666667	0.0
250	275.6666666666667	0.0
260	406.3333333333333	0.0
270	351.3333333333333	0.0
280	388.3333333333333	0.0
290	589.0	0.0
300	346.6666666666667	0.0
310	427.6666666666667	0.0
320	412.3333333333333	0.0
330	411.6666666666667	0.0
340	660.0	0.0
350	979.6666666666666	0.0
360	1227.6666666666667	0.0
370	1734.8333333333333	0.0
380	1689.3333333333333	0.0
390	2156.6666666666665	0.0
400	2156.5	0.0
410	2369.0	0.0
420	2251.1666666666665	0.0
430	2723.0	0.0
440	2646.0	0.0
450	2534.1666666666665	0.0
460	2529.3333333333335	0.0
470	2553.6666666666665	0.0
480	1906.0	0.0
490	1906.3333333333333	0.0
500	2598.1666666666665	0.0
510	2193.8333333333335	0.0
520	2203.3333333333335	0.0
530	1818.5	0.0
540	2228.8333333333335	0.0
550	2113.0	0.0
560	1539.6666666666667	0.0
570	1851.5	0.0
580	1912.6666666666667	0.0
590	1994.3333333333333	0.0
600	1813.3333333333333	0.0
610	1443.0	0.0
620	1923.8333333333333	0.0
630	1820.1666666666667	0.0
640	1408.0	0.0
650	1674.3333333333333	0.0
660	1776.5	0.0
670	1915.3333333333333	0.0
680	1753.0	0.0
690	2068.0	0.0
700	1815.6666666666667	0.0
710	1758.3333333333333	0.0
720	2203.6666666666665	0.0
730	2152.3333333333335	0.0
740	2293.3333333333335	0.0
750	2255.5	0.0
760	2568.0	0.0
770	2581.5	0.0
780	2301.6666666666665	0.0
790	2544.3333333333335	0.0
800	2215.6666666666665	0.0
810	2608.3333333333335	0.0
820	2280.6666666666665	0.0
830	2189.6666666666665	0.0
840	2588.6666666666665	0.0
850	2691.5	0.0
860	2460.3333333333335	0.0
870	2342.8333333333335	0.0
880	2212.3333333333335	0.0
890	2185.3333333333335	0.0
900	1838.1666666666667	0.0
910	2241.6666666666665	0.0
920	1767.3333333333333	0.0
930	2082.1666666666665	0.0
940	1690.0	0.0
950	1749.1666666666667	0.0
960	2234.0	0.0
970	1862.0	0.0
980	2305.3333333333335	0.0
990	1839.8333333333333	0.0
1000	2021.5	0.0
