0	262.0	0.0
10	130.0	1000.0
20	105.33333333333333	0.0
30	129.0	0.0
40	185.0	0.0
50	708.6666666666666	0.0
60	171.0	0.0
70	1585.6666666666667	0.0
80	1452.8333333333333	0.0
90	1911.0	0.0
100	2171.8333333333335	0.0
110	2016.3333333333333	0.0
120	2382.3333333333335	0.0
130	2010.6666666666667	0.0
140	2143.0	0.0
150	2247.0	0.0
160	2304.6666666666665	0.0
170	2350.0	0.0
180	2556.0	0.0
190	2440.6666666666665	0.0
200	1852.0	0.0
210	2289.6666666666665	0.0
220	2340.0	0.0
230	2297.6666666666665	0.0
240	2539.1666666666665	0.0
250	2590.3333333333335	0.0
260	2365.0	0.0
270	2552.8333333333335	0.0
280	2663.0	0.0
290	2235.0	0.0
300	2315.5	0.0
310	2207.8333333333335	0.0
320	2379.6666666666665	0.0
330	2409.0	0.0
340	2382.3333333333335	0.0
350	2515.6666666666665	0.0
360	1651.1666666666667	0.0
370	1919.1666666666667	0.0
380	1878.3333333333333	0.0
390	2422.0	0.0
400	2184.8333333333335	0.0
410	2450.1666666666665	0.0
420	2337.8333333333335	0.0
430	2445.8333333333335	0.0
440	2299.0	0.0
450	2351.5	0.0
460	2142.6666666666665	0.0
470	1873.8333333333333	0.0
480	1816.5	0.0
490	2108.3333333333335	0.0
500	1872.3333333333333	0.0
510	2017.0	0.0
520	2253.6666666666665	0.0
530	2251.3333333333335	0.0
540	2482.3333333333335	0.0
550	2407.0	0.0
560	2473.6666666666665	0.0
570	2097.3333333333335	0.0
580	2515.3333333333335	0.0
590	2662.3333333333335	0.0
600	1848.8333333333333	0.0
