0	227.0	0.0
10	70.0	5.0
20	70.0	8.0
30	70.0	38.0
40	70.0	90.0
50	70.0	24.0
60	70.0	19.0
70	70.66666666666667	9.0
80	74.33333333333333	17.0
90	97.33333333333333	23.0
100	70.0	235.0
110	72.33333333333333	26.0
120	74.0	84.0
130	336.0	33.0
140	484.0	361.0
150	618.0	28.0
160	1392.3333333333333	0.0
170	1578.0	0.0
180	1511.3333333333333	0.0
190	1851.3333333333333	0.0
200	2119.6666666666665	0.0
210	1788.6666666666667	0.0
220	1801.3333333333333	0.0
230	2287.3333333333335	0.0
240	2358.8333333333335	0.0
250	2418.6666666666665	0.0
260	2527.5	0.0
270	2544.8333333333335	0.0
280	2567.3333333333335	0.0
290	2322.3333333333335	0.0
300	2273.3333333333335	0.0
310	2280.3333333333335	0.0
320	2447.0	0.0
330	2374.6666666666665	0.0
340	2333.1666666666665	0.0
350	2334.0	0.0
360	2442.0	0.0
370	2456.3333333333335	0.0
380	2413.5	0.0
390	2389.3333333333335	0.0
400	2505.3333333333335	0.0
410	2350.0	0.0
420	2244.6666666666665	0.0
430	1983.3333333333333	0.0
440	1639.3333333333333	0.0
450	1964.3333333333333	0.0
460	1853.0	0.0
470	2152.0	0.0
480	2215.0	0.0
490	1978.5	0.0
500	2234.1666666666665	0.0
510	2026.6666666666667	0.0
520	2252.1666666666665	0.0
530	2074.3333333333335	0.0
540	1987.0	0.0
550	2199.8333333333335	0.0
560	2020.0	0.0
570	1908.5	0.0
580	2247.5	0.0
590	1766.0	0.0
600	2305.6666666666665	0.0
610	2341.3333333333335	0.0
620	2000.5	0.0
630	2451.0	0.0
640	2135.5	0.0
650	2055.5	0.0
660	1907.5	0.0
670	1942.0	0.0
680	2343.8333333333335	0.0
690	1935.6666666666667	0.0
700	1885.6666666666667	0.0
710	2261.6666666666665	0.0
720	2640.6666666666665	0.0
730	2653.0	0.0
740	2025.8333333333333	0.0
750	2327.8333333333335	0.0
760	2401.6666666666665	0.0
770	1870.3333333333333	0.0
780	1783.1666666666667	0.0
790	2348.6666666666665	0.0
800	1801.0	0.0
810	2430.1666666666665	0.0
820	2389.8333333333335	0.0
830	2011.3333333333333	0.0
840	2157.3333333333335	0.0
850	1971.0	0.0
860	2323.5	0.0
870	2579.5	0.0
880	2484.6666666666665	0.0
890	1683.5	0.0
900	1725.6666666666667	0.0
910	1790.6666666666667	0.0
920	1602.6666666666667	0.0
930	1498.0	0.0
940	1624.6666666666667	0.0
950	1733.6666666666667	0.0
960	2438.0	0.0
970	1593.0	0.0
980	1808.6666666666667	0.0
990	2308.1666666666665	0.0
1000	2478.6666666666665	0.0
