0	274.0	0.0
10	70.0	0.0
20	70.0	0.0
30	70.0	0.0
40	70.0	0.0
50	70.0	0.0
60	70.0	0.0
70	70.0	0.0
80	70.0	0.0
90	70.0	0.0
100	70.0	0.0
110	70.0	0.0
120	70.0	0.0
130	70.0	0.0
140	70.0	0.0
150	70.0	0.0
160	70.0	0.0
170	70.0	0.0
180	71.0	0.0
190	70.0	0.0
200	70.0	0.0
210	70.66666666666667	0.0
220	77.66666666666667	0.0
230	71.0	0.0
240	119.0	0.0
250	136.33333333333334	0.0
260	263.3333333333333	0.0
270	173.66666666666666	0.0
280	193.66666666666666	0.0
290	134.66666666666666	0.0
300	146.66666666666666	0.0
310	138.66666666666666	0.0
320	162.33333333333334	0.0
330	228.66666666666666	0.0
340	147.66666666666666	0.0
350	144.33333333333334	0.0
360	155.0	0.0
370	146.0	0.0
380	193.66666666666666	0.0
390	187.66666666666666	0.0
400	219.0	0.0
410	218.0	0.0
420	254.33333333333334	0.0
430	138.0	0.0
440	171.66666666666666	0.0
450	296.6666666666667	0.0
460	347.6666666666667	0.0
470	518.6666666666666	0.0
480	770.0	0.0
490	818.0	0.0
500	981.5	0.0
510	796.0	0.0
520	852.6666666666666	0.0
530	834.3333333333334	0.0
540	1277.8333333333333	0.0
550	1643.6666666666667	0.0
560	1509.0	0.0
570	1795.8333333333333	0.0
580	1939.1666666666667	0.0
590	1916.3333333333333	0.0
600	1864.6666666666667	0.0
