0	264.3333333333333	0.0
10	70.0	0.0
20	70.0	0.0
30	70.0	0.0
40	70.0	0.0
50	70.0	0.0
60	70.0	0.0
70	70.0	0.0
80	70.0	0.0
90	74.66666666666667	0.0
100	73.66666666666667	0.0
110	134.33333333333334	0.0
120	320.6666666666667	0.0
130	188.66666666666666	0.0
140	162.0	0.0
150	202.66666666666666	0.0
160	150.33333333333334	0.0
170	366.6666666666667	0.0
180	170.0	0.0
190	117.0	0.0
200	117.33333333333333	0.0
210	154.33333333333334	0.0
220	265.0	0.0
230	292.3333333333333	0.0
240	383.0	0.0
250	552.0	0.0
260	446.0	0.0
270	394.0	0.0
280	290.3333333333333	0.0
290	273.6666666666667	0.0
300	492.3333333333333	0.0
310	540.3333333333334	0.0
320	570.6666666666666	0.0
330	513.0	0.0
340	679.6666666666666	0.0
350	541.3333333333334	0.0
360	675.6666666666666	0.0
370	952.0	0.0
380	779.3333333333334	0.0
390	898.6666666666666	0.0
400	894.0	0.0
410	813.6666666666666	0.0
420	1080.0	0.0
430	1208.8333333333333	0.0
440	1525.5	0.0
450	1934.5	0.0
460	1662.6666666666667	0.0
470	2408.0	0.0
480	2375.5	0.0
490	2444.5	0.0
500	2353.3333333333335	0.0
510	2085.0	0.0
520	2617.6666666666665	0.0
530	2417.0	0.0
540	2065.5	0.0
550	1954.6666666666667	0.0
560	1951.3333333333333	0.0
570	1885.0	0.0
580	1679.6666666666667	0.0
590	2210.8333333333335	0.0
600	1956.0	0.0
610	1679.0	0.0
620	1936.1666666666667	0.0
630	1824.3333333333333	0.0
640	1845.3333333333333	0.0
650	1708.6666666666667	0.0
660	1998.6666666666667	0.0
670	1495.6666666666667	0.0
680	2430.1666666666665	0.0
690	2409.6666666666665	0.0
700	2072.1666666666665	0.0
710	2397.5	0.0
720	2247.3333333333335	0.0
730	2621.1666666666665	0.0
740	2477.5	0.0
750	2329.0	0.0
760	2235.3333333333335	0.0
770	2013.8333333333333	0.0
780	2096.3333333333335	0.0
790	2075.6666666666665	0.0
800	2398.6666666666665	0.0
810	2622.3333333333335	0.0
820	2339.6666666666665	0.0
830	2258.3333333333335	0.0
840	2393.3333333333335	0.0
850	2588.8333333333335	0.0
860	2058.3333333333335	0.0
870	1798.6666666666667	0.0
880	1878.0	0.0
890	2417.1666666666665	0.0
900	2423.1666666666665	0.0
910	2473.5	0.0
920	1914.0	0.0
930	1989.1666666666667	0.0
940	1920.3333333333333	0.0
950	1780.3333333333333	0.0
960	1962.6666666666667	0.0
970	1743.6666666666667	0.0
980	2186.6666666666665	0.0
990	2051.6666666666665	0.0
1000	2094.0	0.0
