0	251.0	0.0
10	70.0	31.0
20	70.0	0.0
30	70.0	0.0
40	70.0	0.0
50	70.0	0.0
60	70.0	0.0
70	70.0	0.0
80	70.0	0.0
90	70.0	0.0
100	70.0	0.0
110	70.0	0.0
120	70.0	0.0
130	70.0	0.0
140	70.0	0.0
150	70.66666666666667	0.0
160	70.0	0.0
170	70.33333333333333	0.0
180	70.33333333333333	0.0
190	70.66666666666667	0.0
200	72.33333333333333	0.0
210	72.66666666666667	0.0
220	78.33333333333333	0.0
230	75.0	0.0
240	88.66666666666667	0.0
250	140.33333333333334	0.0
260	232.66666666666666	0.0
270	192.66666666666666	0.0
280	302.6666666666667	0.0
290	150.0	0.0
300	129.66666666666666	0.0
310	154.33333333333334	0.0
320	130.0	0.0
330	130.0	0.0
340	130.0	0.0
350	139.0	0.0
360	139.0	0.0
370	161.33333333333334	0.0
380	219.33333333333334	0.0
390	194.66666666666666	0.0
400	198.33333333333334	0.0
410	202.0	0.0
420	154.0	0.0
430	187.33333333333334	0.0
440	281.0	0.0
450	923.3333333333334	0.0
460	785.3333333333334	0.0
470	1052.6666666666667	0.0
480	1061.5	0.0
490	1416.0	0.0
500	1380.0	0.0
510	1560.6666666666667	0.0
520	1620.3333333333333	0.0
530	1909.6666666666667	0.0
540	1561.3333333333333	0.0
550	1739.0	0.0
560	2020.3333333333333	0.0
570	2096.0	0.0
580	2207.5	0.0
590	2155.5	0.0
600	2312.3333333333335	0.0
610	2337.3333333333335	0.0
620	2133.0	0.0
630	2248.3333333333335	0.0
640	2285.0	0.0
650	2270.5	0.0
660	2410.6666666666665	0.0
670	2597.1666666666665	0.0
680	2410.8333333333335	0.0
690	2080.6666666666665	0.0
700	2332.0	0.0
710	2610.3333333333335	0.0
720	2480.6666666666665	0.0
730	2178.3333333333335	0.0
740	2486.1666666666665	0.0
750	2626.3333333333335	0.0
760	2563.0	0.0
770	2568.6666666666665	0.0
780	2815.8333333333335	0.0
790	2702.6666666666665	0.0
800	2558.1666666666665	0.0
