0	230.66666666666666	0.0
10	100.0	1000.0
20	96.33333333333333	0.0
30	71.66666666666667	0.0
40	70.0	0.0
50	1379.0	0.0
60	91.33333333333333	0.0
70	1185.0	0.0
80	1880.3333333333333	0.0
90	1605.3333333333333	0.0
100	2176.1666666666665	0.0
110	1806.6666666666667	0.0
120	2183.0	0.0
130	2497.3333333333335	0.0
140	2392.1666666666665	0.0
150	2222.1666666666665	0.0
160	2095.6666666666665	0.0
170	2077.8333333333335	0.0
180	2209.1666666666665	0.0
190	2231.3333333333335	0.0
200	1944.0	0.0
210	2175.0	0.0
220	2416.0	0.0
230	2503.3333333333335	0.0
240	2248.8333333333335	0.0
250	2605.0	0.0
260	2531.8333333333335	0.0
270	2480.6666666666665	0.0
280	1739.3333333333333	0.0
290	2370.0	0.0
300	935.0	0.0
310	1542.6666666666667	0.0
320	2223.3333333333335	0.0
330	2295.5	0.0
340	2005.6666666666667	0.0
350	2040.8333333333333	0.0
360	2268.0	0.0
370	2355.8333333333335	0.0
380	2155.0	0.0
390	2194.6666666666665	0.0
400	2290.6666666666665	0.0
410	1517.0	0.0
420	1438.0	0.0
430	1728.0	0.0
440	2033.1666666666667	0.0
450	2229.6666666666665	0.0
460	1536.5	0.0
470	2031.3333333333333	0.0
480	1575.3333333333333	0.0
490	2348.1666666666665	0.0
500	2172.3333333333335	0.0
510	2045.3333333333333	0.0
520	1938.1666666666667	0.0
530	2380.6666666666665	0.0
540	2240.3333333333335	0.0
550	2366.6666666666665	0.0
560	2559.5	0.0
570	2529.0	0.0
580	1852.3333333333333	0.0
590	1818.6666666666667	0.0
600	1782.6666666666667	0.0
