0	268.0	0.0
10	70.66666666666667	1000.0
20	70.0	0.0
30	70.0	0.0
40	70.0	0.0
50	197.33333333333334	0.0
60	107.0	0.0
70	584.3333333333334	0.0
80	333.6666666666667	0.0
90	1824.6666666666667	0.0
100	1786.0	0.0
110	1914.6666666666667	0.0
120	2077.6666666666665	0.0
130	2175.8333333333335	0.0
140	2295.8333333333335	0.0
150	2408.5	0.0
160	2199.8333333333335	0.0
170	2491.0	0.0
180	2379.0	0.0
190	2390.0	0.0
200	2372.3333333333335	0.0
210	2509.8333333333335	0.0
220	2514.1666666666665	0.0
230	2366.6666666666665	0.0
240	2222.0	0.0
250	2174.8333333333335	0.0
260	2428.3333333333335	0.0
270	2409.3333333333335	0.0
280	1732.0	0.0
290	1685.8333333333333	0.0
300	2002.3333333333333	0.0
310	1701.3333333333333	0.0
320	1474.8333333333333	0.0
330	2001.3333333333333	0.0
340	1438.6666666666667	0.0
350	2248.3333333333335	0.0
360	2076.6666666666665	0.0
370	2395.6666666666665	0.0
380	2093.0	0.0
390	1813.5	0.0
400	2332.8333333333335	0.0
410	2158.8333333333335	0.0
420	2355.3333333333335	0.0
430	2126.8333333333335	0.0
440	2258.0	0.0
450	1949.5	0.0
460	2146.5	0.0
470	1529.3333333333333	0.0
480	1603.1666666666667	0.0
490	1696.0	0.0
500	1538.3333333333333	0.0
510	2245.5	0.0
520	2511.3333333333335	0.0
530	1747.1666666666667	0.0
540	1918.8333333333333	0.0
550	2075.0	0.0
560	2119.0	0.0
570	2410.3333333333335	0.0
580	2654.0	0.0
590	2374.0	0.0
600	2282.6666666666665	0.0
