0	258.66666666666663	0.0
10	70.0	256.1
20	70.0	464.1666666666667
30	70.0	230.8
40	70.0	48.93333333333333
50	70.0	0.0
60	70.0	0.0
70	70.1	0.0
80	70.88888888888889	0.0
90	74.16666666666666	0.0
100	80.75555555555555	0.0
110	152.84444444444443	0.0
120	194.4444444444444	0.0
130	187.4	0.0
140	265.3111111111111	0.0
150	222.07777777777775	0.0
160	238.8333333333333	0.0
170	248.44444444444443	0.0
180	241.10000000000002	0.0
190	298.5	0.0
200	322.9333333333333	0.0
210	355.4111111111111	0.0
220	337.988888888889	0.0
230	313.6111111111111	0.0
240	339.77777777777777	0.0
250	367.5777777777778	0.0
260	387.0444444444445	0.0
270	409.6333333333333	0.0
280	446.4666666666665	0.0
290	559.8333333333334	0.0
300	603.6611111111109	0.0
310	740.1499999999999	0.0
320	826.9888888888889	0.0
330	1031.9944444444445	0.0
340	1182.4833333333333	0.0
350	1289.2388888888888	0.0
360	1422.6944444444443	0.0
370	1610.0333333333333	0.0
380	1591.3	0.0
390	1732.8333333333333	0.0
400	1855.0166666666667	0.0
410	1988.8555555555556	0.0
420	1923.1222222222218	0.0
430	2030.9944444444443	0.0
440	2079.4166666666665	0.0
450	2072.611111111111	0.0
460	2067.355555555556	0.0
470	2092.0166666666673	0.0
480	2163.772222222223	0.0
490	2103.2888888888892	0.0
500	2095.6166666666663	0.0
510	2080.35	0.0
520	2100.416666666667	0.0
530	2093.8777777777777	0.0
540	2066.438888888889	0.0
550	2100.138888888889	0.0
560	2046.1444444444444	0.0
570	2113.577777777778	0.0
580	2098.8	0.0
590	2044.6055555555556	0.0
600	1997.2777777777776	0.0
610	2020.7944444444443	0.0
620	2100.833333333333	0.0
630	2153.477777777778	0.0
640	2108.8722222222223	0.0
650	2068.4777777777776	0.0
660	2089.861111111111	0.0
670	2092.7055555555557	0.0
680	2157.738888888889	0.0
690	2039.4888888888888	0.0
700	1988.8833333333337	0.0
710	2073.2611111111105	0.0
720	2171.8888888888887	0.0
730	2208.0777777777776	0.0
740	2201.8166666666666	0.0
750	2197.7833333333333	0.0
760	2248.994444444444	0.0
770	2226.516666666667	0.0
780	2199.2055555555557	0.0
790	2221.1333333333337	0.0
800	2199.4166666666665	0.0
810	2291.5888888888885	0.0
820	2241.233333333333	0.0
830	2255.711111111111	0.0
840	2197.4722222222217	0.0
850	2171.677777777778	0.0
860	2172.5000000000005	0.0
870	2233.5111111111114	0.0
880	2197.877777777778	0.0
890	2238.3833333333337	0.0
900	2205.6	0.0
910	2137.538888888889	0.0
920	2272.9611111111108	0.0
930	2129.4444444444443	0.0
940	2231.022222222222	0.0
950	2170.2055555555553	0.0
960	2058.0333333333333	0.0
970	2135.361111111111	0.0
980	2123.1111111111113	0.0
990	2121.6	0.0
1000	2275.416666666666	0.0
