0	255.33333333333334	0.0
10	70.0	1000.0
20	70.0	0.0
30	70.0	0.0
40	70.0	0.0
50	71.33333333333333	0.0
60	432.6666666666667	0.0
70	471.0	0.0
80	196.66666666666666	0.0
90	216.0	0.0
100	134.66666666666666	0.0
110	314.3333333333333	0.0
120	1129.6666666666667	0.0
130	2169.0	0.0
140	2156.1666666666665	0.0
150	2196.3333333333335	0.0
160	2085.0	0.0
170	2087.0	0.0
180	2292.6666666666665	0.0
190	1890.0	0.0
200	2205.0	0.0
210	2186.0	0.0
220	2675.3333333333335	0.0
230	2462.6666666666665	0.0
240	1516.3333333333333	0.0
250	2456.0	0.0
260	2193.3333333333335	0.0
270	2495.1666666666665	0.0
280	2455.1666666666665	0.0
290	1720.0	0.0
300	1711.8333333333333	0.0
310	1587.0	0.0
320	2416.0	0.0
330	1919.8333333333333	0.0
340	1750.3333333333333	0.0
350	2616.8333333333335	0.0
360	2286.0	0.0
370	2560.3333333333335	0.0
380	2414.0	0.0
390	2006.5	0.0
400	1648.6666666666667	0.0
410	1758.1666666666667	0.0
420	1670.0	0.0
430	1833.8333333333333	0.0
440	1929.6666666666667	0.0
450	2318.6666666666665	0.0
460	1925.3333333333333	0.0
470	2348.6666666666665	0.0
480	2277.0	0.0
490	1665.3333333333333	0.0
500	1970.3333333333333	0.0
510	1684.6666666666667	0.0
520	1724.1666666666667	0.0
530	1571.6666666666667	0.0
540	1921.0	0.0
550	2296.3333333333335	0.0
560	2330.1666666666665	0.0
570	2623.0	0.0
580	2370.6666666666665	0.0
590	2406.3333333333335	0.0
600	2673.3333333333335	0.0
610	2705.0	0.0
620	1577.6666666666667	0.0
630	2161.6666666666665	0.0
640	1897.6666666666667	0.0
650	2357.1666666666665	0.0
660	2243.5	0.0
670	2171.5	0.0
680	2439.0	0.0
690	2269.5	0.0
700	2135.3333333333335	0.0
710	2315.3333333333335	0.0
720	2190.5	0.0
730	2155.6666666666665	0.0
740	1947.3333333333333	0.0
750	1750.0	0.0
760	1908.6666666666667	0.0
770	1744.0	0.0
780	1672.8333333333333	0.0
790	1909.3333333333333	0.0
800	1896.6666666666667	0.0
810	2239.6666666666665	0.0
820	2439.6666666666665	0.0
830	2353.3333333333335	0.0
840	2624.1666666666665	0.0
850	2270.8333333333335	0.0
860	2322.0	0.0
870	2363.1666666666665	0.0
880	2564.6666666666665	0.0
890	2283.5	0.0
900	2514.6666666666665	0.0
910	2280.3333333333335	0.0
920	2430.3333333333335	0.0
930	2145.5	0.0
940	1677.0	0.0
950	2599.3333333333335	0.0
960	2305.0	0.0
970	2494.6666666666665	0.0
980	2077.5	0.0
990	1629.3333333333333	0.0
1000	1984.5	0.0
