0	270.3333333333333	0.0
10	70.0	1000.0
20	70.0	0.0
30	70.0	0.0
40	70.0	0.0
50	74.66666666666667	0.0
60	115.66666666666667	0.0
70	459.6666666666667	0.0
80	155.33333333333334	0.0
90	90.66666666666667	0.0
100	184.0	0.0
110	486.3333333333333	0.0
120	935.6666666666666	0.0
130	1476.3333333333333	0.0
140	1694.0	0.0
150	1822.0	0.0
160	2064.6666666666665	0.0
170	2100.3333333333335	0.0
180	1874.3333333333333	0.0
190	2258.1666666666665	0.0
200	2160.6666666666665	0.0
210	2159.0	0.0
220	2299.0	0.0
230	2231.0	0.0
240	2270.3333333333335	0.0
250	2437.5	0.0
260	2382.8333333333335	0.0
270	2201.0	0.0
280	2115.3333333333335	0.0
290	2388.8333333333335	0.0
300	1739.3333333333333	0.0
310	2418.0	0.0
320	2288.6666666666665	0.0
330	2396.3333333333335	0.0
340	2244.3333333333335	0.0
350	1382.0	0.0
360	1763.6666666666667	0.0
370	2443.6666666666665	0.0
380	1979.6666666666667	0.0
390	2227.5	0.0
400	1913.3333333333333	0.0
410	1679.0	0.0
420	1690.6666666666667	0.0
430	1620.8333333333333	0.0
440	2179.8333333333335	0.0
450	1684.0	0.0
460	2046.0	0.0
470	1344.3333333333333	0.0
480	1781.6666666666667	0.0
490	2259.3333333333335	0.0
500	1835.0	0.0
510	2015.3333333333333	0.0
520	1807.5	0.0
530	2466.0	0.0
540	1176.8333333333333	0.0
550	1785.0	0.0
560	2310.1666666666665	0.0
570	1636.3333333333333	0.0
580	1845.0	0.0
590	2195.8333333333335	0.0
600	1927.5	0.0
610	1656.6666666666667	0.0
620	2185.1666666666665	0.0
630	2520.8333333333335	0.0
640	2427.3333333333335	0.0
650	2496.3333333333335	0.0
660	2406.6666666666665	0.0
670	2425.6666666666665	0.0
680	2548.6666666666665	0.0
690	2473.6666666666665	0.0
700	2588.0	0.0
710	2430.3333333333335	0.0
720	2663.6666666666665	0.0
730	2445.0	0.0
740	2460.5	0.0
750	2516.3333333333335	0.0
760	1801.3333333333333	0.0
770	2097.6666666666665	0.0
780	2051.6666666666665	0.0
790	1699.3333333333333	0.0
800	1808.8333333333333	0.0
810	1880.6666666666667	0.0
820	2180.0	0.0
830	2007.0	0.0
840	1960.0	0.0
850	2234.3333333333335	0.0
860	2497.0	0.0
870	2567.1666666666665	0.0
880	2552.6666666666665	0.0
890	1960.6666666666667	0.0
900	1782.5	0.0
910	1795.6666666666667	0.0
920	2502.6666666666665	0.0
930	1867.0	0.0
940	2253.0	0.0
950	1647.0	0.0
960	1766.8333333333333	0.0
970	1788.6666666666667	0.0
980	2016.0	0.0
990	1584.1666666666667	0.0
1000	1533.6666666666667	0.0
