0	259.3333333333333	0.0
10	70.0	1000.0
20	70.0	0.0
30	70.0	0.0
40	70.0	0.0
50	71.0	0.0
60	157.0	0.0
70	91.66666666666667	0.0
80	590.3333333333334	0.0
90	72.66666666666667	0.0
100	601.6666666666666	0.0
110	187.66666666666666	0.0
120	1713.6666666666667	0.0
130	1756.3333333333333	0.0
140	1592.3333333333333	0.0
150	1988.0	0.0
160	1762.6666666666667	0.0
170	2180.8333333333335	0.0
180	2524.0	0.0
190	2430.6666666666665	0.0
200	2176.3333333333335	0.0
210	1991.0	0.0
220	2210.6666666666665	0.0
230	2520.3333333333335	0.0
240	2316.3333333333335	0.0
250	2791.8333333333335	0.0
260	2554.8333333333335	0.0
270	2305.1666666666665	0.0
280	2550.8333333333335	0.0
290	2479.6666666666665	0.0
300	2189.6666666666665	0.0
310	2310.0	0.0
320	2294.3333333333335	0.0
330	1860.6666666666667	0.0
340	1926.8333333333333	0.0
350	1885.0	0.0
360	1860.6666666666667	0.0
370	1779.5	0.0
380	2056.6666666666665	0.0
390	2026.3333333333333	0.0
400	1634.3333333333333	0.0
410	1978.0	0.0
420	1943.0	0.0
430	1784.3333333333333	0.0
440	2584.6666666666665	0.0
450	2333.3333333333335	0.0
460	2390.0	0.0
470	2486.0	0.0
480	1434.3333333333333	0.0
490	2379.3333333333335	0.0
500	2494.3333333333335	0.0
510	2483.5	0.0
520	2470.3333333333335	0.0
530	2396.6666666666665	0.0
540	2276.6666666666665	0.0
550	2428.0	0.0
560	2270.5	0.0
570	2466.3333333333335	0.0
580	1919.1666666666667	0.0
590	2181.1666666666665	0.0
600	2233.8333333333335	0.0
610	1815.0	0.0
620	1404.8333333333333	0.0
630	2102.6666666666665	0.0
640	2302.5	0.0
650	1592.5	0.0
660	1031.6666666666667	0.0
670	1330.8333333333333	0.0
680	1626.0	0.0
690	1633.6666666666667	0.0
700	2302.3333333333335	0.0
710	1942.6666666666667	0.0
720	1997.1666666666667	0.0
730	2312.6666666666665	0.0
740	1880.3333333333333	0.0
750	2302.3333333333335	0.0
760	2382.0	0.0
770	2760.8333333333335	0.0
780	2396.0	0.0
790	2449.3333333333335	0.0
800	2248.3333333333335	0.0
810	2057.0	0.0
820	2487.3333333333335	0.0
830	2575.6666666666665	0.0
840	2425.6666666666665	0.0
850	2298.0	0.0
860	2524.3333333333335	0.0
870	2358.5	0.0
880	1884.3333333333333	0.0
890	2519.0	0.0
900	2358.3333333333335	0.0
910	2464.0	0.0
920	2486.3333333333335	0.0
930	2403.0	0.0
940	2459.6666666666665	0.0
950	2424.3333333333335	0.0
960	2477.3333333333335	0.0
970	2303.5	0.0
980	2340.6666666666665	0.0
990	2469.8333333333335	0.0
1000	2736.6666666666665	0.0
