0	258.02222222222224	0.0
10	70.0	1000.0
20	70.0	0.0
30	70.0	0.0
40	70.0	0.0
50	70.0	0.0
60	70.0	0.0
70	70.0	0.0
80	70.0	0.0
90	70.0	0.0
100	70.0	0.0
110	70.0	0.0
120	70.0	0.0
130	70.02222222222223	0.0
140	70.02222222222221	0.0
150	70.2888888888889	0.0
160	70.47777777777779	0.0
170	71.62222222222222	0.0
180	73.24444444444444	0.0
190	73.63333333333334	0.0
200	76.07777777777777	0.0
210	94.85555555555557	0.0
220	118.0	0.0
230	178.67777777777778	0.0
240	183.7666666666667	0.0
250	198.7111111111111	0.0
260	245.70000000000002	0.0
270	240.06666666666663	0.0
280	236.37777777777777	0.0
290	227.6222222222222	0.0
300	211.46666666666664	0.0
310	240.85555555555558	0.0
320	262.4888888888888	0.0
330	249.7111111111111	0.0
340	309.2444444444444	0.0
350	426.87777777777785	0.0
360	466.8166666666666	0.0
370	557.3888888888888	0.0
380	650.8833333333336	0.0
390	766.0	0.0
400	850.411111111111	0.0
410	960.5333333333333	0.0
420	1075.7388888888886	0.0
430	1201.461111111111	0.0
440	1267.4055555555556	0.0
450	1410.077777777778	0.0
460	1486.1833333333334	0.0
470	1482.7055555555557	0.0
480	1639.0777777777776	0.0
490	1726.1555555555553	0.0
500	1768.988888888889	0.0
510	1794.2499999999995	0.0
520	1924.7277777777776	0.0
530	1889.0666666666664	0.0
540	1986.1166666666663	0.0
550	1998.4444444444443	0.0
560	2039.7444444444445	0.0
570	2115.1	0.0
580	2107.0388888888892	0.0
590	2212.638888888889	0.0
600	2231.4	0.0
610	2236.233333333334	0.0
620	2277.0111111111105	0.0
630	2417.6611111111115	0.0
640	2329.5666666666666	0.0
650	2405.8499999999995	0.0
660	2435.011111111111	0.0
670	2413.0333333333333	0.0
680	2477.805555555555	0.0
690	2508.977777777778	0.0
700	2456.5222222222224	0.0
710	2478.4055555555556	0.0
720	2547.4222222222224	0.0
730	2573.177777777777	0.0
740	2542.6499999999996	0.0
750	2523.655555555555	0.0
760	2506.222222222222	0.0
770	2563.4055555555556	0.0
780	2566.4333333333334	0.0
790	2548.188888888889	0.0
800	2548.511111111111	0.0
