0	292.6666666666667	0.0
10	70.0	1000.0
20	70.0	0.0
30	70.0	0.0
40	70.0	0.0
50	70.0	0.0
60	70.0	0.0
70	70.0	0.0
80	70.0	0.0
90	70.0	0.0
100	70.0	0.0
110	70.0	0.0
120	70.0	0.0
130	70.0	0.0
140	70.0	0.0
150	70.66666666666667	0.0
160	70.0	0.0
170	80.0	0.0
180	70.0	0.0
190	80.0	0.0
200	72.0	0.0
210	185.0	0.0
220	149.33333333333334	0.0
230	153.0	0.0
240	189.0	0.0
250	196.33333333333334	0.0
260	170.0	0.0
270	146.0	0.0
280	130.0	0.0
290	131.66666666666666	0.0
300	154.66666666666666	0.0
310	163.0	0.0
320	131.0	0.0
330	187.33333333333334	0.0
340	197.66666666666666	0.0
350	227.66666666666666	0.0
360	433.3333333333333	0.0
370	655.3333333333334	0.0
380	580.0	0.0
390	720.6666666666666	0.0
400	619.0	0.0
410	670.3333333333334	0.0
420	1020.5	0.0
430	1158.3333333333333	0.0
440	1199.6666666666667	0.0
450	1195.0	0.0
460	1631.6666666666667	0.0
470	1814.8333333333333	0.0
480	2133.1666666666665	0.0
490	2172.1666666666665	0.0
500	2180.0	0.0
510	1537.0	0.0
520	2108.6666666666665	0.0
530	2089.0	0.0
540	1739.6666666666667	0.0
550	1890.3333333333333	0.0
560	2143.8333333333335	0.0
570	1907.0	0.0
580	1914.6666666666667	0.0
590	2139.5	0.0
600	2279.6666666666665	0.0
610	2303.6666666666665	0.0
620	2150.6666666666665	0.0
630	2428.3333333333335	0.0
640	2586.3333333333335	0.0
650	2355.1666666666665	0.0
660	2256.5	0.0
670	2444.1666666666665	0.0
680	2458.3333333333335	0.0
690	2570.5	0.0
700	2487.0	0.0
710	2590.1666666666665	0.0
720	2563.1666666666665	0.0
730	2648.1666666666665	0.0
740	2596.3333333333335	0.0
750	2239.1666666666665	0.0
760	2558.6666666666665	0.0
770	2414.8333333333335	0.0
780	2562.0	0.0
790	2558.0	0.0
800	2451.1666666666665	0.0
