0	281.6666666666667	0.0
10	70.0	0.0
20	70.0	0.0
30	70.0	0.0
40	70.0	0.0
50	70.0	0.0
60	70.0	0.0
70	70.0	0.0
80	70.0	0.0
90	72.0	0.0
100	105.66666666666667	0.0
110	395.0	0.0
120	130.0	0.0
130	241.33333333333334	0.0
140	82.0	0.0
150	151.0	0.0
160	271.3333333333333	0.0
170	329.0	0.0
180	229.33333333333334	0.0
190	361.3333333333333	0.0
200	308.0	0.0
210	362.6666666666667	0.0
220	339.0	0.0
230	359.6666666666667	0.0
240	325.3333333333333	0.0
250	306.6666666666667	0.0
260	329.3333333333333	0.0
270	277.6666666666667	0.0
280	393.0	0.0
290	416.6666666666667	0.0
300	545.3333333333334	0.0
310	601.0	0.0
320	658.0	0.0
330	993.3333333333334	0.0
340	626.3333333333334	0.0
350	649.6666666666666	0.0
360	768.0	0.0
370	932.5	0.0
380	1433.5	0.0
390	1586.3333333333333	0.0
400	1124.5	0.0
410	1577.3333333333333	0.0
420	1452.1666666666667	0.0
430	1925.0	0.0
440	1664.0	0.0
450	1724.1666666666667	0.0
460	2165.5	0.0
470	2464.3333333333335	0.0
480	2464.6666666666665	0.0
490	2405.3333333333335	0.0
500	2568.8333333333335	0.0
510	1678.5	0.0
520	1722.3333333333333	0.0
530	2165.5	0.0
540	2685.1666666666665	0.0
550	1636.6666666666667	0.0
560	1642.0	0.0
570	1900.3333333333333	0.0
580	2382.1666666666665	0.0
590	2588.8333333333335	0.0
600	1734.3333333333333	0.0
610	1912.6666666666667	0.0
620	2037.5	0.0
630	2019.0	0.0
640	2257.8333333333335	0.0
650	1772.0	0.0
660	2148.6666666666665	0.0
670	1947.1666666666667	0.0
680	2590.1666666666665	0.0
690	2172.3333333333335	0.0
700	2390.0	0.0
710	2116.6666666666665	0.0
720	2560.6666666666665	0.0
730	1904.0	0.0
740	2418.6666666666665	0.0
750	2669.6666666666665	0.0
760	2472.6666666666665	0.0
770	2354.8333333333335	0.0
780	2473.0	0.0
790	2457.0	0.0
800	2461.0	0.0
810	2380.6666666666665	0.0
820	2215.6666666666665	0.0
830	2260.6666666666665	0.0
840	1919.6666666666667	0.0
850	1798.6666666666667	0.0
860	2152.8333333333335	0.0
870	2228.5	0.0
880	2034.3333333333333	0.0
890	1974.5	0.0
900	1829.6666666666667	0.0
910	2372.0	0.0
920	1983.6666666666667	0.0
930	2639.3333333333335	0.0
940	2641.5	0.0
950	2386.0	0.0
960	2617.0	0.0
970	2433.6666666666665	0.0
980	2332.6666666666665	0.0
990	2439.0	0.0
1000	2618.3333333333335	0.0
