0	230.66666666666666
10	70.0
20	70.0
30	70.0
40	70.0
50	70.0
60	70.0
70	70.0
80	70.0
90	70.0
100	70.0
110	70.0
120	70.0
130	70.0
140	70.0
150	70.0
160	70.0
170	70.33333333333333
180	70.0
190	70.33333333333333
200	70.0
210	70.66666666666667
220	83.33333333333333
230	71.33333333333333
240	202.33333333333334
250	166.0
260	192.66666666666666
270	194.0
280	154.66666666666666
290	147.66666666666666
300	189.0
310	162.0
320	130.66666666666666
330	170.0
340	146.0
350	200.66666666666666
360	170.66666666666666
370	177.33333333333334
380	218.0
390	239.0
400	298.6666666666667
410	226.66666666666666
420	296.0
430	245.33333333333334
440	281.0
450	275.0
460	266.3333333333333
470	246.66666666666666
480	268.6666666666667
490	406.3333333333333
500	312.6666666666667
510	257.0
520	285.6666666666667
530	301.3333333333333
540	329.0
550	251.66666666666666
560	273.3333333333333
570	273.0
580	253.33333333333334
590	402.6666666666667
600	331.3333333333333
610	459.0
620	320.6666666666667
630	294.3333333333333
640	472.3333333333333
650	411.6666666666667
660	451.0
670	463.0
680	662.0
690	664.6666666666666
700	723.0
710	528.3333333333334
720	770.6666666666666
730	681.3333333333334
740	526.3333333333334
750	741.6666666666666
760	728.6666666666666
770	1022.6666666666666
780	1419.6666666666667
790	1359.6666666666667
800	1567.0
