0	308.3333333333333
10	70.0
20	70.0
30	70.0
40	70.0
50	70.0
60	70.0
70	70.0
80	70.0
90	70.0
100	70.0
110	70.0
120	70.0
130	70.0
140	70.0
150	70.0
160	70.0
170	70.0
180	70.0
190	70.66666666666667
200	72.66666666666667
210	73.33333333333333
220	76.0
230	71.0
240	86.0
250	161.0
260	224.0
270	290.6666666666667
280	276.0
290	405.6666666666667
300	203.66666666666666
310	187.66666666666666
320	138.0
330	171.33333333333334
340	186.33333333333334
350	203.0
360	163.66666666666666
370	189.33333333333334
380	231.66666666666666
390	130.0
400	243.33333333333334
410	140.0
420	313.0
430	262.6666666666667
440	227.66666666666666
450	237.0
460	281.0
470	244.66666666666666
480	397.3333333333333
490	407.3333333333333
500	284.3333333333333
510	525.3333333333334
520	503.6666666666667
530	725.3333333333334
540	782.3333333333334
550	768.0
560	1135.6666666666667
570	858.3333333333334
580	1108.6666666666667
590	1271.1666666666667
600	1917.6666666666667
610	2055.6666666666665
620	965.0
630	1020.0
640	1303.0
650	1427.6666666666667
660	1651.3333333333333
670	2290.0
680	1980.0
690	2307.1666666666665
700	2325.0
710	2283.3333333333335
720	2237.8333333333335
730	2045.6666666666667
740	2234.3333333333335
750	2238.3333333333335
760	2413.5
770	2441.3333333333335
780	2418.1666666666665
790	2604.3333333333335
800	2464.0
