0	274.6666666666667
10	70.0
20	70.0
30	70.0
40	70.0
50	70.0
60	70.0
70	70.0
80	70.0
90	70.0
100	70.0
110	70.0
120	70.0
130	70.0
140	70.0
150	70.0
160	70.0
170	70.0
180	70.0
190	70.66666666666667
200	70.66666666666667
210	73.33333333333333
220	74.33333333333333
230	73.66666666666667
240	73.0
250	153.66666666666666
260	136.0
270	128.66666666666666
280	251.66666666666666
290	206.66666666666666
300	154.66666666666666
310	146.0
320	162.66666666666666
330	163.0
340	178.33333333333334
350	170.66666666666666
360	247.0
370	176.66666666666666
380	188.0
390	240.0
400	334.6666666666667
410	535.0
420	782.6666666666666
430	835.3333333333334
440	1131.3333333333333
450	1092.0
460	1077.0
470	1223.0
480	1300.6666666666667
490	1727.6666666666667
500	2101.0
510	1836.0
520	2023.3333333333333
530	1922.0
540	1789.6666666666667
550	2076.6666666666665
560	1900.3333333333333
570	2138.6666666666665
580	2107.0
590	2348.3333333333335
600	2356.6666666666665
610	2131.8333333333335
620	2298.6666666666665
630	2103.0
640	2081.6666666666665
650	2235.3333333333335
660	2340.3333333333335
670	2303.3333333333335
680	2401.5
690	2268.3333333333335
700	2514.8333333333335
710	2775.3333333333335
720	2420.1666666666665
730	2357.3333333333335
740	2525.8333333333335
750	2494.1666666666665
760	2418.6666666666665
770	2671.5
780	2731.0
790	2569.6666666666665
800	2724.8333333333335
