0	235.33333333333334
10	70.0
20	70.0
30	70.0
40	70.0
50	70.0
60	70.0
70	70.0
80	70.0
90	70.0
100	70.0
110	70.0
120	70.0
130	70.0
140	70.0
150	70.0
160	70.0
170	70.0
180	70.33333333333333
190	70.66666666666667
200	71.0
210	74.66666666666667
220	77.0
230	77.0
240	119.33333333333333
250	118.33333333333333
260	140.66666666666666
270	151.66666666666666
280	157.33333333333334
290	152.0
300	147.0
310	139.0
320	131.0
330	130.0
340	154.0
350	170.0
360	192.66666666666666
370	148.0
380	245.66666666666666
390	168.0
400	540.0
410	530.3333333333334
420	668.3333333333334
430	937.3333333333334
440	826.6666666666666
450	888.3333333333334
460	752.0
470	1254.0
480	1477.6666666666667
490	1673.6666666666667
500	1833.6666666666667
510	1999.6666666666667
520	2167.1666666666665
530	1970.6666666666667
540	2090.3333333333335
550	2015.5
560	1612.3333333333333
570	2058.0
580	2180.0
590	2172.3333333333335
600	2163.8333333333335
610	2284.6666666666665
620	2482.3333333333335
630	2108.0
640	2551.5
650	2180.6666666666665
660	2337.3333333333335
670	2381.6666666666665
680	2283.0
690	2797.0
700	2416.5
710	2453.6666666666665
720	2767.0
730	2764.1666666666665
740	2663.1666666666665
750	2616.1666666666665
760	2537.3333333333335
770	2403.3333333333335
780	2722.8333333333335
790	2567.6666666666665
800	2616.6666666666665
