0	249.33333333333334
10	70.0
20	70.0
30	70.0
40	70.0
50	70.0
60	70.0
70	70.0
80	70.0
90	70.0
100	70.0
110	70.0
120	70.0
130	70.0
140	70.0
150	70.0
160	70.0
170	70.0
180	70.0
190	71.33333333333333
200	71.0
210	72.0
220	70.66666666666667
230	71.66666666666667
240	71.33333333333333
250	109.33333333333333
260	86.33333333333333
270	152.66666666666666
280	298.6666666666667
290	300.0
300	399.0
310	154.33333333333334
320	179.33333333333334
330	200.66666666666666
340	156.0
350	130.33333333333334
360	163.0
370	179.33333333333334
380	178.33333333333334
390	146.33333333333334
400	130.66666666666666
410	195.33333333333334
420	220.66666666666666
430	191.0
440	237.33333333333334
450	194.66666666666666
460	249.0
470	228.66666666666666
480	342.0
490	338.6666666666667
500	316.3333333333333
510	260.3333333333333
520	233.33333333333334
530	244.33333333333334
540	230.33333333333334
550	367.0
560	453.3333333333333
570	347.6666666666667
580	387.3333333333333
590	479.3333333333333
600	561.3333333333334
610	735.3333333333334
620	846.0
630	742.6666666666666
640	1043.3333333333333
650	754.0
660	801.6666666666666
670	679.3333333333334
680	1072.6666666666667
690	1311.6666666666667
700	1492.5
710	1907.8333333333333
720	2359.3333333333335
730	2051.6666666666665
740	1928.6666666666667
750	2337.6666666666665
760	2215.8333333333335
770	2434.6666666666665
780	2332.6666666666665
790	2247.3333333333335
800	2195.3333333333335
