0	258.6666666666667	0.0
10	70.0	9.0
20	70.0	7.0
30	70.0	188.0
40	70.0	66.0
50	70.0	21.0
60	70.0	11.0
70	70.66666666666667	10.0
80	79.66666666666667	4.0
90	71.33333333333333	166.0
100	174.0	16.0
110	255.66666666666666	198.0
120	403.3333333333333	226.0
130	1190.0	78.0
140	1619.3333333333333	0.0
150	1989.0	0.0
160	2336.0	0.0
170	2295.3333333333335	0.0
180	2126.8333333333335	0.0
190	2114.3333333333335	0.0
200	2008.0	0.0
210	2459.5	0.0
220	2165.6666666666665	0.0
230	2416.6666666666665	0.0
240	2233.6666666666665	0.0
250	2238.5	0.0
260	2573.3333333333335	0.0
270	2400.6666666666665	0.0
280	2430.3333333333335	0.0
290	2224.5	0.0
300	2139.0	0.0
310	2327.6666666666665	0.0
320	2251.3333333333335	0.0
330	2300.6666666666665	0.0
340	1941.5	0.0
350	2115.6666666666665	0.0
360	1154.5	0.0
370	2326.3333333333335	0.0
380	1773.0	0.0
390	1686.3333333333333	0.0
400	1816.8333333333333	0.0
410	2106.3333333333335	0.0
420	1692.3333333333333	0.0
430	2017.8333333333333	0.0
440	1879.6666666666667	0.0
450	2405.3333333333335	0.0
460	2349.3333333333335	0.0
470	2112.0	0.0
480	2304.8333333333335	0.0
490	1872.0	0.0
500	2007.3333333333333	0.0
510	2548.8333333333335	0.0
520	1951.5	0.0
530	1997.5	0.0
540	2282.5	0.0
550	1922.0	0.0
560	1599.8333333333333	0.0
570	1974.6666666666667	0.0
580	1982.3333333333333	0.0
590	2534.3333333333335	0.0
600	2468.3333333333335	0.0
610	2287.0	0.0
620	2491.0	0.0
630	2497.8333333333335	0.0
640	2476.3333333333335	0.0
650	2251.0	0.0
660	2199.6666666666665	0.0
670	2399.0	0.0
680	2400.6666666666665	0.0
690	1923.6666666666667	0.0
700	1916.1666666666667	0.0
710	1815.1666666666667	0.0
720	1595.6666666666667	0.0
730	2442.6666666666665	0.0
740	1849.0	0.0
750	1982.5	0.0
760	1987.6666666666667	0.0
770	1958.6666666666667	0.0
780	1785.3333333333333	0.0
790	2535.0	0.0
800	2234.6666666666665	0.0
810	2463.6666666666665	0.0
820	2482.0	0.0
830	2164.8333333333335	0.0
840	2011.3333333333333	0.0
850	2220.3333333333335	0.0
860	2229.3333333333335	0.0
870	1950.1666666666667	0.0
880	1872.0	0.0
890	1782.0	0.0
900	1508.5	0.0
910	1565.5	0.0
920	2302.8333333333335	0.0
930	2215.1666666666665	0.0
940	2355.5	0.0
950	2255.0	0.0
960	1907.8333333333333	0.0
970	1743.8333333333333	0.0
980	1810.0	0.0
990	2512.0	0.0
1000	2500.3333333333335	0.0
