0	248.66666666666666	0.0
10	80.33333333333333	1000.0
20	70.0	0.0
30	70.0	0.0
40	70.0	0.0
50	155.33333333333334	0.0
60	209.66666666666666	0.0
70	1606.6666666666667	0.0
80	1765.0	0.0
90	2115.6666666666665	0.0
100	2001.6666666666667	0.0
110	2301.1666666666665	0.0
120	2253.0	0.0
130	2272.8333333333335	0.0
140	2287.0	0.0
150	2220.5	0.0
160	2350.3333333333335	0.0
170	1952.3333333333333	0.0
180	1698.8333333333333	0.0
190	2257.6666666666665	0.0
200	2508.5	0.0
210	2113.0	0.0
220	2424.8333333333335	0.0
230	2528.0	0.0
240	2295.5	0.0
250	2307.8333333333335	0.0
260	2298.5	0.0
270	2455.3333333333335	0.0
280	2280.0	0.0
290	2361.3333333333335	0.0
300	2105.1666666666665	0.0
310	2259.6666666666665	0.0
320	1963.1666666666667	0.0
330	2505.6666666666665	0.0
340	1943.5	0.0
350	2003.6666666666667	0.0
360	2247.0	0.0
370	1955.6666666666667	0.0
380	2146.8333333333335	0.0
390	2126.1666666666665	0.0
400	1842.1666666666667	0.0
410	1975.6666666666667	0.0
420	2133.0	0.0
430	2101.5	0.0
440	1907.0	0.0
450	2080.0	0.0
460	1865.6666666666667	0.0
470	2000.3333333333333	0.0
480	1773.0	0.0
490	2140.5	0.0
500	2071.3333333333335	0.0
510	1658.3333333333333	0.0
520	1479.3333333333333	0.0
530	1384.5	0.0
540	1319.5	0.0
550	1866.0	0.0
560	2547.0	0.0
570	2378.6666666666665	0.0
580	2227.0	0.0
590	1600.3333333333333	0.0
600	1954.3333333333333	0.0
