0	231.33333333333334	0.0
10	70.0	1000.0
20	70.0	0.0
30	70.0	0.0
40	70.0	0.0
50	70.66666666666667	0.0
60	74.0	0.0
70	442.3333333333333	0.0
80	916.3333333333334	0.0
90	102.33333333333333	0.0
100	175.66666666666666	0.0
110	1613.0	0.0
120	1046.6666666666667	0.0
130	1682.6666666666667	0.0
140	1835.0	0.0
150	1863.3333333333333	0.0
160	2337.6666666666665	0.0
170	2593.1666666666665	0.0
180	2113.1666666666665	0.0
190	2400.3333333333335	0.0
200	2029.5	0.0
210	2345.8333333333335	0.0
220	1961.6666666666667	0.0
230	2418.3333333333335	0.0
240	2418.0	0.0
250	2491.8333333333335	0.0
260	2377.0	0.0
270	2313.6666666666665	0.0
280	2327.6666666666665	0.0
290	2299.0	0.0
300	2129.6666666666665	0.0
310	1201.0	0.0
320	1874.6666666666667	0.0
330	1685.8333333333333	0.0
340	1814.5	0.0
350	1784.6666666666667	0.0
360	1958.0	0.0
370	2217.3333333333335	0.0
380	2341.6666666666665	0.0
390	1701.0	0.0
400	1631.0	0.0
410	1914.8333333333333	0.0
420	2016.8333333333333	0.0
430	1947.6666666666667	0.0
440	2297.6666666666665	0.0
450	2129.3333333333335	0.0
460	1907.1666666666667	0.0
470	1744.6666666666667	0.0
480	1560.3333333333333	0.0
490	1662.8333333333333	0.0
500	1289.0	0.0
510	1716.1666666666667	0.0
520	1272.1666666666667	0.0
530	2497.5	0.0
540	2565.6666666666665	0.0
550	2437.5	0.0
560	1731.0	0.0
570	2512.3333333333335	0.0
580	2315.6666666666665	0.0
590	2121.3333333333335	0.0
600	2449.6666666666665	0.0
