0	264.6666666666667	0.0
10	70.0	1000.0
20	70.0	0.0
30	70.0	0.0
40	70.33333333333333	0.0
50	70.0	0.0
60	265.0	0.0
70	1512.6666666666667	0.0
80	893.3333333333334	0.0
90	1660.3333333333333	0.0
100	1728.6666666666667	0.0
110	2278.3333333333335	0.0
120	2198.0	0.0
130	2023.1666666666667	0.0
140	2147.1666666666665	0.0
150	2257.8333333333335	0.0
160	1972.6666666666667	0.0
170	2413.1666666666665	0.0
180	2069.1666666666665	0.0
190	2224.6666666666665	0.0
200	2205.6666666666665	0.0
210	2280.5	0.0
220	2429.3333333333335	0.0
230	2275.8333333333335	0.0
240	2467.1666666666665	0.0
250	2018.3333333333333	0.0
260	2486.0	0.0
270	2100.3333333333335	0.0
280	2236.6666666666665	0.0
290	2231.6666666666665	0.0
300	2507.8333333333335	0.0
310	2034.0	0.0
320	1770.3333333333333	0.0
330	2474.0	0.0
340	1135.0	0.0
350	1900.3333333333333	0.0
360	2089.0	0.0
370	2270.1666666666665	0.0
380	2638.6666666666665	0.0
390	2272.3333333333335	0.0
400	2653.3333333333335	0.0
410	1800.8333333333333	0.0
420	1741.6666666666667	0.0
430	2216.6666666666665	0.0
440	2090.0	0.0
450	1951.0	0.0
460	1601.0	0.0
470	2189.0	0.0
480	1923.0	0.0
490	2123.8333333333335	0.0
500	1961.6666666666667	0.0
510	1472.1666666666667	0.0
520	1556.8333333333333	0.0
530	1609.5	0.0
540	1729.6666666666667	0.0
550	1717.3333333333333	0.0
560	1523.8333333333333	0.0
570	1578.3333333333333	0.0
580	1542.0	0.0
590	2168.0	0.0
600	2429.3333333333335	0.0
