0	260.0	0.0
10	70.0	0.0
20	70.0	0.0
30	70.0	0.0
40	70.0	0.0
50	70.0	0.0
60	70.0	0.0
70	70.0	0.0
80	71.0	0.0
90	73.0	0.0
100	89.66666666666667	0.0
110	88.33333333333333	0.0
120	131.33333333333334	0.0
130	254.33333333333334	0.0
140	331.0	0.0
150	347.0	0.0
160	277.3333333333333	0.0
170	222.33333333333334	0.0
180	315.3333333333333	0.0
190	264.3333333333333	0.0
200	414.0	0.0
210	231.33333333333334	0.0
220	259.6666666666667	0.0
230	601.3333333333334	0.0
240	467.0	0.0
250	611.0	0.0
260	447.6666666666667	0.0
270	511.3333333333333	0.0
280	528.6666666666666	0.0
290	671.6666666666666	0.0
300	1273.0	0.0
310	1474.6666666666667	0.0
320	1430.6666666666667	0.0
330	1365.0	0.0
340	2532.3333333333335	0.0
350	2230.6666666666665	0.0
360	1912.6666666666667	0.0
370	2454.0	0.0
380	2571.0	0.0
390	2542.6666666666665	0.0
400	2596.6666666666665	0.0
410	2265.3333333333335	0.0
420	2433.0	0.0
430	2490.3333333333335	0.0
440	2661.0	0.0
450	2420.1666666666665	0.0
460	2199.6666666666665	0.0
470	2114.0	0.0
480	1580.6666666666667	0.0
490	2386.6666666666665	0.0
500	2160.5	0.0
510	1402.6666666666667	0.0
520	992.3333333333334	0.0
530	1307.5	0.0
540	1773.8333333333333	0.0
550	1849.1666666666667	0.0
560	1629.6666666666667	0.0
570	1686.8333333333333	0.0
580	1603.1666666666667	0.0
590	1900.0	0.0
600	1727.5	0.0
