0	260.0	0.0
10	70.0	0.0
20	70.0	0.0
30	70.0	0.0
40	70.0	0.0
50	70.0	0.0
60	70.0	0.0
70	70.0	0.0
80	71.33333333333333	0.0
90	73.0	0.0
100	87.66666666666667	0.0
110	71.33333333333333	0.0
120	140.33333333333334	0.0
130	75.0	0.0
140	75.0	0.0
150	399.0	0.0
160	361.6666666666667	0.0
170	390.0	0.0
180	413.0	0.0
190	403.0	0.0
200	131.33333333333334	0.0
210	481.0	0.0
220	261.3333333333333	0.0
230	401.3333333333333	0.0
240	441.3333333333333	0.0
250	340.6666666666667	0.0
260	463.0	0.0
270	432.3333333333333	0.0
280	521.6666666666666	0.0
290	565.6666666666666	0.0
300	447.3333333333333	0.0
310	973.6666666666666	0.0
320	875.0	0.0
330	717.8333333333334	0.0
340	1809.0	0.0
350	2545.3333333333335	0.0
360	2459.5	0.0
370	2412.6666666666665	0.0
380	2332.6666666666665	0.0
390	2594.0	0.0
400	2366.8333333333335	0.0
410	2387.8333333333335	0.0
420	2552.3333333333335	0.0
430	2273.6666666666665	0.0
440	2578.0	0.0
450	2460.6666666666665	0.0
460	2163.3333333333335	0.0
470	2415.8333333333335	0.0
480	1737.8333333333333	0.0
490	2345.0	0.0
500	2277.6666666666665	0.0
510	2475.5	0.0
520	1704.5	0.0
530	1745.6666666666667	0.0
540	1891.0	0.0
550	1882.3333333333333	0.0
560	2215.6666666666665	0.0
570	2235.3333333333335	0.0
580	1725.3333333333333	0.0
590	2165.8333333333335	0.0
600	2164.1666666666665	0.0
