0	286.6666666666667	0.0
10	70.0	0.0
20	70.0	0.0
30	70.0	0.0
40	70.0	0.0
50	70.0	0.0
60	70.0	0.0
70	70.0	0.0
80	70.33333333333333	0.0
90	77.33333333333333	0.0
100	161.33333333333334	0.0
110	73.0	0.0
120	374.3333333333333	0.0
130	329.3333333333333	0.0
140	136.0	0.0
150	334.0	0.0
160	142.33333333333334	0.0
170	201.66666666666666	0.0
180	306.6666666666667	0.0
190	178.66666666666666	0.0
200	348.0	0.0
210	324.0	0.0
220	343.6666666666667	0.0
230	603.3333333333334	0.0
240	788.6666666666666	0.0
250	590.0	0.0
260	446.0	0.0
270	717.6666666666666	0.0
280	918.3333333333334	0.0
290	1523.5	0.0
300	919.1666666666666	0.0
310	2126.6666666666665	0.0
320	1590.1666666666667	0.0
330	2691.1666666666665	0.0
340	2497.3333333333335	0.0
350	2365.0	0.0
360	2669.3333333333335	0.0
370	2506.0	0.0
380	2508.3333333333335	0.0
390	2263.6666666666665	0.0
400	2223.6666666666665	0.0
410	2482.8333333333335	0.0
420	2180.3333333333335	0.0
430	2526.5	0.0
440	2303.0	0.0
450	2254.3333333333335	0.0
460	2376.3333333333335	0.0
470	1767.0	0.0
480	2204.3333333333335	0.0
490	1950.6666666666667	0.0
500	2097.3333333333335	0.0
510	2162.6666666666665	0.0
520	1637.0	0.0
530	2363.6666666666665	0.0
540	1887.6666666666667	0.0
550	2540.3333333333335	0.0
560	1883.1666666666667	0.0
570	1732.0	0.0
580	1692.0	0.0
590	1745.8333333333333	0.0
600	1760.0	0.0
