0	257.21111111111105
10	70.0
20	70.0
30	70.0
40	70.0
50	70.0
60	70.0
70	70.07777777777778
80	70.6
90	74.23333333333333
100	87.74444444444443
110	150.78888888888886
120	196.0777777777778
130	194.05555555555554
140	256.2444444444444
150	272.2888888888889
160	277.32222222222225
170	254.1888888888889
180	222.28888888888886
190	255.40000000000003
200	301.0222222222222
210	289.5777777777778
220	342.6
230	337.3666666666667
240	350.00000000000006
250	373.21111111111105
260	409.2555555555556
270	446.60555555555567
280	482.7222222222223
290	564.6444444444444
300	611.9555555555556
310	732.9500000000002
320	823.3888888888888
330	960.411111111111
340	1181.2333333333333
350	1374.2444444444445
360	1571.077777777778
370	1572.45
380	1810.994444444444
390	1802.4166666666663
400	1821.2222222222222
410	2046.0111111111112
420	2116.0944444444444
430	2088.9111111111115
440	2113.3666666666663
450	2161.016666666667
460	2191.411111111111
470	2168.4166666666665
480	2100.7055555555557
490	2172.188888888889
500	2182.766666666667
510	2151.9888888888886
520	2099.1277777777777
530	2060.4
540	2114.4722222222217
550	2155.5944444444444
560	2095.7166666666662
570	2085.2
580	2060.3611111111113
590	2050.7722222222224
600	2068.4777777777776
610	2124.7777777777783
620	2015.3888888888885
630	2052.3222222222225
640	2038.9222222222227
650	2131.194444444445
660	2029.1166666666666
670	2052.3611111111104
680	2096.1444444444446
690	2098.666666666666
700	2144.8333333333335
710	2157.85
720	2205.838888888889
730	2178.005555555556
740	2138.0555555555557
750	2160.5222222222224
760	2189.3444444444444
770	2037.088888888889
780	2197.727777777778
790	2216.8
800	2124.822222222222
