0	239.0
10	70.0
20	70.0
30	70.0
40	70.0
50	70.0
60	70.0
70	70.0
80	71.66666666666667
90	72.66666666666667
100	87.33333333333333
110	144.33333333333334
120	85.0
130	383.6666666666667
140	130.33333333333334
150	450.3333333333333
160	467.3333333333333
170	163.0
180	220.66666666666666
190	235.66666666666666
200	642.6666666666666
210	405.3333333333333
220	377.3333333333333
230	244.66666666666666
240	433.3333333333333
250	457.6666666666667
260	379.6666666666667
270	508.3333333333333
280	715.3333333333334
290	853.6666666666666
300	500.3333333333333
310	555.3333333333334
320	546.3333333333334
330	911.0
340	1415.6666666666667
350	1972.1666666666667
360	1250.6666666666667
370	1711.1666666666667
380	941.8333333333334
390	862.5
400	1685.6666666666667
410	2214.1666666666665
420	1491.0
430	1312.6666666666667
440	2017.0
450	2409.1666666666665
460	2323.6666666666665
470	1939.3333333333333
480	2538.6666666666665
490	2307.5
500	2546.3333333333335
510	2496.6666666666665
520	2377.3333333333335
530	1830.5
540	2606.3333333333335
550	2124.3333333333335
560	1618.3333333333333
570	1942.0
580	1162.6666666666667
590	2102.3333333333335
600	2176.6666666666665
610	2005.0
620	2038.0
630	1841.8333333333333
640	2333.8333333333335
650	1389.3333333333333
660	1559.3333333333333
670	1888.8333333333333
680	1728.0
690	1744.6666666666667
700	2045.1666666666667
710	2179.0
720	2372.0
730	1803.8333333333333
740	2006.1666666666667
750	1922.0
760	2551.0
770	2396.5
780	2498.3333333333335
790	2452.6666666666665
800	2577.1666666666665
