0	230.66666666666666
10	70.0
20	70.0
30	70.0
40	70.0
50	70.0
60	70.0
70	70.0
80	71.0
90	72.0
100	91.0
110	130.33333333333334
120	100.0
130	309.6666666666667
140	463.3333333333333
150	260.3333333333333
160	126.66666666666667
170	359.0
180	232.0
190	161.0
200	108.66666666666667
210	110.66666666666667
220	146.66666666666666
230	384.0
240	314.6666666666667
250	448.0
260	382.3333333333333
270	386.3333333333333
280	312.3333333333333
290	418.6666666666667
300	506.3333333333333
310	384.6666666666667
320	565.0
330	399.6666666666667
340	735.6666666666666
350	618.0
360	1204.3333333333333
370	1255.3333333333333
380	894.5
390	1643.0
400	1463.0
410	2492.0
420	2659.6666666666665
430	2568.6666666666665
440	2604.1666666666665
450	2617.6666666666665
460	2502.0
470	2345.3333333333335
480	1967.1666666666667
490	1793.3333333333333
500	2159.3333333333335
510	2272.1666666666665
520	2314.6666666666665
530	1473.0
540	2551.0
550	2074.8333333333335
560	1904.6666666666667
570	1755.0
580	1504.3333333333333
590	1857.6666666666667
600	2594.3333333333335
610	2345.5
620	2422.3333333333335
630	2386.3333333333335
640	1902.3333333333333
650	1809.3333333333333
660	2099.3333333333335
670	2561.1666666666665
680	1870.5
690	2176.6666666666665
700	2153.8333333333335
710	1819.0
720	1740.6666666666667
730	2269.1666666666665
740	2026.1666666666667
750	2226.5
760	2019.0
770	1898.6666666666667
780	2061.8333333333335
790	2034.8333333333333
800	2250.5
