0	265.3333333333333
10	70.0
20	70.0
30	70.0
40	70.0
50	70.0
60	70.0
70	70.33333333333333
80	72.0
90	78.0
100	73.66666666666667
110	134.0
120	114.33333333333333
130	148.0
140	289.3333333333333
150	224.33333333333334
160	407.6666666666667
170	405.0
180	348.3333333333333
190	331.6666666666667
200	198.0
210	161.66666666666666
220	321.6666666666667
230	449.3333333333333
240	267.6666666666667
250	354.6666666666667
260	422.3333333333333
270	437.6666666666667
280	511.6666666666667
290	505.0
300	607.0
310	611.0
320	751.6666666666666
330	789.6666666666666
340	752.0
350	1565.6666666666667
360	1756.5
370	1449.6666666666667
380	1518.6666666666667
390	1572.0
400	1787.8333333333333
410	2283.5
420	2419.3333333333335
430	2105.0
440	2243.6666666666665
450	2578.5
460	2451.3333333333335
470	2338.0
480	2335.3333333333335
490	2417.8333333333335
500	2368.5
510	2227.6666666666665
520	2471.3333333333335
530	2392.3333333333335
540	2460.0
550	2297.8333333333335
560	2389.5
570	2060.8333333333335
580	2402.0
590	2160.3333333333335
600	2488.8333333333335
610	2340.6666666666665
620	2355.0
630	2044.3333333333333
640	1649.3333333333333
650	2468.3333333333335
660	2247.1666666666665
670	1453.6666666666667
680	1860.8333333333333
690	2148.6666666666665
700	1967.6666666666667
710	2350.6666666666665
720	1865.3333333333333
730	2405.6666666666665
740	2355.3333333333335
750	2039.3333333333333
760	2324.6666666666665
770	1704.3333333333333
780	2307.8333333333335
790	2524.3333333333335
800	1821.8333333333333
