0	260.6666666666667	0.0
10	134.0	1000.0
20	71.0	0.0
30	71.66666666666667	0.0
40	146.66666666666666	0.0
50	426.6666666666667	0.0
60	869.6666666666666	0.0
70	109.33333333333333	0.0
80	1679.3333333333333	0.0
90	1641.3333333333333	0.0
100	2040.1666666666667	0.0
110	2190.5	0.0
120	1865.8333333333333	0.0
130	2391.6666666666665	0.0
140	1942.6666666666667	0.0
150	2262.5	0.0
160	2619.1666666666665	0.0
170	2116.3333333333335	0.0
180	2163.0	0.0
190	2688.1666666666665	0.0
200	2260.3333333333335	0.0
210	2628.6666666666665	0.0
220	2210.3333333333335	0.0
230	2619.3333333333335	0.0
240	2539.3333333333335	0.0
250	2576.6666666666665	0.0
260	2622.3333333333335	0.0
270	2620.6666666666665	0.0
280	2720.3333333333335	0.0
290	2542.3333333333335	0.0
300	2404.6666666666665	0.0
310	2509.0	0.0
320	2286.3333333333335	0.0
330	2459.0	0.0
340	2234.5	0.0
350	2157.0	0.0
360	2490.5	0.0
370	1417.5	0.0
380	2155.3333333333335	0.0
390	1930.6666666666667	0.0
400	2085.6666666666665	0.0
410	1970.3333333333333	0.0
420	2223.5	0.0
430	2035.3333333333333	0.0
440	2077.1666666666665	0.0
450	2627.0	0.0
460	2334.0	0.0
470	2626.3333333333335	0.0
480	1773.5	0.0
490	1834.3333333333333	0.0
500	2072.5	0.0
510	2287.3333333333335	0.0
520	1621.8333333333333	0.0
530	1937.3333333333333	0.0
540	1702.3333333333333	0.0
550	2214.0	0.0
560	1827.0	0.0
570	1965.8333333333333	0.0
580	2401.3333333333335	0.0
590	1794.3333333333333	0.0
600	1876.6666666666667	0.0
610	1857.3333333333333	0.0
620	1858.6666666666667	0.0
630	1563.5	0.0
640	1730.1666666666667	0.0
650	2075.0	0.0
660	1749.6666666666667	0.0
670	2348.5	0.0
680	2034.6666666666667	0.0
690	1636.0	0.0
700	2459.8333333333335	0.0
710	1923.3333333333333	0.0
720	2399.3333333333335	0.0
730	2494.0	0.0
740	2589.3333333333335	0.0
750	2516.6666666666665	0.0
760	2370.3333333333335	0.0
770	2421.0	0.0
780	2271.6666666666665	0.0
790	2549.1666666666665	0.0
800	2380.6666666666665	0.0
810	2370.6666666666665	0.0
820	2265.6666666666665	0.0
830	2515.6666666666665	0.0
840	2363.3333333333335	0.0
850	2280.1666666666665	0.0
860	2328.5	0.0
870	2303.6666666666665	0.0
880	2624.3333333333335	0.0
890	2206.6666666666665	0.0
900	2444.5	0.0
910	2550.0	0.0
920	2326.3333333333335	0.0
930	2521.0	0.0
940	2304.6666666666665	0.0
950	2352.1666666666665	0.0
960	2030.1666666666667	0.0
970	1869.5	0.0
980	1626.8333333333333	0.0
990	2373.3333333333335	0.0
1000	1881.0	0.0
