0	256.0	0.0
10	70.0	294.0
20	70.0	0.0
30	70.0	0.0
40	70.0	0.0
50	70.0	0.0
60	70.0	0.0
70	70.0	0.0
80	70.0	0.0
90	70.0	0.0
100	70.0	0.0
110	70.0	0.0
120	70.0	0.0
130	70.0	0.0
140	70.0	0.0
150	70.0	0.0
160	70.66666666666667	0.0
170	70.0	0.0
180	70.0	0.0
190	73.33333333333333	0.0
200	70.0	0.0
210	71.66666666666667	0.0
220	70.66666666666667	0.0
230	73.0	0.0
240	106.66666666666667	0.0
250	308.0	0.0
260	298.3333333333333	0.0
270	261.3333333333333	0.0
280	311.6666666666667	0.0
290	185.66666666666666	0.0
300	155.33333333333334	0.0
310	170.66666666666666	0.0
320	243.66666666666666	0.0
330	236.66666666666666	0.0
340	144.66666666666666	0.0
350	172.33333333333334	0.0
360	138.0	0.0
370	227.33333333333334	0.0
380	232.66666666666666	0.0
390	186.33333333333334	0.0
400	227.0	0.0
410	320.0	0.0
420	302.6666666666667	0.0
430	282.6666666666667	0.0
440	368.6666666666667	0.0
450	377.6666666666667	0.0
460	819.0	0.0
470	757.6666666666666	0.0
480	1106.5	0.0
490	1204.0	0.0
500	1734.1666666666667	0.0
510	1405.0	0.0
520	1754.0	0.0
530	2005.8333333333333	0.0
540	2439.0	0.0
550	2329.6666666666665	0.0
560	2134.1666666666665	0.0
570	1830.6666666666667	0.0
580	1795.1666666666667	0.0
590	2217.0	0.0
600	2178.3333333333335	0.0
610	2261.6666666666665	0.0
620	2430.0	0.0
630	2132.3333333333335	0.0
640	2036.1666666666667	0.0
650	2585.8333333333335	0.0
660	2410.0	0.0
670	2337.3333333333335	0.0
680	2428.0	0.0
690	2399.6666666666665	0.0
700	2440.3333333333335	0.0
710	2668.1666666666665	0.0
720	2683.5	0.0
730	2699.5	0.0
740	2809.0	0.0
750	2763.3333333333335	0.0
760	2611.5	0.0
770	2662.0	0.0
780	2575.1666666666665	0.0
790	2607.6666666666665	0.0
800	2352.5	0.0
810	2629.8333333333335	0.0
820	2933.3333333333335	0.0
830	2509.3333333333335	0.0
840	2796.0	0.0
850	2792.5	0.0
860	2788.5	0.0
870	2694.0	0.0
880	2647.8333333333335	0.0
890	2645.6666666666665	0.0
900	2733.6666666666665	0.0
910	2731.0	0.0
920	2687.0	0.0
930	2682.6666666666665	0.0
940	2814.6666666666665	0.0
950	2752.1666666666665	0.0
960	2654.8333333333335	0.0
970	2062.6666666666665	0.0
980	2116.6666666666665	0.0
990	2529.3333333333335	0.0
1000	2208.6666666666665	0.0
