0	242.0	0.0
10	122.0	296.0
20	153.66666666666666	0.0
30	117.0	0.0
40	102.33333333333333	0.0
50	100.66666666666667	0.0
60	100.66666666666667	0.0
70	100.0	0.0
80	100.0	0.0
90	100.66666666666667	0.0
100	79.66666666666667	0.0
110	83.0	0.0
120	83.0	0.0
130	81.33333333333333	0.0
140	71.33333333333333	0.0
150	70.0	0.0
160	70.0	0.0
170	70.0	0.0
180	70.0	0.0
190	70.0	0.0
200	71.33333333333333	0.0
210	70.0	0.0
220	72.66666666666667	0.0
230	70.66666666666667	0.0
240	78.66666666666667	0.0
250	77.66666666666667	0.0
260	94.0	0.0
270	80.0	0.0
280	117.33333333333333	0.0
290	80.0	0.0
300	102.0	0.0
310	155.33333333333334	0.0
320	137.33333333333334	0.0
330	295.0	0.0
340	415.0	0.0
350	339.6666666666667	0.0
360	305.0	0.0
370	251.33333333333334	0.0
380	147.33333333333334	0.0
390	147.66666666666666	0.0
400	195.0	0.0
410	237.33333333333334	0.0
420	209.33333333333334	0.0
430	271.3333333333333	0.0
440	195.0	0.0
450	198.66666666666666	0.0
460	283.6666666666667	0.0
470	330.0	0.0
480	381.3333333333333	0.0
490	358.0	0.0
500	371.0	0.0
510	364.6666666666667	0.0
520	491.6666666666667	0.0
530	511.6666666666667	0.0
540	861.6666666666666	0.0
550	758.6666666666666	0.0
560	937.6666666666666	0.0
570	1012.0	0.0
580	775.3333333333334	0.0
590	1799.1666666666667	0.0
600	2220.6666666666665	0.0
610	1407.3333333333333	0.0
620	2028.1666666666667	0.0
630	2594.0	0.0
640	1944.6666666666667	0.0
650	2021.5	0.0
660	1717.3333333333333	0.0
670	2400.8333333333335	0.0
680	2058.0	0.0
690	1868.6666666666667	0.0
700	2079.3333333333335	0.0
710	2084.6666666666665	0.0
720	2284.8333333333335	0.0
730	2551.8333333333335	0.0
740	2373.0	0.0
750	1930.0	0.0
760	2618.1666666666665	0.0
770	2500.6666666666665	0.0
780	2232.3333333333335	0.0
790	2361.1666666666665	0.0
800	2402.6666666666665	0.0
810	2548.0	0.0
820	2392.3333333333335	0.0
830	2671.3333333333335	0.0
840	2438.3333333333335	0.0
850	2528.5	0.0
860	2577.0	0.0
870	2480.5	0.0
880	2751.5	0.0
890	2698.0	0.0
900	2587.0	0.0
910	2750.1666666666665	0.0
920	2509.0	0.0
930	2350.6666666666665	0.0
940	2633.3333333333335	0.0
950	2450.6666666666665	0.0
960	2635.5	0.0
970	2630.1666666666665	0.0
980	2377.3333333333335	0.0
990	2502.3333333333335	0.0
1000	2580.5	0.0
