0	267.3333333333333	0.0
10	70.0	1000.0
20	70.0	0.0
30	70.0	0.0
40	70.0	0.0
50	70.0	0.0
60	70.33333333333333	0.0
70	70.0	0.0
80	231.66666666666666	0.0
90	216.66666666666666	0.0
100	280.0	0.0
110	136.66666666666666	0.0
120	213.66666666666666	0.0
130	392.0	0.0
140	657.0	0.0
150	300.0	0.0
160	174.0	0.0
170	353.3333333333333	0.0
180	533.6666666666666	0.0
190	619.3333333333334	0.0
200	329.0	0.0
210	413.0	0.0
220	681.0	0.0
230	651.3333333333334	0.0
240	824.6666666666666	0.0
250	1191.3333333333333	0.0
260	891.0	0.0
270	1153.6666666666667	0.0
280	1392.6666666666667	0.0
290	1528.8333333333333	0.0
300	2353.6666666666665	0.0
310	2030.0	0.0
320	1782.0	0.0
330	2386.0	0.0
340	2120.0	0.0
350	2292.0	0.0
360	2274.3333333333335	0.0
370	2458.6666666666665	0.0
380	2216.5	0.0
390	2327.5	0.0
400	2240.3333333333335	0.0
410	2503.6666666666665	0.0
420	2409.6666666666665	0.0
430	2254.6666666666665	0.0
440	2591.0	0.0
450	2583.6666666666665	0.0
460	2332.6666666666665	0.0
470	2333.3333333333335	0.0
480	2242.6666666666665	0.0
490	2602.8333333333335	0.0
500	1722.6666666666667	0.0
510	2014.0	0.0
520	2457.3333333333335	0.0
530	2009.1666666666667	0.0
540	1744.3333333333333	0.0
550	2018.3333333333333	0.0
560	1844.3333333333333	0.0
570	1794.1666666666667	0.0
580	2501.5	0.0
590	2184.0	0.0
600	1799.3333333333333	0.0
610	1557.0	0.0
620	1622.6666666666667	0.0
630	1318.0	0.0
640	1240.0	0.0
650	1193.6666666666667	0.0
660	1612.0	0.0
670	1600.1666666666667	0.0
680	1854.3333333333333	0.0
690	1905.0	0.0
700	1679.6666666666667	0.0
710	1805.6666666666667	0.0
720	2169.3333333333335	0.0
730	1995.6666666666667	0.0
740	1875.0	0.0
750	1559.6666666666667	0.0
760	2062.0	0.0
770	2310.8333333333335	0.0
780	1883.6666666666667	0.0
790	2157.1666666666665	0.0
800	2213.0	0.0
810	1829.3333333333333	0.0
820	2377.3333333333335	0.0
830	1764.6666666666667	0.0
840	2184.1666666666665	0.0
850	2377.6666666666665	0.0
860	2343.6666666666665	0.0
870	2461.0	0.0
880	2365.8333333333335	0.0
890	2340.0	0.0
900	2487.0	0.0
910	2565.1666666666665	0.0
920	2259.8333333333335	0.0
930	2239.6666666666665	0.0
940	2360.3333333333335	0.0
950	2547.0	0.0
960	2090.0	0.0
970	2216.3333333333335	0.0
980	2506.0	0.0
990	2527.6666666666665	0.0
1000	2435.1666666666665	0.0
