0	230.66666666666666	0.0
10	100.0	1000.0
20	70.0	0.0
30	70.0	0.0
40	70.0	0.0
50	70.0	0.0
60	70.33333333333333	0.0
70	110.33333333333333	0.0
80	147.33333333333334	0.0
90	459.0	0.0
100	246.33333333333334	0.0
110	319.0	0.0
120	203.0	0.0
130	129.33333333333334	0.0
140	148.66666666666666	0.0
150	303.0	0.0
160	330.0	0.0
170	255.66666666666666	0.0
180	361.3333333333333	0.0
190	526.0	0.0
200	471.3333333333333	0.0
210	582.6666666666666	0.0
220	476.6666666666667	0.0
230	1092.8333333333333	0.0
240	683.6666666666666	0.0
250	1302.0	0.0
260	701.3333333333334	0.0
270	1863.1666666666667	0.0
280	2439.6666666666665	0.0
290	1790.6666666666667	0.0
300	2163.3333333333335	0.0
310	2376.1666666666665	0.0
320	2454.0	0.0
330	2453.6666666666665	0.0
340	2532.1666666666665	0.0
350	2458.0	0.0
360	2431.5	0.0
370	2506.1666666666665	0.0
380	2551.6666666666665	0.0
390	2522.8333333333335	0.0
400	1947.1666666666667	0.0
410	2262.5	0.0
420	2415.5	0.0
430	2011.0	0.0
440	2146.3333333333335	0.0
450	2014.6666666666667	0.0
460	1782.8333333333333	0.0
470	2155.6666666666665	0.0
480	2324.1666666666665	0.0
490	2165.5	0.0
500	1761.8333333333333	0.0
510	1722.6666666666667	0.0
520	1778.6666666666667	0.0
530	1757.6666666666667	0.0
540	1770.3333333333333	0.0
550	2137.1666666666665	0.0
560	1959.0	0.0
570	1568.0	0.0
580	2058.3333333333335	0.0
590	1536.3333333333333	0.0
600	2150.0	0.0
610	1745.3333333333333	0.0
620	1621.0	0.0
630	2093.0	0.0
640	1940.1666666666667	0.0
650	1900.6666666666667	0.0
660	1664.0	0.0
670	1802.0	0.0
680	1826.3333333333333	0.0
690	1672.5	0.0
700	1897.6666666666667	0.0
710	2028.8333333333333	0.0
720	1641.3333333333333	0.0
730	1585.0	0.0
740	1733.8333333333333	0.0
750	2265.0	0.0
760	2236.0	0.0
770	2052.3333333333335	0.0
780	2311.0	0.0
790	2177.3333333333335	0.0
800	2389.3333333333335	0.0
810	2361.3333333333335	0.0
820	2463.3333333333335	0.0
830	2405.8333333333335	0.0
840	2402.1666666666665	0.0
850	2217.3333333333335	0.0
860	2490.8333333333335	0.0
870	2303.6666666666665	0.0
880	2244.6666666666665	0.0
890	2337.6666666666665	0.0
900	2413.5	0.0
910	2309.0	0.0
920	2479.3333333333335	0.0
930	2605.0	0.0
940	2449.1666666666665	0.0
950	2164.6666666666665	0.0
960	2360.5	0.0
970	2298.8333333333335	0.0
980	2503.0	0.0
990	2254.8333333333335	0.0
1000	2189.0	0.0
