0	267.3333333333333	0.0
10	70.0	3.0
20	70.0	10.0
30	70.0	5.0
40	70.0	39.0
50	70.0	40.0
60	70.0	14.0
70	70.0	11.0
80	71.66666666666667	62.0
90	70.33333333333333	75.0
100	220.66666666666666	8.0
110	243.0	12.0
120	1414.0	19.0
130	1710.3333333333333	28.0
140	1912.3333333333333	21.0
150	2268.6666666666665	14.0
160	2227.0	6.0
170	2122.8333333333335	21.0
180	2248.6666666666665	21.0
190	1976.6666666666667	20.0
200	2290.0	15.0
210	2205.0	7.0
220	2364.5	10.0
230	2380.3333333333335	27.0
240	2422.6666666666665	25.0
250	2397.6666666666665	20.0
260	2334.6666666666665	10.0
270	2512.1666666666665	18.0
280	2707.3333333333335	33.0
290	2090.3333333333335	21.0
300	1989.0	27.0
310	2505.6666666666665	20.0
320	1914.5	26.0
330	1673.0	37.0
340	2170.6666666666665	20.0
350	2027.6666666666667	23.0
360	1792.3333333333333	15.0
370	1978.5	33.0
380	1997.6666666666667	18.0
390	1779.6666666666667	31.0
400	1928.3333333333333	9.0
410	1655.0	16.0
420	1754.5	46.0
430	1567.0	38.0
440	1610.3333333333333	16.0
450	1618.3333333333333	10.0
460	2129.5	0.0
470	1677.5	0.0
480	2093.6666666666665	0.0
490	1705.0	0.0
500	1976.3333333333333	0.0
510	1776.6666666666667	0.0
520	2039.0	0.0
530	2339.1666666666665	0.0
540	1783.0	0.0
550	1777.6666666666667	0.0
560	1698.6666666666667	0.0
570	1999.0	0.0
580	2051.6666666666665	0.0
590	1818.3333333333333	0.0
600	1948.6666666666667	0.0
610	2381.6666666666665	0.0
620	2730.6666666666665	0.0
630	2423.1666666666665	0.0
640	2354.1666666666665	0.0
650	2615.1666666666665	0.0
660	1855.3333333333333	0.0
670	2411.0	0.0
680	1924.6666666666667	0.0
690	2471.1666666666665	0.0
700	2633.8333333333335	0.0
710	1695.1666666666667	0.0
720	1913.0	0.0
730	1820.6666666666667	0.0
740	1713.8333333333333	0.0
750	1742.6666666666667	0.0
760	1986.5	0.0
770	2276.6666666666665	0.0
780	1773.6666666666667	0.0
790	2106.0	0.0
800	2078.8333333333335	0.0
810	2196.8333333333335	0.0
820	2153.3333333333335	0.0
830	2246.8333333333335	0.0
840	2093.1666666666665	0.0
850	2308.6666666666665	0.0
860	2529.1666666666665	0.0
870	2438.3333333333335	0.0
880	2413.6666666666665	0.0
890	2361.5	0.0
900	1988.1666666666667	0.0
910	1984.0	0.0
920	1676.0	0.0
930	1665.6666666666667	0.0
940	2530.0	0.0
950	2789.8333333333335	0.0
960	2392.1666666666665	0.0
970	2575.3333333333335	0.0
980	2281.6666666666665	0.0
990	2645.8333333333335	0.0
1000	2392.0	0.0
