0	255.66666666666666	0.0
10	70.0	0.0
20	70.0	0.0
30	70.0	0.0
40	70.0	0.0
50	70.0	0.0
60	70.0	0.0
70	70.0	0.0
80	79.66666666666667	0.0
90	72.0	0.0
100	73.0	0.0
110	158.0	0.0
120	492.3333333333333	0.0
130	212.0	0.0
140	195.66666666666666	0.0
150	104.0	0.0
160	191.66666666666666	0.0
170	180.0	0.0
180	141.66666666666666	0.0
190	303.3333333333333	0.0
200	348.3333333333333	0.0
210	122.66666666666667	0.0
220	323.3333333333333	0.0
230	406.6666666666667	0.0
240	562.0	0.0
250	584.6666666666666	0.0
260	886.0	0.0
270	813.6666666666666	0.0
280	688.3333333333334	0.0
290	797.6666666666666	0.0
300	789.0	0.0
310	2000.8333333333333	0.0
320	2326.0	0.0
330	2117.3333333333335	0.0
340	2769.1666666666665	0.0
350	2500.8333333333335	0.0
360	2109.3333333333335	0.0
370	2367.8333333333335	0.0
380	2734.3333333333335	0.0
390	2358.3333333333335	0.0
400	2366.0	0.0
410	2443.3333333333335	0.0
420	2243.6666666666665	0.0
430	2423.6666666666665	0.0
440	2382.5	0.0
450	2604.0	0.0
460	2456.6666666666665	0.0
470	2585.6666666666665	0.0
480	2572.8333333333335	0.0
490	2249.0	0.0
500	2262.5	0.0
510	2344.6666666666665	0.0
520	2456.6666666666665	0.0
530	2307.0	0.0
540	1820.1666666666667	0.0
550	1921.5	0.0
560	1822.0	0.0
570	2225.8333333333335	0.0
580	1617.8333333333333	0.0
590	1691.3333333333333	0.0
600	1560.3333333333333	0.0
610	1913.6666666666667	0.0
620	1906.6666666666667	0.0
630	1836.8333333333333	0.0
640	2189.6666666666665	0.0
650	1744.6666666666667	0.0
660	1869.0	0.0
670	2098.1666666666665	0.0
680	2048.6666666666665	0.0
690	2152.0	0.0
700	2087.1666666666665	0.0
710	2260.0	0.0
720	1854.0	0.0
730	2415.6666666666665	0.0
740	2402.0	0.0
750	2265.0	0.0
760	2351.3333333333335	0.0
770	2344.0	0.0
780	2485.1666666666665	0.0
790	2096.6666666666665	0.0
800	2407.6666666666665	0.0
810	2619.5	0.0
820	2634.0	0.0
830	2591.1666666666665	0.0
840	2528.3333333333335	0.0
850	1849.0	0.0
860	1694.0	0.0
870	2444.3333333333335	0.0
880	2284.0	0.0
890	1900.5	0.0
900	2363.0	0.0
910	2399.6666666666665	0.0
920	1677.6666666666667	0.0
930	2412.1666666666665	0.0
940	1944.1666666666667	0.0
950	1746.1666666666667	0.0
960	1935.3333333333333	0.0
970	1781.0	0.0
980	2439.0	0.0
990	2498.3333333333335	0.0
1000	2349.3333333333335	0.0
