0	245.66666666666666	0.0
10	70.0	0.0
20	70.0	0.0
30	70.0	0.0
40	70.0	0.0
50	70.0	0.0
60	70.0	0.0
70	70.0	0.0
80	71.66666666666667	0.0
90	73.33333333333333	0.0
100	73.66666666666667	0.0
110	340.3333333333333	0.0
120	287.6666666666667	0.0
130	438.6666666666667	0.0
140	110.33333333333333	0.0
150	409.6666666666667	0.0
160	365.6666666666667	0.0
170	121.33333333333333	0.0
180	277.6666666666667	0.0
190	278.0	0.0
200	206.33333333333334	0.0
210	519.0	0.0
220	262.3333333333333	0.0
230	253.0	0.0
240	217.66666666666666	0.0
250	239.66666666666666	0.0
260	332.6666666666667	0.0
270	484.0	0.0
280	292.0	0.0
290	473.3333333333333	0.0
300	502.3333333333333	0.0
310	565.3333333333334	0.0
320	705.0	0.0
330	669.3333333333334	0.0
340	789.3333333333334	0.0
350	993.6666666666666	0.0
360	1350.8333333333333	0.0
370	1607.6666666666667	0.0
380	1472.1666666666667	0.0
390	1941.8333333333333	0.0
400	1846.6666666666667	0.0
410	1795.0	0.0
420	1730.5	0.0
430	2095.0	0.0
440	2060.6666666666665	0.0
450	2224.0	0.0
460	2025.0	0.0
470	2144.3333333333335	0.0
480	1510.3333333333333	0.0
490	1541.0	0.0
500	1690.0	0.0
510	1232.6666666666667	0.0
520	1858.3333333333333	0.0
530	1981.3333333333333	0.0
540	2187.5	0.0
550	1887.3333333333333	0.0
560	1823.0	0.0
570	1862.3333333333333	0.0
580	1470.5	0.0
590	1866.0	0.0
600	1956.6666666666667	0.0
610	2169.3333333333335	0.0
620	2504.0	0.0
630	2461.3333333333335	0.0
640	2255.8333333333335	0.0
650	1961.6666666666667	0.0
660	1830.6666666666667	0.0
670	1803.8333333333333	0.0
680	1946.5	0.0
690	1698.1666666666667	0.0
700	1983.6666666666667	0.0
710	1658.6666666666667	0.0
720	1691.0	0.0
730	1575.3333333333333	0.0
740	2295.8333333333335	0.0
750	2439.3333333333335	0.0
760	2165.3333333333335	0.0
770	2358.6666666666665	0.0
780	2422.6666666666665	0.0
790	2270.1666666666665	0.0
800	2646.6666666666665	0.0
810	2483.3333333333335	0.0
820	2378.3333333333335	0.0
830	2551.8333333333335	0.0
840	2645.3333333333335	0.0
850	2387.6666666666665	0.0
860	2438.6666666666665	0.0
870	2524.3333333333335	0.0
880	2632.3333333333335	0.0
890	2152.8333333333335	0.0
900	2483.1666666666665	0.0
910	2470.1666666666665	0.0
920	1923.6666666666667	0.0
930	2106.5	0.0
940	1823.6666666666667	0.0
950	2424.3333333333335	0.0
960	2387.3333333333335	0.0
970	2291.3333333333335	0.0
980	2382.6666666666665	0.0
990	2541.5	0.0
1000	2178.0	0.0
