0	230.66666666666666	0.0
10	70.0	0.0
20	70.0	0.0
30	70.0	0.0
40	70.0	0.0
50	70.0	0.0
60	70.0	0.0
70	70.0	0.0
80	70.33333333333333	0.0
90	71.0	0.0
100	76.33333333333333	0.0
110	179.0	0.0
120	159.0	0.0
130	295.6666666666667	0.0
140	334.3333333333333	0.0
150	297.0	0.0
160	156.0	0.0
170	334.6666666666667	0.0
180	157.33333333333334	0.0
190	161.33333333333334	0.0
200	315.3333333333333	0.0
210	377.3333333333333	0.0
220	192.33333333333334	0.0
230	250.33333333333334	0.0
240	356.0	0.0
250	356.6666666666667	0.0
260	619.0	0.0
270	490.0	0.0
280	582.6666666666666	0.0
290	434.3333333333333	0.0
300	775.3333333333334	0.0
310	591.0	0.0
320	723.3333333333334	0.0
330	744.6666666666666	0.0
340	1320.0	0.0
350	1825.8333333333333	0.0
360	2574.8333333333335	0.0
370	2072.1666666666665	0.0
380	2358.0	0.0
390	2463.6666666666665	0.0
400	2506.5	0.0
410	2374.6666666666665	0.0
420	2655.5	0.0
430	2450.6666666666665	0.0
440	2693.5	0.0
450	2376.3333333333335	0.0
460	2231.3333333333335	0.0
470	2432.0	0.0
480	2621.0	0.0
490	1041.5	0.0
500	1991.3333333333333	0.0
510	1879.8333333333333	0.0
520	1706.3333333333333	0.0
530	1432.3333333333333	0.0
540	2254.1666666666665	0.0
550	1460.8333333333333	0.0
560	1403.0	0.0
570	1745.0	0.0
580	1953.3333333333333	0.0
590	1144.6666666666667	0.0
600	2263.6666666666665	0.0
610	2438.3333333333335	0.0
620	2028.0	0.0
630	2257.0	0.0
640	1883.3333333333333	0.0
650	2363.3333333333335	0.0
660	1829.0	0.0
670	1784.8333333333333	0.0
680	2284.1666666666665	0.0
690	2243.3333333333335	0.0
700	2503.1666666666665	0.0
710	1468.8333333333333	0.0
720	2282.0	0.0
730	1856.3333333333333	0.0
740	1678.8333333333333	0.0
750	2209.3333333333335	0.0
760	2369.6666666666665	0.0
770	2442.3333333333335	0.0
780	2252.3333333333335	0.0
790	2320.5	0.0
800	2232.0	0.0
810	2423.6666666666665	0.0
820	2653.0	0.0
830	2454.3333333333335	0.0
840	1836.8333333333333	0.0
850	2039.3333333333333	0.0
860	1676.0	0.0
870	2144.6666666666665	0.0
880	1970.5	0.0
890	2313.5	0.0
900	2415.6666666666665	0.0
910	2386.8333333333335	0.0
920	2278.0	0.0
930	2243.5	0.0
940	2218.0	0.0
950	2729.0	0.0
960	1715.0	0.0
970	1693.8333333333333	0.0
980	1840.5	0.0
990	1803.3333333333333	0.0
1000	1855.0	0.0
