0	254.66666666666666	0.0
10	143.0	1000.0
20	150.33333333333334	0.0
30	96.0	0.0
40	127.0	0.0
50	399.6666666666667	0.0
60	378.6666666666667	0.0
70	1684.3333333333333	0.0
80	1893.5	0.0
90	2453.3333333333335	0.0
100	2049.1666666666665	0.0
110	2431.3333333333335	0.0
120	2574.0	0.0
130	2076.3333333333335	0.0
140	2297.3333333333335	0.0
150	2324.8333333333335	0.0
160	2183.3333333333335	0.0
170	2192.8333333333335	0.0
180	2341.3333333333335	0.0
190	2596.6666666666665	0.0
200	2422.8333333333335	0.0
210	2141.0	0.0
220	2313.6666666666665	0.0
230	2420.0	0.0
240	2428.0	0.0
250	1825.3333333333333	0.0
260	1951.5	0.0
270	1558.3333333333333	0.0
280	1903.0	0.0
290	2042.6666666666667	0.0
300	1765.3333333333333	0.0
310	2428.8333333333335	0.0
320	2559.3333333333335	0.0
330	2673.1666666666665	0.0
340	1791.1666666666667	0.0
350	1856.8333333333333	0.0
360	2493.1666666666665	0.0
370	2681.3333333333335	0.0
380	2332.8333333333335	0.0
390	2473.0	0.0
400	2150.5	0.0
410	2322.8333333333335	0.0
420	1948.0	0.0
430	2102.6666666666665	0.0
440	1679.3333333333333	0.0
450	2046.3333333333333	0.0
460	2350.0	0.0
470	2147.3333333333335	0.0
480	2142.8333333333335	0.0
490	2070.0	0.0
500	1513.3333333333333	0.0
510	1783.0	0.0
520	1736.6666666666667	0.0
530	1962.1666666666667	0.0
540	2315.0	0.0
550	1966.6666666666667	0.0
560	1734.1666666666667	0.0
570	2293.6666666666665	0.0
580	2335.6666666666665	0.0
590	2053.6666666666665	0.0
600	2241.8333333333335	0.0
