0	272.6666666666667	0.0
10	89.66666666666667	1000.0
20	79.0	0.0
30	70.0	0.0
40	1078.6666666666667	0.0
50	113.0	0.0
60	154.66666666666666	0.0
70	378.3333333333333	0.0
80	182.66666666666666	0.0
90	1792.6666666666667	0.0
100	1816.6666666666667	0.0
110	2058.1666666666665	0.0
120	2490.3333333333335	0.0
130	2085.3333333333335	0.0
140	2272.5	0.0
150	2098.3333333333335	0.0
160	2083.0	0.0
170	2356.6666666666665	0.0
180	2195.3333333333335	0.0
190	2342.5	0.0
200	2532.0	0.0
210	2369.1666666666665	0.0
220	2259.0	0.0
230	2605.8333333333335	0.0
240	2461.6666666666665	0.0
250	2307.3333333333335	0.0
260	1546.6666666666667	0.0
270	2116.1666666666665	0.0
280	2398.0	0.0
290	2565.1666666666665	0.0
300	1823.6666666666667	0.0
310	1018.0	0.0
320	816.3333333333334	0.0
330	1895.3333333333333	0.0
340	1979.0	0.0
350	1999.0	0.0
360	2062.5	0.0
370	2163.5	0.0
380	1684.3333333333333	0.0
390	2142.5	0.0
400	1965.3333333333333	0.0
410	2211.8333333333335	0.0
420	1640.0	0.0
430	2553.5	0.0
440	2006.6666666666667	0.0
450	2509.6666666666665	0.0
460	2127.8333333333335	0.0
470	2173.8333333333335	0.0
480	2398.6666666666665	0.0
490	2301.6666666666665	0.0
500	2091.1666666666665	0.0
510	1869.0	0.0
520	1745.1666666666667	0.0
530	2100.0	0.0
540	2086.3333333333335	0.0
550	2181.1666666666665	0.0
560	1912.6666666666667	0.0
570	2100.6666666666665	0.0
580	2447.6666666666665	0.0
590	2423.1666666666665	0.0
600	2535.8333333333335	0.0
