0	242.0	0.0
10	70.0	5.0
20	70.0	0.0
30	70.0	0.0
40	70.0	4.0
50	70.0	0.0
60	70.0	8.0
70	70.0	0.0
80	71.33333333333333	7.0
90	70.66666666666667	0.0
100	73.66666666666667	0.0
110	99.33333333333333	6.0
120	74.33333333333333	41.0
130	151.33333333333334	0.0
140	135.0	14.0
150	924.3333333333334	1.0
160	768.6666666666666	18.0
170	2193.3333333333335	19.0
180	1962.6666666666667	29.0
190	1654.3333333333333	27.0
200	2042.6666666666667	15.0
210	2264.6666666666665	17.0
220	2179.5	22.0
230	2264.8333333333335	33.0
240	2254.3333333333335	27.0
250	2031.3333333333333	29.0
260	2187.3333333333335	31.0
270	2769.6666666666665	23.0
280	2305.8333333333335	33.0
290	1672.6666666666667	19.0
300	2515.5	14.0
310	2277.0	31.0
320	1446.6666666666667	37.0
330	2268.6666666666665	24.0
340	2422.0	20.0
350	2681.3333333333335	15.0
360	2376.1666666666665	23.0
370	1729.5	32.0
380	2394.0	14.0
390	2206.0	9.0
400	2602.3333333333335	20.0
410	1450.3333333333333	12.0
420	1748.3333333333333	20.0
430	1635.3333333333333	27.0
440	1782.0	7.0
450	1624.6666666666667	14.0
460	2093.5	17.0
470	2372.6666666666665	35.0
480	2169.5	29.0
490	2132.6666666666665	53.0
500	1681.6666666666667	49.0
510	1748.0	22.0
520	1771.6666666666667	20.0
530	1794.3333333333333	23.0
540	1584.3333333333333	5.0
550	1813.6666666666667	0.0
560	2124.5	0.0
570	2059.0	0.0
580	1914.6666666666667	0.0
590	2248.3333333333335	0.0
600	1945.1666666666667	0.0
610	1825.6666666666667	0.0
620	2184.5	0.0
630	2323.1666666666665	0.0
640	2362.0	0.0
650	2478.5	0.0
660	2392.6666666666665	0.0
670	2528.6666666666665	0.0
680	2435.3333333333335	0.0
690	2430.3333333333335	0.0
700	2554.8333333333335	0.0
710	2395.5	0.0
720	2253.3333333333335	0.0
730	2399.3333333333335	0.0
740	2842.0	0.0
750	2489.5	0.0
760	2541.5	0.0
770	2306.3333333333335	0.0
780	2697.1666666666665	0.0
790	2135.3333333333335	0.0
800	2556.3333333333335	0.0
810	2386.0	0.0
820	2446.3333333333335	0.0
830	2646.3333333333335	0.0
840	2552.0	0.0
850	2740.6666666666665	0.0
860	2377.0	0.0
870	1710.6666666666667	0.0
880	1691.1666666666667	0.0
890	1431.8333333333333	0.0
900	1907.8333333333333	0.0
910	2059.8333333333335	0.0
920	2049.5	0.0
930	2229.6666666666665	0.0
940	2428.3333333333335	0.0
950	1867.1666666666667	0.0
960	2236.0	0.0
970	2537.3333333333335	0.0
980	2474.1666666666665	0.0
990	2480.8333333333335	0.0
1000	2333.3333333333335	0.0
