0	292.0	0.0
10	70.0	1.0
20	70.0	0.0
30	70.0	8.0
40	70.0	1.0
50	70.0	5.0
60	70.0	1.0
70	70.0	8.0
80	70.33333333333333	0.0
90	82.0	0.0
100	72.0	0.0
110	132.33333333333334	0.0
120	156.33333333333334	6.0
130	530.0	14.0
140	348.3333333333333	1.0
150	718.0	5.0
160	216.0	25.0
170	133.66666666666666	6.0
180	1102.6666666666667	10.0
190	1510.8333333333333	9.0
200	1797.6666666666667	21.0
210	2151.6666666666665	27.0
220	1851.3333333333333	15.0
230	2371.6666666666665	27.0
240	2422.5	20.0
250	2534.3333333333335	24.0
260	2421.0	20.0
270	2434.3333333333335	29.0
280	2463.6666666666665	33.0
290	2284.3333333333335	14.0
300	2576.6666666666665	25.0
310	2368.6666666666665	19.0
320	2534.3333333333335	28.0
330	2661.8333333333335	17.0
340	2504.5	31.0
350	2428.0	36.0
360	2314.6666666666665	13.0
370	2586.8333333333335	30.0
380	1966.5	25.0
390	1602.3333333333333	11.0
400	1687.5	30.0
410	1780.5	19.0
420	2311.3333333333335	21.0
430	2380.6666666666665	23.0
440	2490.6666666666665	8.0
450	2337.5	22.0
460	1632.3333333333333	10.0
470	2405.5	25.0
480	2360.6666666666665	24.0
490	1836.0	18.0
500	1933.0	16.0
510	2108.3333333333335	23.0
520	2127.1666666666665	17.0
530	2238.0	27.0
540	1927.6666666666667	35.0
550	1941.0	26.0
560	1822.6666666666667	29.0
570	1821.1666666666667	16.0
580	2527.3333333333335	19.0
590	2476.6666666666665	16.0
600	1769.5	11.0
610	2522.3333333333335	0.0
620	2437.3333333333335	0.0
630	2515.3333333333335	0.0
640	1762.6666666666667	0.0
650	2398.3333333333335	0.0
660	2330.3333333333335	0.0
670	2428.3333333333335	0.0
680	2512.8333333333335	0.0
690	2508.5	0.0
700	2377.3333333333335	0.0
710	2346.3333333333335	0.0
720	2395.3333333333335	0.0
730	2253.1666666666665	0.0
740	2490.3333333333335	0.0
750	2253.3333333333335	0.0
760	2370.3333333333335	0.0
770	2497.3333333333335	0.0
780	2670.1666666666665	0.0
790	2504.6666666666665	0.0
800	2584.6666666666665	0.0
810	2344.1666666666665	0.0
820	2507.8333333333335	0.0
830	2364.1666666666665	0.0
840	2583.6666666666665	0.0
850	2214.8333333333335	0.0
860	2264.1666666666665	0.0
870	2426.6666666666665	0.0
880	2480.0	0.0
890	2550.1666666666665	0.0
900	2633.8333333333335	0.0
910	1765.6666666666667	0.0
920	2355.0	0.0
930	1962.3333333333333	0.0
940	2349.8333333333335	0.0
950	2396.0	0.0
960	1800.6666666666667	0.0
970	2041.1666666666667	0.0
980	2114.5	0.0
990	2006.8333333333333	0.0
1000	1725.5	0.0
