0	251.66666666666666	0.0
10	70.0	47.0
20	70.0	0.0
30	70.0	0.0
40	70.0	8.0
50	70.0	1.0
60	70.66666666666667	1.0
70	74.33333333333333	7.0
80	107.33333333333333	7.0
90	162.66666666666666	0.0
100	324.0	13.0
110	106.33333333333333	21.0
120	126.0	3.0
130	476.6666666666667	2.0
140	1696.0	31.0
150	2320.0	31.0
160	2088.6666666666665	13.0
170	2041.3333333333333	24.0
180	2007.6666666666667	34.0
190	2310.0	22.0
200	2537.8333333333335	35.0
210	2309.3333333333335	16.0
220	2229.0	36.0
230	2159.3333333333335	40.0
240	2377.6666666666665	16.0
250	1968.6666666666667	15.0
260	2260.0	25.0
270	1790.3333333333333	24.0
280	2262.5	23.0
290	2384.3333333333335	28.0
300	2288.1666666666665	28.0
310	1868.3333333333333	47.0
320	2315.0	18.0
330	2597.5	43.0
340	2047.3333333333333	36.0
350	1698.6666666666667	12.0
360	2590.5	37.0
370	2381.0	47.0
380	2264.5	26.0
390	2444.6666666666665	32.0
400	2406.1666666666665	20.0
410	2592.8333333333335	31.0
420	2527.6666666666665	25.0
430	2047.1666666666667	28.0
440	2391.0	38.0
450	2272.0	9.0
460	2307.0	0.0
470	2358.3333333333335	0.0
480	2368.1666666666665	0.0
490	2093.3333333333335	0.0
500	2209.0	0.0
510	2400.1666666666665	0.0
520	2253.3333333333335	0.0
530	2092.6666666666665	0.0
540	2167.6666666666665	0.0
550	2331.5	0.0
560	1957.6666666666667	0.0
570	1885.5	0.0
580	1888.3333333333333	0.0
590	2412.1666666666665	0.0
600	1559.3333333333333	0.0
610	2319.0	0.0
620	2732.6666666666665	0.0
630	2347.6666666666665	0.0
640	1975.6666666666667	0.0
650	2470.3333333333335	0.0
660	2339.3333333333335	0.0
670	2653.3333333333335	0.0
680	2485.6666666666665	0.0
690	2469.3333333333335	0.0
700	2467.6666666666665	0.0
710	2754.3333333333335	0.0
720	2338.1666666666665	0.0
730	2612.3333333333335	0.0
740	2525.0	0.0
750	2336.3333333333335	0.0
760	2402.1666666666665	0.0
770	2638.3333333333335	0.0
780	2390.6666666666665	0.0
790	1696.3333333333333	0.0
800	1824.5	0.0
810	2684.6666666666665	0.0
820	2589.3333333333335	0.0
830	2422.3333333333335	0.0
840	2203.3333333333335	0.0
850	1640.0	0.0
860	2196.5	0.0
870	2553.3333333333335	0.0
880	2268.6666666666665	0.0
890	2301.8333333333335	0.0
900	2419.6666666666665	0.0
910	2221.6666666666665	0.0
920	2510.3333333333335	0.0
930	2459.1666666666665	0.0
940	2665.1666666666665	0.0
950	2457.8333333333335	0.0
960	2530.3333333333335	0.0
970	2364.8333333333335	0.0
980	2565.1666666666665	0.0
990	1698.3333333333333	0.0
1000	1794.1666666666667	0.0
