0	249.33333333333334	0.0
10	70.0	0.0
20	70.0	0.0
30	70.0	0.0
40	70.0	0.0
50	70.0	0.0
60	70.0	0.0
70	70.0	0.0
80	70.0	0.0
90	70.0	0.0
100	70.0	0.0
110	70.0	0.0
120	70.0	0.0
130	70.0	0.0
140	70.0	0.0
150	70.0	0.0
160	70.0	0.0
170	70.0	0.0
180	70.0	0.0
190	70.66666666666667	0.0
200	70.0	0.0
210	71.0	0.0
220	71.0	0.0
230	72.66666666666667	0.0
240	71.33333333333333	0.0
250	72.33333333333333	0.0
260	73.33333333333333	0.0
270	141.66666666666666	0.0
280	209.33333333333334	0.0
290	298.0	0.0
300	182.33333333333334	0.0
310	343.6666666666667	0.0
320	172.33333333333334	0.0
330	138.33333333333334	0.0
340	170.0	0.0
350	149.33333333333334	0.0
360	138.0	0.0
370	147.0	0.0
380	164.33333333333334	0.0
390	160.66666666666666	0.0
400	247.33333333333334	0.0
410	270.0	0.0
420	782.6666666666666	0.0
430	631.3333333333334	0.0
440	827.3333333333334	0.0
450	1071.3333333333333	0.0
460	773.3333333333334	0.0
470	1261.6666666666667	0.0
480	1304.0	0.0
490	2066.6666666666665	0.0
500	1703.3333333333333	0.0
510	1798.3333333333333	0.0
520	2243.0	0.0
530	2465.0	0.0
540	1896.1666666666667	0.0
550	2082.6666666666665	0.0
560	1847.6666666666667	0.0
570	2157.1666666666665	0.0
580	2289.5	0.0
590	2028.8333333333333	0.0
600	2189.0	0.0
610	2413.6666666666665	0.0
620	2505.0	0.0
630	2526.6666666666665	0.0
640	2228.6666666666665	0.0
650	2181.6666666666665	0.0
660	2463.3333333333335	0.0
670	2485.0	0.0
680	2604.3333333333335	0.0
690	2267.3333333333335	0.0
700	2582.0	0.0
710	2416.6666666666665	0.0
720	2358.8333333333335	0.0
730	2571.0	0.0
740	2485.0	0.0
750	2716.0	0.0
760	2432.3333333333335	0.0
770	2572.3333333333335	0.0
780	2517.6666666666665	0.0
790	2453.3333333333335	0.0
800	2633.6666666666665	0.0
