0	256.6666666666667	0.0
10	70.0	0.0
20	70.0	0.0
30	70.0	0.0
40	70.0	0.0
50	70.0	0.0
60	70.0	0.0
70	70.0	0.0
80	70.0	0.0
90	70.0	0.0
100	70.0	0.0
110	70.0	0.0
120	70.0	0.0
130	70.0	0.0
140	70.0	0.0
150	70.0	0.0
160	70.0	0.0
170	70.0	0.0
180	70.0	0.0
190	70.33333333333333	0.0
200	70.66666666666667	0.0
210	71.0	0.0
220	71.66666666666667	0.0
230	72.0	0.0
240	102.66666666666667	0.0
250	118.33333333333333	0.0
260	173.33333333333334	0.0
270	110.66666666666667	0.0
280	299.3333333333333	0.0
290	133.66666666666666	0.0
300	211.66666666666666	0.0
310	171.0	0.0
320	154.0	0.0
330	146.66666666666666	0.0
340	139.33333333333334	0.0
350	162.0	0.0
360	260.0	0.0
370	232.0	0.0
380	202.66666666666666	0.0
390	272.3333333333333	0.0
400	217.33333333333334	0.0
410	293.0	0.0
420	232.33333333333334	0.0
430	334.6666666666667	0.0
440	343.3333333333333	0.0
450	388.6666666666667	0.0
460	669.6666666666666	0.0
470	585.6666666666666	0.0
480	691.0	0.0
490	847.3333333333334	0.0
500	1000.3333333333334	0.0
510	996.6666666666666	0.0
520	1453.0	0.0
530	1159.0	0.0
540	2095.8333333333335	0.0
550	1687.6666666666667	0.0
560	1905.6666666666667	0.0
570	1946.1666666666667	0.0
580	2139.0	0.0
590	2013.6666666666667	0.0
600	2192.3333333333335	0.0
