0	251.66666666666666	0.0
10	70.0	0.0
20	70.0	0.0
30	70.0	0.0
40	70.0	0.0
50	70.0	0.0
60	70.0	0.0
70	70.0	0.0
80	70.0	0.0
90	70.0	0.0
100	70.0	0.0
110	70.0	0.0
120	70.0	0.0
130	70.0	0.0
140	70.0	0.0
150	70.0	0.0
160	70.0	0.0
170	70.0	0.0
180	70.66666666666667	0.0
190	70.0	0.0
200	71.33333333333333	0.0
210	72.66666666666667	0.0
220	73.33333333333333	0.0
230	73.33333333333333	0.0
240	70.0	0.0
250	72.0	0.0
260	91.66666666666667	0.0
270	97.66666666666667	0.0
280	135.33333333333334	0.0
290	259.6666666666667	0.0
300	312.6666666666667	0.0
310	177.33333333333334	0.0
320	197.0	0.0
330	193.33333333333334	0.0
340	188.0	0.0
350	171.0	0.0
360	162.66666666666666	0.0
370	154.0	0.0
380	225.66666666666666	0.0
390	173.0	0.0
400	169.33333333333334	0.0
410	233.33333333333334	0.0
420	243.0	0.0
430	212.33333333333334	0.0
440	226.66666666666666	0.0
450	326.3333333333333	0.0
460	211.0	0.0
470	218.66666666666666	0.0
480	305.0	0.0
490	419.3333333333333	0.0
500	533.6666666666666	0.0
510	930.6666666666666	0.0
520	887.3333333333334	0.0
530	992.6666666666666	0.0
540	1230.3333333333333	0.0
550	1050.6666666666667	0.0
560	1612.0	0.0
570	1646.3333333333333	0.0
580	1578.3333333333333	0.0
590	1828.1666666666667	0.0
600	2062.0	0.0
