0	286.6666666666667	0.0
10	70.0	0.0
20	70.0	0.0
30	70.0	0.0
40	70.0	0.0
50	70.0	0.0
60	70.0	0.0
70	70.0	0.0
80	70.0	0.0
90	70.0	0.0
100	70.0	0.0
110	70.0	0.0
120	70.0	0.0
130	70.0	0.0
140	70.0	0.0
150	70.0	0.0
160	70.0	0.0
170	70.0	0.0
180	71.0	0.0
190	70.0	0.0
200	70.33333333333333	0.0
210	70.66666666666667	0.0
220	70.33333333333333	0.0
230	74.0	0.0
240	76.0	0.0
250	125.66666666666667	0.0
260	342.0	0.0
270	178.33333333333334	1.0
280	140.0	0.0
290	162.33333333333334	0.0
300	147.66666666666666	0.0
310	146.0	0.0
320	163.33333333333334	0.0
330	147.0	0.0
340	162.33333333333334	0.0
350	153.33333333333334	0.0
360	146.33333333333334	0.0
370	140.0	0.0
380	131.0	1.0
390	175.0	0.0
400	369.6666666666667	1.0
410	702.3333333333334	0.0
420	615.0	1.0
430	850.3333333333334	2.0
440	786.6666666666666	3.0
450	943.6666666666666	0.0
460	1087.0	0.0
470	1363.3333333333333	2.0
480	1404.5	0.0
490	1492.6666666666667	2.0
500	1557.5	0.0
510	2392.0	2.0
520	2119.0	0.0
530	2183.3333333333335	1.0
540	2217.6666666666665	1.0
550	2188.3333333333335	2.0
560	1958.6666666666667	1.0
570	2325.0	0.0
580	2079.3333333333335	0.0
590	2136.8333333333335	0.0
600	2294.3333333333335	0.0
610	2268.3333333333335	0.0
620	2183.3333333333335	0.0
630	2498.6666666666665	2.0
640	2406.0	0.0
650	2486.5	0.0
660	2260.5	1.0
670	2667.8333333333335	0.0
680	2383.3333333333335	0.0
690	2723.6666666666665	0.0
700	2622.5	0.0
710	2744.5	2.0
720	2335.3333333333335	1.0
730	2322.0	1.0
740	2536.8333333333335	2.0
750	2635.8333333333335	0.0
760	2280.8333333333335	2.0
770	2605.0	1.0
780	2804.1666666666665	0.0
790	2668.0	0.0
800	2577.8333333333335	0.0
