0	250.0	0.0
10	70.0	0.0
20	70.0	0.0
30	70.0	0.0
40	70.0	0.0
50	70.0	0.0
60	70.0	0.0
70	70.0	0.0
80	70.0	0.0
90	70.0	0.0
100	70.0	0.0
110	70.0	0.0
120	70.0	0.0
130	70.0	0.0
140	70.0	0.0
150	70.0	0.0
160	70.0	0.0
170	70.0	0.0
180	70.33333333333333	0.0
190	70.0	0.0
200	72.0	0.0
210	71.0	0.0
220	73.0	0.0
230	72.0	0.0
240	71.0	0.0
250	107.33333333333333	0.0
260	146.33333333333334	0.0
270	194.66666666666666	0.0
280	312.6666666666667	0.0
290	228.33333333333334	0.0
300	153.33333333333334	0.0
310	156.33333333333334	1.0
320	195.33333333333334	0.0
330	213.66666666666666	0.0
340	187.66666666666666	0.0
350	146.0	1.0
360	285.3333333333333	0.0
370	216.33333333333334	0.0
380	228.66666666666666	0.0
390	247.0	0.0
400	303.3333333333333	0.0
410	375.0	0.0
420	507.3333333333333	1.0
430	922.3333333333334	0.0
440	925.6666666666666	0.0
450	1176.0	0.0
460	1146.3333333333333	0.0
470	900.6666666666666	0.0
480	1171.6666666666667	4.0
490	1417.0	0.0
500	1797.5	1.0
510	2185.6666666666665	0.0
520	1971.0	2.0
530	2066.0	2.0
540	2050.6666666666665	2.0
550	1744.3333333333333	1.0
560	2217.0	1.0
570	1881.0	0.0
580	2380.6666666666665	2.0
590	2331.5	1.0
600	2074.6666666666665	2.0
610	2144.3333333333335	0.0
620	2305.8333333333335	1.0
630	2157.6666666666665	1.0
640	2528.8333333333335	1.0
650	2139.6666666666665	0.0
660	2222.6666666666665	0.0
670	2424.0	1.0
680	2303.3333333333335	2.0
690	2285.3333333333335	0.0
700	2420.6666666666665	0.0
710	2395.3333333333335	0.0
720	2377.3333333333335	0.0
730	2540.8333333333335	0.0
740	2614.3333333333335	1.0
750	2447.6666666666665	1.0
760	2524.6666666666665	0.0
770	2738.5	0.0
780	2599.0	0.0
790	2519.1666666666665	0.0
800	2730.5	0.0
