0	200.0	0.0
10	920.0	0.0
20	2220.0	0.0
30	2080.0	11.0
40	2160.0	10.0
50	2360.0	23.0
60	2560.0	0.0
70	1610.0	45.0
80	2640.0	42.0
90	1770.0	0.0
100	1770.0	0.0
110	2230.0	37.0
120	2240.0	0.0
130	1600.0	0.0
140	1990.0	24.0
150	1920.0	6.0
160	2360.0	14.0
170	1370.0	14.0
180	2920.0	8.0
190	2280.0	0.0
200	2370.0	1.0
210	2160.0	1.0
220	3320.0	5.0
230	2240.0	0.0
240	2240.0	6.0
250	2000.0	0.0
260	2640.0	10.0
270	2245.0	0.0
280	3320.0	48.0
290	2920.0	71.0
300	2240.0	0.0
310	3000.0	0.0
320	3120.0	0.0
330	3280.0	1.0
340	2460.0	5.0
350	560.0	26.0
360	2920.0	24.0
370	2320.0	16.0
380	2800.0	21.0
390	1640.0	0.0
400	1560.0	20.0
410	2440.0	45.0
420	2620.0	2.0
430	3600.0	16.0
440	3400.0	43.0
450	3120.0	0.0
460	1920.0	0.0
470	3200.0	28.0
480	2800.0	35.0
490	610.0	6.0
500	1870.0	20.0
510	2510.0	38.0
520	2920.0	22.0
530	3120.0	9.0
540	2720.0	2.0
550	3000.0	41.0
560	2620.0	12.0
570	3400.0	27.0
580	2100.0	20.0
590	2800.0	15.0
600	3600.0	24.0
610	3400.0	93.0
620	3800.0	13.0
630	2640.0	0.0
640	3000.0	0.0
650	1690.0	0.0
660	2160.0	0.0
670	3200.0	0.0
680	2800.0	0.0
690	3400.0	0.0
700	690.0	0.0
710	400.0	0.0
720	3000.0	0.0
730	3320.0	0.0
740	3400.0	0.0
750	2000.0	0.0
760	3250.0	0.0
770	3000.0	0.0
780	3200.0	0.0
790	2500.0	0.0
800	3920.0	0.0
