0	282.3333333333333	0.0
10	70.0	0.0
20	70.0	0.0
30	70.0	0.0
40	70.0	0.0
50	70.0	0.0
60	70.0	0.0
70	70.0	0.0
80	70.0	0.0
90	70.0	0.0
100	70.0	0.0
110	70.0	0.0
120	70.0	0.0
130	70.0	0.0
140	70.0	0.0
150	70.0	0.0
160	70.0	0.0
170	70.0	0.0
180	70.0	0.0
190	70.66666666666667	0.0
200	71.66666666666667	0.0
210	70.0	0.0
220	70.66666666666667	0.0
230	70.33333333333333	0.0
240	70.33333333333333	0.0
250	108.66666666666667	0.0
260	237.66666666666666	0.0
270	159.66666666666666	0.0
280	150.66666666666666	0.0
290	146.66666666666666	0.0
300	130.0	0.0
310	130.0	0.0
320	154.33333333333334	0.0
330	154.66666666666666	0.0
340	136.66666666666666	0.0
350	146.66666666666666	0.0
360	160.66666666666666	0.0
370	241.0	0.0
380	372.0	0.0
390	524.0	0.0
400	380.0	0.0
410	503.0	0.0
420	670.0	0.0
430	749.0	0.0
440	809.6666666666666	0.0
450	816.6666666666666	0.0
460	1278.6666666666667	0.0
470	1224.0	0.0
480	1517.6666666666667	0.0
490	1445.6666666666667	0.0
500	1490.1666666666667	0.0
510	1750.5	0.0
520	2096.3333333333335	0.0
530	2143.3333333333335	0.0
540	2299.6666666666665	0.0
550	1936.6666666666667	0.0
560	2312.0	0.0
570	1962.3333333333333	0.0
580	2116.0	0.0
590	2142.0	0.0
600	2191.5	0.0
610	2457.3333333333335	0.0
620	2611.3333333333335	0.0
630	2617.0	0.0
640	2451.6666666666665	0.0
650	2606.6666666666665	0.0
660	2246.0	0.0
670	2152.3333333333335	0.0
680	1892.6666666666667	0.0
690	2456.6666666666665	0.0
700	2560.0	0.0
710	2803.5	0.0
720	2454.0	0.0
730	2509.0	0.0
740	2534.3333333333335	0.0
750	2602.1666666666665	0.0
760	2444.0	0.0
770	2461.6666666666665	0.0
780	2411.5	0.0
790	2721.1666666666665	0.0
800	2502.0	0.0
810	2685.0	0.0
820	2458.0	0.0
830	2507.3333333333335	0.0
840	2753.1666666666665	0.0
850	2508.3333333333335	0.0
860	2620.0	0.0
870	2631.6666666666665	0.0
880	2481.6666666666665	0.0
890	2337.8333333333335	0.0
900	2472.1666666666665	0.0
910	2595.5	0.0
920	2501.0	0.0
930	2516.3333333333335	0.0
940	2327.6666666666665	0.0
950	2493.6666666666665	0.0
960	2510.1666666666665	0.0
970	2544.1666666666665	0.0
980	2676.6666666666665	0.0
990	2665.8333333333335	0.0
1000	2659.0	0.0
