0	280.0	0.0
10	70.0	0.0
20	70.0	0.0
30	70.0	0.0
40	70.0	0.0
50	70.0	0.0
60	70.0	0.0
70	70.0	0.0
80	70.0	0.0
90	70.0	0.0
100	70.0	0.0
110	70.0	0.0
120	70.0	0.0
130	70.0	0.0
140	70.0	0.0
150	70.0	0.0
160	70.0	0.0
170	70.0	0.0
180	70.0	0.0
190	71.0	0.0
200	70.0	0.0
210	71.33333333333333	0.0
220	70.0	0.0
230	71.33333333333333	0.0
240	80.0	0.0
250	116.66666666666667	0.0
260	146.66666666666666	0.0
270	146.33333333333334	0.0
280	228.66666666666666	0.0
290	177.0	0.0
300	172.33333333333334	0.0
310	130.0	0.0
320	146.0	0.0
330	162.33333333333334	0.0
340	154.0	0.0
350	146.0	0.0
360	146.33333333333334	0.0
370	146.0	0.0
380	195.33333333333334	0.0
390	148.33333333333334	0.0
400	290.6666666666667	0.0
410	291.3333333333333	0.0
420	591.6666666666666	0.0
430	1098.3333333333333	0.0
440	901.0	0.0
450	758.0	0.0
460	1162.6666666666667	0.0
470	838.3333333333334	0.0
480	1253.0	0.0
490	1298.0	0.0
500	1292.3333333333333	0.0
510	1725.6666666666667	0.0
520	1820.6666666666667	0.0
530	1813.5	0.0
540	1697.0	0.0
550	1816.3333333333333	0.0
560	1648.6666666666667	0.0
570	2075.0	0.0
580	2242.0	0.0
590	2364.3333333333335	0.0
600	2113.3333333333335	0.0
610	2250.6666666666665	0.0
620	2404.3333333333335	0.0
630	2512.8333333333335	0.0
640	2377.0	0.0
650	2185.3333333333335	0.0
660	2278.6666666666665	0.0
670	2166.0	0.0
680	2070.1666666666665	0.0
690	2207.1666666666665	0.0
700	2308.3333333333335	0.0
710	2428.6666666666665	0.0
720	2622.3333333333335	0.0
730	2591.8333333333335	0.0
740	2430.3333333333335	0.0
750	2779.5	0.0
760	2609.0	0.0
770	2531.5	0.0
780	2741.6666666666665	0.0
790	2534.0	0.0
800	2595.5	0.0
810	2715.5	0.0
820	2510.3333333333335	0.0
830	2693.8333333333335	0.0
840	2532.6666666666665	0.0
850	2876.0	0.0
860	2649.3333333333335	0.0
870	2563.6666666666665	0.0
880	2346.6666666666665	0.0
890	2614.6666666666665	0.0
900	2697.1666666666665	0.0
910	2236.6666666666665	0.0
920	2531.6666666666665	0.0
930	2515.0	0.0
940	2647.8333333333335	0.0
950	2519.3333333333335	0.0
960	2472.1666666666665	0.0
970	2483.0	0.0
980	2699.6666666666665	0.0
990	2582.5	0.0
1000	2720.3333333333335	0.0
