0	287.0	0.0
10	70.0	0.0
20	70.0	0.0
30	70.0	0.0
40	70.0	0.0
50	70.0	0.0
60	70.0	0.0
70	70.0	0.0
80	70.0	0.0
90	70.0	0.0
100	70.0	0.0
110	70.0	0.0
120	70.0	0.0
130	70.0	0.0
140	70.0	0.0
150	70.0	0.0
160	70.0	0.0
170	70.0	0.0
180	70.0	0.0
190	70.0	0.0
200	70.0	0.0
210	71.33333333333333	0.0
220	73.0	0.0
230	73.66666666666667	0.0
240	72.0	0.0
250	115.33333333333333	0.0
260	179.66666666666666	0.0
270	191.33333333333334	0.0
280	227.0	0.0
290	186.66666666666666	0.0
300	170.66666666666666	0.0
310	175.0	0.0
320	172.0	0.0
330	172.0	0.0
340	155.0	0.0
350	139.0	0.0
360	146.66666666666666	0.0
370	195.66666666666666	0.0
380	171.33333333333334	0.0
390	147.0	0.0
400	235.66666666666666	0.0
410	277.6666666666667	0.0
420	343.3333333333333	0.0
430	170.0	0.0
440	204.0	0.0
450	227.66666666666666	0.0
460	202.66666666666666	0.0
470	303.6666666666667	0.0
480	374.0	0.0
490	654.6666666666666	0.0
500	688.0	0.0
510	773.3333333333334	0.0
520	1041.6666666666667	0.0
530	767.6666666666666	0.0
540	701.0	0.0
550	1175.6666666666667	0.0
560	1201.6666666666667	0.0
570	1533.0	0.0
580	1417.1666666666667	0.0
590	1529.3333333333333	0.0
600	1513.0	0.0
610	1794.0	0.0
620	2148.3333333333335	0.0
630	2110.6666666666665	0.0
640	2154.1666666666665	0.0
650	2183.3333333333335	0.0
660	2115.8333333333335	0.0
670	2346.1666666666665	0.0
680	2078.3333333333335	0.0
690	1883.3333333333333	0.0
700	2063.8333333333335	0.0
710	2334.8333333333335	0.0
720	2516.0	0.0
730	2346.6666666666665	0.0
740	2320.3333333333335	0.0
750	2475.8333333333335	0.0
760	2521.1666666666665	0.0
770	2443.8333333333335	0.0
780	2394.6666666666665	0.0
790	2526.0	0.0
800	2438.6666666666665	0.0
