0	281.3333333333333	0.0
10	70.0	0.0
20	70.0	0.0
30	70.0	0.0
40	70.0	0.0
50	70.0	0.0
60	70.0	0.0
70	70.0	0.0
80	70.0	0.0
90	70.0	0.0
100	70.0	0.0
110	70.0	0.0
120	70.0	0.0
130	70.0	0.0
140	70.0	0.0
150	70.0	0.0
160	70.0	0.0
170	70.0	0.0
180	70.0	0.0
190	70.33333333333333	0.0
200	70.66666666666667	0.0
210	72.66666666666667	0.0
220	73.33333333333333	0.0
230	75.0	0.0
240	71.0	0.0
250	136.66666666666666	0.0
260	280.0	0.0
270	166.33333333333334	0.0
280	138.0	0.0
290	168.66666666666666	0.0
300	154.66666666666666	0.0
310	130.0	0.0
320	146.0	0.0
330	146.0	0.0
340	130.0	0.0
350	138.0	0.0
360	191.33333333333334	0.0
370	257.3333333333333	0.0
380	232.0	0.0
390	431.3333333333333	0.0
400	686.3333333333334	0.0
410	734.3333333333334	0.0
420	731.3333333333334	0.0
430	724.6666666666666	0.0
440	1180.6666666666667	0.0
450	1039.6666666666667	0.0
460	1133.3333333333333	0.0
470	1346.3333333333333	0.0
480	1506.6666666666667	0.0
490	1485.0	0.0
500	2530.8333333333335	0.0
510	1924.0	0.0
520	2263.3333333333335	0.0
530	1919.3333333333333	0.0
540	2133.6666666666665	0.0
550	2308.1666666666665	0.0
560	2215.3333333333335	0.0
570	2345.6666666666665	0.0
580	2359.6666666666665	0.0
590	2386.3333333333335	0.0
600	2359.3333333333335	0.0
610	2177.6666666666665	0.0
620	2307.0	0.0
630	1999.8333333333333	0.0
640	2355.3333333333335	0.0
650	2287.3333333333335	0.0
660	2370.6666666666665	0.0
670	2227.3333333333335	0.0
680	2339.1666666666665	0.0
690	2481.0	0.0
700	2341.5	0.0
710	2526.3333333333335	0.0
720	2398.1666666666665	0.0
730	2670.0	0.0
740	2838.5	0.0
750	2733.8333333333335	0.0
760	2627.8333333333335	0.0
770	2609.6666666666665	0.0
780	2424.8333333333335	0.0
790	2674.3333333333335	0.0
800	2341.3333333333335	0.0
810	2553.0	0.0
820	2510.3333333333335	0.0
830	2555.0	0.0
840	2719.0	0.0
850	2490.3333333333335	0.0
860	2701.0	0.0
870	2426.1666666666665	0.0
880	2646.3333333333335	0.0
890	2489.0	0.0
900	2678.3333333333335	0.0
910	2620.8333333333335	0.0
920	2658.5	0.0
930	2650.6666666666665	0.0
940	2552.3333333333335	0.0
950	2695.3333333333335	0.0
960	2871.6666666666665	0.0
970	2748.1666666666665	0.0
980	2519.8333333333335	0.0
990	2533.3333333333335	0.0
1000	2612.0	0.0
