0	258.3333333333333	0.0
10	70.0	0.0
20	70.0	0.0
30	70.0	0.0
40	70.0	0.0
50	70.0	0.0
60	70.0	0.0
70	70.0	0.0
80	70.0	0.0
90	70.0	0.0
100	70.0	0.0
110	70.0	0.0
120	70.0	0.0
130	70.0	0.0
140	70.0	0.0
150	70.0	0.0
160	70.0	0.0
170	70.0	0.0
180	70.0	0.0
190	70.66666666666667	0.0
200	70.33333333333333	0.0
210	71.66666666666667	0.0
220	71.66666666666667	0.0
230	71.0	0.0
240	131.66666666666666	0.0
250	129.0	0.0
260	226.0	0.0
270	136.66666666666666	0.0
280	180.66666666666666	0.0
290	185.0	0.0
300	127.66666666666667	0.0
310	129.0	0.0
320	164.0	0.0
330	162.0	0.0
340	146.0	0.0
350	170.0	0.0
360	147.0	0.0
370	202.66666666666666	0.0
380	209.66666666666666	0.0
390	213.33333333333334	0.0
400	202.0	0.0
410	266.3333333333333	0.0
420	227.66666666666666	0.0
430	307.0	0.0
440	260.6666666666667	0.0
450	369.3333333333333	0.0
460	351.3333333333333	0.0
470	279.3333333333333	0.0
480	350.6666666666667	0.0
490	443.3333333333333	0.0
500	312.6666666666667	0.0
510	272.6666666666667	0.0
520	315.3333333333333	0.0
530	406.6666666666667	0.0
540	558.6666666666666	0.0
550	630.3333333333334	0.0
560	594.6666666666666	0.0
570	737.3333333333334	0.0
580	741.0	0.0
590	770.0	0.0
600	752.6666666666666	0.0
610	969.3333333333334	0.0
620	583.3333333333334	0.0
630	893.3333333333334	0.0
640	1140.3333333333333	0.0
650	1035.1666666666667	0.0
660	1431.0	0.0
670	2141.6666666666665	0.0
680	2155.0	0.0
690	1094.6666666666667	0.0
700	815.3333333333334	0.0
710	2729.5	0.0
720	958.0	0.0
730	1343.1666666666667	0.0
740	1716.1666666666667	0.0
750	2262.3333333333335	0.0
760	2335.6666666666665	0.0
770	2358.5	0.0
780	2232.0	0.0
790	2213.6666666666665	0.0
800	2294.0	0.0
810	2316.6666666666665	0.0
820	2789.0	0.0
830	2219.0	0.0
840	2271.5	0.0
850	2599.3333333333335	0.0
860	2667.3333333333335	0.0
870	2826.0	0.0
880	2715.0	0.0
890	2606.1666666666665	0.0
900	2707.0	0.0
910	2821.6666666666665	0.0
920	2554.8333333333335	0.0
930	2605.1666666666665	0.0
940	2492.3333333333335	0.0
950	2688.3333333333335	0.0
960	2837.1666666666665	0.0
970	2691.6666666666665	0.0
980	2576.5	0.0
990	2736.5	0.0
1000	2681.8333333333335	0.0
