0	236.0	0.0
10	70.0	0.0
20	70.0	0.0
30	70.0	0.0
40	70.0	0.0
50	70.0	0.0
60	70.0	0.0
70	70.33333333333333	0.0
80	73.0	0.0
90	73.33333333333333	0.0
100	86.33333333333333	0.0
110	173.33333333333334	0.0
120	201.33333333333334	0.0
130	379.3333333333333	0.0
140	257.0	0.0
150	80.66666666666667	0.0
160	162.33333333333334	0.0
170	135.66666666666666	0.0
180	174.33333333333334	0.0
190	527.6666666666666	0.0
200	262.3333333333333	0.0
210	148.0	0.0
220	365.3333333333333	0.0
230	328.3333333333333	0.0
240	311.6666666666667	0.0
250	326.0	0.0
260	297.3333333333333	0.0
270	303.3333333333333	0.0
280	364.6666666666667	0.0
290	278.6666666666667	0.0
300	499.3333333333333	0.0
310	447.0	0.0
320	472.6666666666667	0.0
330	508.3333333333333	0.0
340	709.6666666666666	0.0
350	825.0	0.0
360	727.6666666666666	0.0
370	1353.6666666666667	0.0
380	1958.8333333333333	0.0
390	1579.0	0.0
400	2151.0	0.0
410	2139.1666666666665	0.0
420	2043.5	0.0
430	2332.0	0.0
440	1989.3333333333333	0.0
450	2203.8333333333335	0.0
460	2377.6666666666665	0.0
470	2375.8333333333335	0.0
480	2558.3333333333335	0.0
490	2500.0	0.0
500	2631.0	0.0
510	2501.0	0.0
520	2638.6666666666665	0.0
530	2364.0	0.0
540	2421.3333333333335	0.0
550	2606.6666666666665	0.0
560	2438.6666666666665	0.0
570	2502.0	0.0
580	2492.6666666666665	0.0
590	2478.0	0.0
600	2237.0	0.0
610	2439.1666666666665	0.0
620	2475.6666666666665	0.0
630	2076.3333333333335	0.0
640	2401.3333333333335	0.0
650	2356.5	0.0
660	2300.8333333333335	0.0
670	2243.6666666666665	0.0
680	2546.6666666666665	0.0
690	2326.3333333333335	0.0
700	2225.6666666666665	0.0
710	2201.0	0.0
720	2312.8333333333335	0.0
730	2499.3333333333335	0.0
740	2497.3333333333335	0.0
750	2277.1666666666665	0.0
760	2000.6666666666667	0.0
770	2379.6666666666665	0.0
780	2530.0	0.0
790	1776.0	0.0
800	1864.3333333333333	0.0
810	2055.5	0.0
820	2062.1666666666665	0.0
830	1783.3333333333333	0.0
840	2000.0	0.0
850	1762.5	0.0
860	2125.3333333333335	0.0
870	2009.5	0.0
880	1766.0	0.0
890	1903.8333333333333	0.0
900	2152.3333333333335	0.0
910	2050.6666666666665	0.0
920	1824.1666666666667	0.0
930	2147.5	0.0
940	2728.8333333333335	0.0
950	1834.8333333333333	0.0
960	1709.3333333333333	0.0
970	2249.5	0.0
980	2616.8333333333335	0.0
990	2465.3333333333335	0.0
1000	2460.3333333333335	0.0
