0	243.33333333333334	0.0
10	70.0	0.0
20	70.0	0.0
30	70.0	0.0
40	70.0	0.0
50	70.0	0.0
60	70.0	0.0
70	70.0	0.0
80	71.0	0.0
90	78.0	0.0
100	91.66666666666667	0.0
110	233.66666666666666	0.0
120	246.66666666666666	1.0
130	157.33333333333334	21.0
140	202.0	14.0
150	204.66666666666666	1.0
160	175.66666666666666	11.0
170	155.0	22.0
180	219.0	10.0
190	270.0	8.0
200	246.0	7.0
210	372.0	33.0
220	249.0	33.0
230	321.6666666666667	27.0
240	296.6666666666667	25.0
250	316.0	31.0
260	418.3333333333333	5.0
270	611.3333333333334	17.0
280	590.6666666666666	50.0
290	612.3333333333334	75.0
300	679.3333333333334	17.0
310	896.0	7.0
320	972.8333333333334	30.0
330	860.6666666666666	28.0
340	1064.0	64.0
350	1854.1666666666667	121.0
360	1838.5	11.0
370	2353.8333333333335	145.0
380	2464.3333333333335	105.0
390	2485.0	81.0
400	2021.5	0.0
410	1766.3333333333333	0.0
420	2342.5	0.0
430	2325.3333333333335	0.0
440	2364.1666666666665	0.0
450	2433.1666666666665	0.0
460	2503.0	0.0
470	2246.3333333333335	0.0
480	2502.0	0.0
490	2361.5	0.0
500	1983.3333333333333	0.0
510	1999.1666666666667	0.0
520	1792.0	0.0
530	2287.1666666666665	0.0
540	1823.3333333333333	0.0
550	1639.3333333333333	0.0
560	1416.3333333333333	0.0
570	2458.3333333333335	0.0
580	2514.0	0.0
590	2442.5	0.0
600	2517.0	0.0
610	2574.0	0.0
620	2527.6666666666665	0.0
630	2462.3333333333335	0.0
640	2549.3333333333335	0.0
650	2451.6666666666665	0.0
660	1749.3333333333333	0.0
670	2365.3333333333335	0.0
680	2379.0	0.0
690	2515.0	0.0
700	2446.5	0.0
710	2536.1666666666665	0.0
720	2298.3333333333335	0.0
730	2374.0	0.0
740	1807.3333333333333	0.0
750	2137.8333333333335	0.0
760	2295.6666666666665	0.0
770	2108.0	0.0
780	2147.6666666666665	0.0
790	2190.0	0.0
800	2159.1666666666665	0.0
810	2153.3333333333335	0.0
820	1992.3333333333333	0.0
830	2057.3333333333335	0.0
840	2209.0	0.0
850	1827.1666666666667	0.0
860	2197.6666666666665	0.0
870	2282.6666666666665	0.0
880	2168.8333333333335	0.0
890	2007.3333333333333	0.0
900	1645.3333333333333	0.0
910	2360.0	0.0
920	2702.6666666666665	0.0
930	2304.6666666666665	0.0
940	2370.6666666666665	0.0
950	2274.3333333333335	0.0
960	2554.0	0.0
970	2332.3333333333335	0.0
980	2216.0	0.0
990	2526.1666666666665	0.0
1000	2336.3333333333335	0.0
