0	280.6666666666667	0.0
10	70.0	0.0
20	70.0	0.0
30	70.0	0.0
40	70.0	0.0
50	70.0	1.0
60	70.0	3.0
70	70.0	8.0
80	70.0	0.0
90	70.0	3.0
100	70.0	0.0
110	70.0	0.0
120	70.0	0.0
130	70.0	8.0
140	70.0	1.0
150	70.0	0.0
160	70.0	1.0
170	70.0	0.0
180	70.0	0.0
190	71.33333333333333	0.0
200	70.66666666666667	0.0
210	71.33333333333333	9.0
220	72.66666666666667	0.0
230	73.33333333333333	0.0
240	130.0	3.0
250	78.66666666666667	74.0
260	96.33333333333333	25.0
270	100.33333333333333	0.0
280	155.33333333333334	11.0
290	261.3333333333333	22.0
300	165.66666666666666	32.0
310	220.66666666666666	60.0
320	165.66666666666666	21.0
330	186.66666666666666	64.0
340	146.0	132.0
350	138.66666666666666	25.0
360	154.66666666666666	67.0
370	146.0	69.0
380	191.66666666666666	52.0
390	154.33333333333334	78.0
400	273.3333333333333	59.0
410	803.0	67.0
420	691.6666666666666	105.0
430	806.3333333333334	0.0
440	1177.3333333333333	0.0
450	1348.6666666666667	0.0
460	1412.3333333333333	0.0
470	1122.0	0.0
480	1384.6666666666667	0.0
490	1353.6666666666667	0.0
500	1523.3333333333333	0.0
510	1728.0	0.0
520	1463.3333333333333	0.0
530	2075.6666666666665	0.0
540	1829.3333333333333	0.0
550	1906.3333333333333	0.0
560	2210.6666666666665	0.0
570	2196.8333333333335	0.0
580	1870.3333333333333	0.0
590	2205.3333333333335	0.0
600	2067.3333333333335	0.0
610	2203.6666666666665	0.0
620	2235.8333333333335	0.0
630	2308.3333333333335	0.0
640	2525.0	0.0
650	2503.0	0.0
660	2295.1666666666665	0.0
670	2509.6666666666665	0.0
680	2845.5	0.0
690	2714.3333333333335	0.0
700	2688.6666666666665	0.0
710	2646.1666666666665	0.0
720	2393.6666666666665	0.0
730	2658.8333333333335	0.0
740	2762.5	0.0
750	2469.0	0.0
760	2526.8333333333335	0.0
770	2590.1666666666665	0.0
780	2526.0	0.0
790	2636.6666666666665	0.0
800	2440.3333333333335	0.0
810	2818.1666666666665	0.0
820	2525.0	0.0
830	2489.6666666666665	0.0
840	2663.6666666666665	0.0
850	2829.1666666666665	0.0
860	2656.5	0.0
870	2557.5	0.0
880	2601.0	0.0
890	2659.6666666666665	0.0
900	2659.8333333333335	0.0
910	2709.8333333333335	0.0
920	2132.3333333333335	0.0
930	2589.8333333333335	0.0
940	2616.6666666666665	0.0
950	2814.5	0.0
960	2672.0	0.0
970	2665.1666666666665	0.0
980	2290.1666666666665	0.0
990	2844.1666666666665	0.0
1000	2743.3333333333335	0.0
