0	251.0
10	70.0
20	70.0
30	70.0
40	70.0
50	70.0
60	70.0
70	70.0
80	70.33333333333333
90	73.0
100	72.0
110	120.66666666666667
120	218.33333333333334
130	287.0
140	77.33333333333333
150	150.33333333333334
160	163.66666666666666
170	145.33333333333334
180	144.0
190	174.66666666666666
200	345.3333333333333
210	203.66666666666666
220	338.6666666666667
230	261.3333333333333
240	387.3333333333333
250	409.6666666666667
260	316.0
270	538.0
280	425.3333333333333
290	414.3333333333333
300	430.0
310	375.6666666666667
320	468.3333333333333
330	758.6666666666666
340	881.6666666666666
350	1722.0
360	1540.1666666666667
370	2081.1666666666665
380	2113.8333333333335
390	1917.1666666666667
400	2022.1666666666667
