0	254.0	0.0
10	70.0	0.0
20	70.0	0.0
30	70.0	0.0
40	70.0	0.0
50	70.0	0.0
60	70.0	0.0
70	70.0	0.0
80	71.0	0.0
90	75.33333333333333	0.0
100	74.0	0.0
110	72.33333333333333	0.0
120	128.66666666666666	0.0
130	270.6666666666667	0.0
140	157.33333333333334	0.0
150	99.33333333333333	0.0
160	130.33333333333334	0.0
170	350.0	0.0
180	209.66666666666666	0.0
190	300.0	0.0
200	367.0	0.0
210	317.0	0.0
220	172.0	0.0
230	402.0	0.0
240	269.6666666666667	0.0
250	333.0	0.0
260	378.3333333333333	0.0
270	468.0	0.0
280	344.0	0.0
290	500.0	0.0
300	470.3333333333333	0.0
310	589.6666666666666	0.0
320	611.3333333333334	0.0
330	973.5	0.0
340	1186.6666666666667	0.0
350	1190.0	0.0
360	1750.1666666666667	0.0
370	1728.6666666666667	0.0
380	2332.6666666666665	0.0
390	1652.8333333333333	0.0
400	1886.1666666666667	0.0
410	1756.1666666666667	0.0
420	1863.0	0.0
430	2243.6666666666665	0.0
440	1881.3333333333333	0.0
450	2225.0	0.0
460	2278.5	0.0
470	2097.6666666666665	0.0
480	1795.0	0.0
490	2594.3333333333335	0.0
500	2168.6666666666665	0.0
510	2300.6666666666665	0.0
520	2403.0	0.0
530	2169.0	0.0
540	2558.0	0.0
550	2329.6666666666665	0.0
560	2498.1666666666665	0.0
570	2308.1666666666665	0.0
580	1741.0	0.0
590	1779.3333333333333	0.0
600	1959.8333333333333	0.0
610	2011.0	0.0
620	1755.1666666666667	0.0
630	1965.0	0.0
640	2418.3333333333335	0.0
650	2105.0	0.0
660	1505.6666666666667	0.0
670	2197.3333333333335	0.0
680	1383.6666666666667	0.0
690	1644.5	0.0
700	2184.6666666666665	0.0
710	1592.3333333333333	0.0
720	923.3333333333334	0.0
730	2319.0	0.0
740	2046.8333333333333	0.0
750	2019.5	0.0
760	1816.8333333333333	0.0
770	2108.6666666666665	0.0
780	2017.3333333333333	0.0
790	2275.3333333333335	0.0
800	2170.3333333333335	0.0
810	2191.3333333333335	0.0
820	2494.3333333333335	0.0
830	2618.6666666666665	0.0
840	2210.0	0.0
850	2317.5	0.0
860	2468.3333333333335	0.0
870	1856.5	0.0
880	2548.0	0.0
890	2634.3333333333335	0.0
900	2440.3333333333335	0.0
910	2391.8333333333335	0.0
920	2383.6666666666665	0.0
930	2458.0	0.0
940	2265.0	0.0
950	2282.3333333333335	0.0
960	2372.0	0.0
970	2384.8333333333335	0.0
980	1914.3333333333333	0.0
990	1918.1666666666667	0.0
1000	2524.0	0.0
