0	283.6666666666667	0.0
10	70.0	0.0
20	70.0	0.0
30	70.0	0.0
40	70.0	0.0
50	70.0	0.0
60	70.0	0.0
70	70.0	0.0
80	70.0	0.0
90	70.66666666666667	0.0
100	154.33333333333334	0.0
110	72.33333333333333	0.0
120	91.0	0.0
130	241.66666666666666	0.0
140	73.33333333333333	0.0
150	200.33333333333334	0.0
160	84.33333333333333	0.0
170	154.66666666666666	0.0
180	387.6666666666667	0.0
190	137.33333333333334	0.0
200	233.0	0.0
210	400.0	0.0
220	296.6666666666667	0.0
230	309.6666666666667	0.0
240	420.6666666666667	0.0
250	365.6666666666667	0.0
260	299.0	0.0
270	264.6666666666667	0.0
280	325.6666666666667	0.0
290	326.6666666666667	0.0
300	523.6666666666666	0.0
310	920.1666666666666	0.0
320	734.1666666666666	0.0
330	616.6666666666666	0.0
340	734.3333333333334	0.0
350	742.0	0.0
360	1227.3333333333333	0.0
370	1079.0	0.0
380	979.3333333333334	0.0
390	1440.5	0.0
400	1178.6666666666667	0.0
410	1716.5	0.0
420	1607.8333333333333	0.0
430	2062.6666666666665	0.0
440	1800.1666666666667	0.0
450	1891.0	0.0
460	2259.6666666666665	0.0
470	2398.5	0.0
480	1992.8333333333333	0.0
490	2358.5	0.0
500	1976.6666666666667	0.0
510	2492.0	0.0
520	2056.8333333333335	0.0
530	2130.5	0.0
540	2153.5	0.0
550	1728.1666666666667	0.0
560	2270.3333333333335	0.0
570	2340.8333333333335	0.0
580	2232.0	0.0
590	2225.1666666666665	0.0
600	2178.3333333333335	0.0
610	2016.3333333333333	0.0
620	2189.6666666666665	0.0
630	2032.6666666666667	0.0
640	1976.0	0.0
650	1906.3333333333333	0.0
660	2207.1666666666665	0.0
670	1929.1666666666667	0.0
680	2214.6666666666665	0.0
690	1963.0	0.0
700	2293.6666666666665	0.0
710	1828.1666666666667	0.0
720	1833.5	0.0
730	2083.5	0.0
740	1524.6666666666667	0.0
750	2426.6666666666665	0.0
760	2601.3333333333335	0.0
770	2294.5	0.0
780	2179.6666666666665	0.0
790	2261.6666666666665	0.0
800	2502.6666666666665	0.0
810	2261.1666666666665	0.0
820	2393.3333333333335	0.0
830	2367.8333333333335	0.0
840	2606.1666666666665	0.0
850	2138.6666666666665	0.0
860	2580.3333333333335	0.0
870	2781.5	0.0
880	2494.3333333333335	0.0
890	2543.1666666666665	0.0
900	2287.1666666666665	0.0
910	1948.3333333333333	0.0
920	2195.0	0.0
930	2018.0	0.0
940	1899.1666666666667	0.0
950	2077.5	0.0
960	1806.8333333333333	0.0
970	2267.6666666666665	0.0
980	2415.5	0.0
990	2602.0	0.0
1000	2628.3333333333335	0.0
