0	257.6666666666667	0.0
10	70.0	0.0
20	70.0	0.0
30	70.0	0.0
40	70.0	0.0
50	70.0	0.0
60	70.0	0.0
70	70.0	0.0
80	70.0	0.0
90	71.33333333333333	0.0
100	74.33333333333333	0.0
110	211.66666666666666	0.0
120	304.6666666666667	0.0
130	147.0	0.0
140	181.33333333333334	0.0
150	173.33333333333334	0.0
160	71.0	0.0
170	328.0	0.0
180	340.6666666666667	0.0
190	143.0	0.0
200	326.6666666666667	0.0
210	226.33333333333334	0.0
220	383.3333333333333	0.0
230	324.3333333333333	0.0
240	381.6666666666667	0.0
250	329.0	0.0
260	389.0	0.0
270	694.3333333333334	0.0
280	596.3333333333334	0.0
290	403.0	0.0
300	528.6666666666666	0.0
310	888.3333333333334	0.0
320	936.6666666666666	0.0
330	942.6666666666666	0.0
340	851.5	0.0
350	833.3333333333334	0.0
360	1190.3333333333333	0.0
370	1220.6666666666667	0.0
380	1545.5	0.0
390	1909.8333333333333	0.0
400	1830.1666666666667	0.0
410	1718.8333333333333	0.0
420	1471.3333333333333	0.0
430	1825.6666666666667	0.0
440	1902.3333333333333	0.0
450	1633.0	0.0
460	1909.5	0.0
470	2038.6666666666667	0.0
480	1600.8333333333333	0.0
490	1954.0	0.0
500	2319.0	0.0
510	1568.6666666666667	0.0
520	1507.5	0.0
530	1475.6666666666667	0.0
540	1819.6666666666667	0.0
550	2032.3333333333333	0.0
560	2046.3333333333333	0.0
570	1981.0	0.0
580	2385.6666666666665	0.0
590	1922.0	0.0
600	2365.0	0.0
610	2073.8333333333335	0.0
620	2212.6666666666665	0.0
630	2275.3333333333335	0.0
640	1682.6666666666667	0.0
650	2101.3333333333335	0.0
660	2254.5	0.0
670	2307.0	0.0
680	2359.3333333333335	0.0
690	2059.0	0.0
700	2263.3333333333335	0.0
710	2216.6666666666665	0.0
720	2189.6666666666665	0.0
730	2494.6666666666665	0.0
740	2546.6666666666665	0.0
750	2342.6666666666665	0.0
760	2333.5	0.0
770	2204.6666666666665	0.0
780	2583.5	0.0
790	2513.3333333333335	0.0
800	2584.0	0.0
810	2234.6666666666665	0.0
820	2536.6666666666665	0.0
830	2418.8333333333335	0.0
840	2516.1666666666665	0.0
850	2298.3333333333335	0.0
860	2220.0	0.0
870	2398.6666666666665	0.0
880	2606.3333333333335	0.0
890	2328.8333333333335	0.0
900	2496.1666666666665	0.0
910	2400.5	0.0
920	1652.1666666666667	0.0
930	2558.3333333333335	0.0
940	2676.8333333333335	0.0
950	1851.3333333333333	0.0
960	2601.0	0.0
970	1856.5	0.0
980	1908.6666666666667	0.0
990	1745.0	0.0
1000	1956.6666666666667	0.0
