0	256.3333333333333	0.0
10	71.66666666666667	462.0
20	72.0	343.0
30	70.33333333333333	195.0
40	70.0	0.0
50	70.0	0.0
60	70.0	0.0
70	70.0	0.0
80	70.0	0.0
90	70.0	0.0
100	70.0	0.0
110	70.0	0.0
120	224.33333333333334	0.0
130	1397.6666666666667	0.0
140	1372.6666666666667	0.0
150	1725.3333333333333	0.0
160	1849.6666666666667	0.0
170	1657.6666666666667	0.0
180	1063.3333333333333	0.0
190	1242.3333333333333	0.0
200	1144.3333333333333	0.0
210	1332.6666666666667	0.0
220	1325.0	0.0
230	1613.3333333333333	0.0
240	1815.6666666666667	0.0
250	1947.6666666666667	0.0
260	2098.0	0.0
270	2511.1666666666665	0.0
280	2191.3333333333335	0.0
290	2046.0	0.0
300	2181.0	0.0
310	2181.3333333333335	0.0
320	2075.0	0.0
330	2346.8333333333335	0.0
340	2441.6666666666665	0.0
350	2357.0	0.0
360	2240.5	0.0
370	2157.5	0.0
380	1836.3333333333333	0.0
390	2122.0	0.0
400	2358.6666666666665	0.0
410	2683.0	0.0
420	2529.5	0.0
430	2563.0	0.0
440	2344.0	0.0
450	2543.8333333333335	0.0
460	2286.6666666666665	0.0
470	2581.3333333333335	0.0
480	2596.6666666666665	0.0
490	2629.8333333333335	0.0
500	2886.5	0.0
510	2674.3333333333335	0.0
520	2515.6666666666665	0.0
530	2680.3333333333335	0.0
540	2721.1666666666665	0.0
550	2711.8333333333335	0.0
560	2336.1666666666665	0.0
570	2587.0	0.0
580	2720.6666666666665	0.0
590	2543.0	0.0
600	2648.1666666666665	0.0
610	2230.0	0.0
620	2729.5	0.0
630	2170.8333333333335	0.0
640	2487.8333333333335	0.0
650	2636.8333333333335	0.0
660	2765.6666666666665	0.0
670	2639.5	0.0
680	2189.0	0.0
690	2327.5	0.0
700	2152.3333333333335	0.0
710	2134.0	0.0
720	2616.5	0.0
730	2390.0	0.0
740	2603.5	0.0
750	2346.1666666666665	0.0
760	2561.6666666666665	0.0
770	2453.5	0.0
780	2626.6666666666665	0.0
790	2370.6666666666665	0.0
800	2599.3333333333335	0.0
810	1926.8333333333333	0.0
820	2056.3333333333335	0.0
830	2268.6666666666665	0.0
840	2022.3333333333333	0.0
850	2047.6666666666667	0.0
860	2345.5	0.0
870	2128.1666666666665	0.0
880	1859.8333333333333	0.0
890	2193.6666666666665	0.0
900	2268.0	0.0
910	2223.3333333333335	0.0
920	1941.0	0.0
930	2103.8333333333335	0.0
940	1398.5	0.0
950	1578.1666666666667	0.0
960	2145.8333333333335	0.0
970	2130.8333333333335	0.0
980	1805.6666666666667	0.0
990	1549.6666666666667	0.0
1000	1679.0	0.0
