0	269.6666666666667	0.0
10	70.0	0.0
20	70.0	0.0
30	70.0	0.0
40	70.0	0.0
50	70.0	0.0
60	70.0	0.0
70	70.0	0.0
80	70.0	0.0
90	70.0	0.0
100	70.0	0.0
110	70.0	0.0
120	70.0	0.0
130	70.0	0.0
140	70.0	0.0
150	70.0	0.0
160	70.0	0.0
170	70.0	0.0
180	72.0	0.0
190	71.0	0.0
200	70.0	0.0
210	72.66666666666667	0.0
220	75.66666666666667	0.0
230	78.66666666666667	0.0
240	73.0	0.0
250	214.33333333333334	0.0
260	180.0	0.0
270	197.33333333333334	6.0
280	279.0	1.0
290	258.0	0.0
300	163.33333333333334	15.0
310	155.0	0.0
320	248.66666666666666	1.0
330	147.66666666666666	3.0
340	138.0	18.0
350	148.0	0.0
360	163.0	0.0
370	136.66666666666666	12.0
380	130.0	0.0
390	264.3333333333333	0.0
400	194.0	0.0
410	175.33333333333334	0.0
420	234.0	0.0
430	268.3333333333333	0.0
440	363.6666666666667	7.0
450	233.33333333333334	5.0
460	346.3333333333333	8.0
470	270.0	0.0
480	396.0	38.0
490	370.6666666666667	14.0
500	316.6666666666667	0.0
510	498.3333333333333	1.0
520	503.3333333333333	14.0
530	364.0	8.0
540	453.6666666666667	1.0
550	544.3333333333334	5.0
560	763.5	1.0
570	750.3333333333334	3.0
580	864.5	28.0
590	1430.3333333333333	91.0
600	1536.0	47.0
610	1367.6666666666667	26.0
620	1620.8333333333333	40.0
630	2184.6666666666665	2.0
640	2147.6666666666665	37.0
650	2129.0	57.0
660	2465.8333333333335	43.0
670	2540.0	52.0
680	2460.0	67.0
690	1716.1666666666667	74.0
700	2274.3333333333335	54.0
710	2479.0	5.0
720	2417.1666666666665	65.0
730	2608.5	13.0
740	2618.1666666666665	19.0
750	2436.0	6.0
760	2215.0	97.0
770	2259.3333333333335	2.0
780	2074.6666666666665	14.0
790	2676.8333333333335	0.0
800	2506.6666666666665	0.0
810	2358.3333333333335	0.0
820	2440.0	0.0
830	2630.3333333333335	0.0
840	2678.6666666666665	0.0
850	2566.6666666666665	0.0
860	2537.0	0.0
870	2000.3333333333333	0.0
880	2204.6666666666665	0.0
890	2397.3333333333335	0.0
900	1943.1666666666667	0.0
910	2323.0	0.0
920	2340.1666666666665	0.0
930	2363.3333333333335	0.0
940	2477.0	0.0
950	2331.1666666666665	0.0
960	2697.1666666666665	0.0
970	2560.0	0.0
980	2545.0	0.0
990	2839.6666666666665	0.0
1000	2660.0	0.0
