0	319.6666666666667	0.0
10	70.0	0.0
20	70.0	0.0
30	70.0	0.0
40	70.0	0.0
50	70.0	0.0
60	70.0	0.0
70	70.0	0.0
80	70.0	0.0
90	70.0	0.0
100	70.0	0.0
110	70.0	0.0
120	70.0	0.0
130	70.0	0.0
140	70.0	0.0
150	70.0	0.0
160	70.0	0.0
170	70.0	0.0
180	70.33333333333333	0.0
190	71.0	0.0
200	71.66666666666667	0.0
210	73.33333333333333	0.0
220	73.33333333333333	0.0
230	77.0	0.0
240	73.66666666666667	0.0
250	147.33333333333334	0.0
260	129.66666666666666	0.0
270	148.33333333333334	3.0
280	176.66666666666666	1.0
290	315.0	0.0
300	125.66666666666667	12.0
310	178.0	3.0
320	203.66666666666666	0.0
330	178.0	0.0
340	146.0	9.0
350	154.0	0.0
360	131.0	0.0
370	170.33333333333334	0.0
380	193.66666666666666	0.0
390	234.33333333333334	0.0
400	265.3333333333333	5.0
410	198.33333333333334	20.0
420	326.3333333333333	20.0
430	596.0	0.0
440	628.0	54.0
450	813.0	41.0
460	947.6666666666666	17.0
470	763.0	17.0
480	1073.6666666666667	1.0
490	1147.3333333333333	51.0
500	1146.3333333333333	16.0
510	1179.8333333333333	34.0
520	1994.3333333333333	48.0
530	2153.1666666666665	25.0
540	1905.0	9.0
550	2050.5	77.0
560	2183.6666666666665	24.0
570	1720.5	69.0
580	2036.3333333333333	145.0
590	1908.3333333333333	42.0
600	1783.6666666666667	42.0
610	1445.6666666666667	17.0
620	2297.3333333333335	34.0
630	2223.0	39.0
640	2142.5	38.0
650	2488.6666666666665	13.0
660	2147.3333333333335	2.0
670	2307.6666666666665	41.0
680	2324.6666666666665	31.0
690	2288.0	0.0
700	2507.3333333333335	0.0
710	2382.0	0.0
720	2619.3333333333335	0.0
730	2582.5	0.0
740	2298.8333333333335	0.0
750	2457.8333333333335	0.0
760	2586.0	0.0
770	2705.5	0.0
780	2382.8333333333335	0.0
790	2595.0	0.0
800	2434.0	0.0
810	2670.8333333333335	0.0
820	2525.1666666666665	0.0
830	2731.5	0.0
840	2690.8333333333335	0.0
850	2690.6666666666665	0.0
860	2681.8333333333335	0.0
870	2623.1666666666665	0.0
880	2428.5	0.0
890	2431.6666666666665	0.0
900	2781.3333333333335	0.0
910	2546.0	0.0
920	2638.0	0.0
930	2526.3333333333335	0.0
940	2636.3333333333335	0.0
950	2759.6666666666665	0.0
960	2732.5	0.0
970	2647.0	0.0
980	2626.3333333333335	0.0
990	2844.3333333333335	0.0
1000	2604.6666666666665	0.0
