0	292.0	0.0
10	70.0	0.0
20	70.0	0.0
30	70.0	0.0
40	70.0	0.0
50	70.0	0.0
60	70.0	0.0
70	70.0	0.0
80	70.0	0.0
90	70.0	0.0
100	70.0	0.0
110	70.0	0.0
120	70.0	0.0
130	70.0	0.0
140	70.0	0.0
150	70.0	0.0
160	70.0	0.0
170	70.0	0.0
180	70.0	0.0
190	70.0	0.0
200	70.66666666666667	0.0
210	71.0	0.0
220	73.33333333333333	0.0
230	82.33333333333333	0.0
240	71.33333333333333	0.0
250	161.66666666666666	0.0
260	320.0	0.0
270	156.33333333333334	0.0
280	253.0	0.0
290	146.0	0.0
300	164.0	0.0
310	214.0	0.0
320	173.33333333333334	7.0
330	139.0	0.0
340	156.0	0.0
350	130.66666666666666	26.0
360	179.0	5.0
370	154.0	0.0
380	156.66666666666666	13.0
390	170.33333333333334	12.0
400	226.66666666666666	0.0
410	237.0	0.0
420	309.3333333333333	0.0
430	245.33333333333334	18.0
440	240.66666666666666	6.0
450	329.0	0.0
460	255.33333333333334	0.0
470	245.66666666666666	17.0
480	250.0	0.0
490	342.0	0.0
500	370.0	17.0
510	308.0	0.0
520	308.3333333333333	18.0
530	275.6666666666667	39.0
540	423.6666666666667	23.0
550	359.0	40.0
560	435.3333333333333	89.0
570	445.3333333333333	0.0
580	628.0	6.0
590	566.3333333333334	1.0
600	1170.0	55.0
610	1002.6666666666666	30.0
620	1152.0	27.0
630	854.3333333333334	20.0
640	607.0	0.0
650	1451.3333333333333	13.0
660	724.0	27.0
670	827.6666666666666	18.0
680	945.5	22.0
690	1411.0	17.0
700	818.3333333333334	35.0
710	1321.5	1.0
720	1163.0	17.0
730	2468.1666666666665	10.0
740	2128.5	70.0
750	2215.5	51.0
760	2354.1666666666665	13.0
770	2479.1666666666665	70.0
780	1957.3333333333333	31.0
790	1520.6666666666667	20.0
800	2391.0	16.0
810	2121.5	22.0
820	2198.6666666666665	36.0
830	2445.5	26.0
840	1102.3333333333333	16.0
850	2337.5	0.0
860	1680.0	0.0
870	2370.3333333333335	0.0
880	2437.6666666666665	0.0
890	2881.5	0.0
900	2093.6666666666665	0.0
910	2533.1666666666665	0.0
920	2460.6666666666665	0.0
930	2195.3333333333335	0.0
940	3005.0	0.0
950	2524.6666666666665	0.0
960	2810.0	0.0
970	2870.6666666666665	0.0
980	2806.1666666666665	0.0
990	2750.5	0.0
1000	2712.0	0.0
