0	280.6666666666667	0.0
10	70.0	0.0
20	70.0	0.0
30	70.0	0.0
40	70.0	0.0
50	70.0	0.0
60	70.0	0.0
70	70.0	0.0
80	70.66666666666667	0.0
90	70.66666666666667	0.0
100	75.66666666666667	0.0
110	145.66666666666666	0.0
120	282.6666666666667	0.0
130	132.33333333333334	0.0
140	336.6666666666667	0.0
150	306.0	0.0
160	91.66666666666667	0.0
170	180.33333333333334	0.0
180	579.6666666666666	0.0
190	503.0	0.0
200	164.33333333333334	0.0
210	198.0	0.0
220	215.66666666666666	0.0
230	272.0	0.0
240	479.3333333333333	0.0
250	321.6666666666667	0.0
260	472.0	0.0
270	447.0	0.0
280	319.6666666666667	0.0
290	460.3333333333333	0.0
300	487.6666666666667	0.0
310	396.3333333333333	0.0
320	416.3333333333333	0.0
330	1450.6666666666667	0.0
340	1562.6666666666667	0.0
350	1875.6666666666667	0.0
360	1825.3333333333333	0.0
370	2208.5	0.0
380	1411.6666666666667	0.0
390	2361.8333333333335	0.0
400	2519.3333333333335	0.0
410	2298.6666666666665	0.0
420	2453.3333333333335	0.0
430	2287.3333333333335	0.0
440	2297.3333333333335	0.0
450	2270.6666666666665	0.0
460	1979.3333333333333	0.0
470	2394.5	0.0
480	2459.6666666666665	1.0
490	2611.0	0.0
500	2385.3333333333335	0.0
510	2366.6666666666665	0.0
520	2179.6666666666665	0.0
530	1592.0	0.0
540	1562.0	0.0
550	1850.8333333333333	0.0
560	1584.8333333333333	0.0
570	1411.0	0.0
580	2364.1666666666665	0.0
590	2020.1666666666667	0.0
600	2102.5	0.0
610	2055.0	0.0
620	2285.5	0.0
630	1956.8333333333333	0.0
640	1821.0	0.0
650	2072.1666666666665	0.0
660	1804.3333333333333	0.0
670	2155.5	0.0
680	1674.1666666666667	0.0
690	1759.8333333333333	0.0
700	1830.5	0.0
710	1552.6666666666667	0.0
720	1848.5	0.0
730	1801.5	0.0
740	1524.5	0.0
750	1582.0	0.0
760	2333.1666666666665	0.0
770	2105.1666666666665	0.0
780	2374.6666666666665	0.0
790	2259.6666666666665	0.0
800	2200.3333333333335	0.0
810	2550.8333333333335	0.0
820	2452.3333333333335	0.0
830	2481.3333333333335	0.0
840	2461.0	0.0
850	2500.0	0.0
860	2372.0	0.0
870	2461.8333333333335	0.0
880	2208.6666666666665	0.0
890	2405.5	0.0
900	2418.1666666666665	0.0
910	2461.1666666666665	0.0
920	2549.5	0.0
930	2349.0	0.0
940	1582.1666666666667	0.0
950	1950.0	0.0
960	1776.1666666666667	0.0
970	2179.3333333333335	0.0
980	2348.6666666666665	0.0
990	1993.3333333333333	0.0
1000	2445.6666666666665	0.0
