0	273.3333333333333	0.0
10	70.0	0.0
20	70.0	0.0
30	70.0	0.0
40	70.0	0.0
50	70.0	0.0
60	70.0	0.0
70	70.0	0.0
80	70.0	0.0
90	75.33333333333333	0.0
100	72.66666666666667	0.0
110	71.33333333333333	0.0
120	161.33333333333334	0.0
130	290.3333333333333	0.0
140	314.0	0.0
150	299.6666666666667	0.0
160	360.0	0.0
170	157.33333333333334	0.0
180	323.0	0.0
190	145.33333333333334	0.0
200	181.66666666666666	0.0
210	339.0	0.0
220	230.33333333333334	0.0
230	291.0	0.0
240	346.3333333333333	0.0
250	277.6666666666667	0.0
260	265.3333333333333	0.0
270	299.0	0.0
280	374.3333333333333	0.0
290	442.0	0.0
300	575.3333333333334	0.0
310	667.3333333333334	0.0
320	501.6666666666667	0.0
330	692.6666666666666	0.0
340	697.0	0.0
350	1077.0	0.0
360	1033.6666666666667	0.0
370	1732.8333333333333	0.0
380	1335.3333333333333	1.0
390	2025.1666666666667	0.0
400	1458.5	0.0
410	1048.0	0.0
420	1706.8333333333333	0.0
430	1551.3333333333333	0.0
440	1745.0	0.0
450	2474.0	1.0
460	1821.0	1.0
470	1444.0	0.0
480	1536.6666666666667	0.0
490	1639.1666666666667	0.0
500	1892.3333333333333	0.0
510	1632.1666666666667	0.0
520	1486.0	0.0
530	1737.0	0.0
540	1945.3333333333333	0.0
550	1999.5	1.0
560	1705.3333333333333	0.0
570	1465.6666666666667	0.0
580	1625.8333333333333	0.0
590	1738.6666666666667	0.0
600	1702.8333333333333	0.0
610	2143.5	0.0
620	1770.8333333333333	0.0
630	1754.8333333333333	0.0
640	1970.3333333333333	0.0
650	1680.3333333333333	0.0
660	2036.0	0.0
670	2056.3333333333335	0.0
680	1806.8333333333333	0.0
690	1749.6666666666667	0.0
700	1687.6666666666667	0.0
710	2384.1666666666665	0.0
720	2312.3333333333335	0.0
730	2441.0	0.0
740	2370.3333333333335	0.0
750	2249.6666666666665	0.0
760	2430.8333333333335	0.0
770	2274.3333333333335	0.0
780	2458.5	0.0
790	1891.3333333333333	0.0
800	2007.3333333333333	0.0
810	2094.3333333333335	0.0
820	2161.0	0.0
830	1917.8333333333333	0.0
840	2178.6666666666665	0.0
850	1991.0	0.0
860	2360.3333333333335	0.0
870	1971.6666666666667	0.0
880	2528.6666666666665	0.0
890	1983.3333333333333	0.0
900	2477.3333333333335	0.0
910	1903.3333333333333	0.0
920	2002.8333333333333	0.0
930	2105.6666666666665	0.0
940	1825.3333333333333	0.0
950	2624.0	0.0
960	2342.0	0.0
970	2666.0	0.0
980	2450.8333333333335	0.0
990	2507.6666666666665	0.0
1000	2154.6666666666665	0.0
