0	287.3333333333333	0.0
10	70.0	0.0
20	70.0	0.0
30	70.0	0.0
40	70.0	0.0
50	70.0	0.0
60	70.0	0.0
70	70.0	0.0
80	74.33333333333333	0.0
90	82.33333333333333	0.0
100	81.0	0.0
110	264.3333333333333	0.0
120	149.33333333333334	0.0
130	72.66666666666667	0.0
140	336.6666666666667	0.0
150	175.66666666666666	0.0
160	170.33333333333334	0.0
170	103.33333333333333	0.0
180	571.0	0.0
190	375.3333333333333	0.0
200	289.3333333333333	0.0
210	298.3333333333333	0.0
220	356.3333333333333	0.0
230	306.0	0.0
240	293.3333333333333	0.0
250	327.3333333333333	0.0
260	470.0	0.0
270	414.6666666666667	0.0
280	438.6666666666667	0.0
290	463.3333333333333	0.0
300	519.0	0.0
310	494.3333333333333	0.0
320	589.0	0.0
330	666.6666666666666	0.0
340	588.0	0.0
350	587.0	0.0
360	1016.3333333333334	0.0
370	853.5	0.0
380	1457.8333333333333	0.0
390	1655.6666666666667	0.0
400	1658.5	0.0
410	1868.3333333333333	0.0
420	1896.8333333333333	0.0
430	1648.1666666666667	0.0
440	1771.3333333333333	0.0
450	1911.5	0.0
460	1763.6666666666667	0.0
470	1882.6666666666667	0.0
480	1996.6666666666667	0.0
490	2179.0	0.0
500	1893.0	0.0
510	1852.1666666666667	0.0
520	1847.3333333333333	0.0
530	1675.3333333333333	0.0
540	1890.6666666666667	0.0
550	1861.6666666666667	0.0
560	2124.0	0.0
570	1823.0	0.0
580	1802.3333333333333	0.0
590	1748.3333333333333	0.0
600	1889.6666666666667	0.0
610	1915.5	0.0
620	1905.1666666666667	0.0
630	1757.5	0.0
640	2037.3333333333333	0.0
650	2080.0	0.0
660	1967.1666666666667	0.0
670	1896.6666666666667	0.0
680	1600.8333333333333	0.0
690	1864.0	0.0
700	2697.0	0.0
710	2227.8333333333335	0.0
720	2497.6666666666665	0.0
730	2337.6666666666665	0.0
740	2297.3333333333335	0.0
750	1447.0	0.0
760	2342.6666666666665	0.0
770	1737.0	0.0
780	1865.0	0.0
790	1692.0	0.0
800	2599.5	0.0
810	2487.3333333333335	0.0
820	2607.8333333333335	0.0
830	2232.6666666666665	0.0
840	2328.5	0.0
850	2419.3333333333335	0.0
860	2365.3333333333335	0.0
870	2377.6666666666665	0.0
880	2724.3333333333335	0.0
890	2363.3333333333335	0.0
900	2124.6666666666665	0.0
910	2583.8333333333335	0.0
920	2309.0	0.0
930	2583.0	0.0
940	2480.3333333333335	0.0
950	2287.1666666666665	0.0
960	2162.0	0.0
970	2430.0	0.0
980	2471.3333333333335	0.0
990	2132.6666666666665	0.0
1000	2519.6666666666665	0.0
