0	248.66666666666666	0.0
10	70.0	0.0
20	70.0	0.0
30	70.0	0.0
40	70.0	0.0
50	70.0	0.0
60	70.0	0.0
70	70.0	0.0
80	71.33333333333333	0.0
90	77.0	0.0
100	121.66666666666667	0.0
110	166.0	0.0
120	104.66666666666667	0.0
130	98.0	0.0
140	167.0	0.0
150	164.33333333333334	0.0
160	339.3333333333333	0.0
170	250.0	0.0
180	312.0	0.0
190	317.6666666666667	0.0
200	177.66666666666666	0.0
210	326.0	0.0
220	137.33333333333334	0.0
230	289.6666666666667	0.0
240	324.6666666666667	0.0
250	371.0	0.0
260	361.3333333333333	0.0
270	335.0	0.0
280	490.3333333333333	0.0
290	687.0	0.0
300	795.1666666666666	0.0
310	643.0	0.0
320	1183.0	0.0
330	670.0	0.0
340	1344.3333333333333	0.0
350	1267.6666666666667	0.0
360	1320.0	0.0
370	1883.6666666666667	0.0
380	2281.6666666666665	0.0
390	1558.6666666666667	0.0
400	1717.0	0.0
410	1832.6666666666667	0.0
420	1549.0	0.0
430	1975.5	0.0
440	1874.3333333333333	0.0
450	1406.0	0.0
460	1817.0	0.0
470	1973.8333333333333	0.0
480	2176.5	0.0
490	1894.1666666666667	0.0
500	1537.3333333333333	0.0
510	1392.5	0.0
520	1549.6666666666667	0.0
530	2140.1666666666665	0.0
540	1752.6666666666667	0.0
550	1991.3333333333333	0.0
560	1733.0	0.0
570	2082.5	0.0
580	1463.6666666666667	0.0
590	1768.0	0.0
600	2360.6666666666665	0.0
610	2365.6666666666665	0.0
620	2638.6666666666665	0.0
630	2527.0	0.0
640	2266.0	0.0
650	2451.8333333333335	0.0
660	2586.0	0.0
670	2446.0	0.0
680	2363.0	0.0
690	2412.1666666666665	0.0
700	2190.0	0.0
710	2416.0	0.0
720	2351.3333333333335	0.0
730	2335.8333333333335	0.0
740	2248.0	0.0
750	2542.6666666666665	0.0
760	2287.3333333333335	0.0
770	1810.1666666666667	0.0
780	1647.6666666666667	0.0
790	2009.3333333333333	0.0
800	1333.3333333333333	0.0
810	1648.6666666666667	0.0
820	1905.3333333333333	0.0
830	1970.6666666666667	0.0
840	1649.0	0.0
850	1781.6666666666667	0.0
860	2371.0	0.0
870	1714.0	0.0
880	2067.6666666666665	0.0
890	1961.8333333333333	0.0
900	1777.1666666666667	0.0
910	1905.1666666666667	0.0
920	1992.0	0.0
930	1960.3333333333333	0.0
940	1870.8333333333333	0.0
950	1747.6666666666667	0.0
960	2019.0	0.0
970	2602.1666666666665	0.0
980	1587.0	0.0
990	2147.3333333333335	0.0
1000	2298.6666666666665	0.0
