0	264.3333333333333	0.0
10	70.0	0.0
20	70.0	0.0
30	70.0	0.0
40	70.0	0.0
50	70.0	0.0
60	70.0	0.0
70	70.0	0.0
80	70.0	0.0
90	70.0	0.0
100	70.0	0.0
110	70.0	0.0
120	70.0	0.0
130	70.0	0.0
140	70.0	0.0
150	70.0	0.0
160	70.0	0.0
170	70.0	0.0
180	70.33333333333333	0.0
190	71.66666666666667	0.0
200	73.0	0.0
210	76.0	0.0
220	70.0	0.0
230	73.0	0.0
240	116.66666666666667	0.0
250	187.33333333333334	0.0
260	280.3333333333333	0.0
270	138.33333333333334	0.0
280	146.33333333333334	0.0
290	140.0	0.0
300	144.0	0.0
310	154.66666666666666	0.0
320	146.0	0.0
330	139.66666666666666	0.0
340	164.0	0.0
350	155.0	0.0
360	190.66666666666666	0.0
370	238.66666666666666	0.0
380	536.6666666666666	0.0
390	557.3333333333334	0.0
400	610.0	0.0
410	798.3333333333334	0.0
420	702.0	0.0
430	1247.3333333333333	0.0
440	1088.3333333333333	0.0
450	1049.0	0.0
460	1389.6666666666667	0.0
470	1371.3333333333333	0.0
480	1359.3333333333333	0.0
490	1245.6666666666667	0.0
500	1774.0	0.0
510	1879.6666666666667	0.0
520	1753.0	0.0
530	2052.6666666666665	0.0
540	1767.3333333333333	0.0
550	1651.3333333333333	0.0
560	1818.6666666666667	0.0
570	2004.0	0.0
580	2087.3333333333335	0.0
590	2129.6666666666665	0.0
600	2135.0	0.0
610	2314.1666666666665	0.0
620	2320.6666666666665	0.0
630	2221.3333333333335	0.0
640	2301.3333333333335	0.0
650	2385.0	0.0
660	2421.1666666666665	0.0
670	2437.3333333333335	0.0
680	2287.6666666666665	0.0
690	2506.3333333333335	0.0
700	2246.1666666666665	0.0
710	2396.0	0.0
720	2472.5	0.0
730	2420.0	0.0
740	2466.3333333333335	0.0
750	2638.1666666666665	0.0
760	2562.1666666666665	0.0
770	2680.8333333333335	0.0
780	2466.3333333333335	0.0
790	2625.3333333333335	0.0
800	2730.6666666666665	0.0
