0	249.33333333333334	0.0
10	70.0	0.0
20	70.0	0.0
30	70.0	0.0
40	70.0	0.0
50	70.0	0.0
60	70.0	0.0
70	70.0	0.0
80	73.0	0.0
90	70.0	0.0
100	97.33333333333333	0.0
110	168.66666666666666	0.0
120	77.33333333333333	0.0
130	287.0	0.0
140	185.66666666666666	0.0
150	140.33333333333334	0.0
160	113.33333333333333	0.0
170	203.66666666666666	0.0
180	86.66666666666667	0.0
190	382.0	0.0
200	419.3333333333333	0.0
210	279.0	0.0
220	363.3333333333333	0.0
230	288.3333333333333	0.0
240	279.6666666666667	0.0
250	349.0	0.0
260	365.0	0.0
270	552.0	0.0
280	467.6666666666667	0.0
290	717.3333333333334	0.0
300	677.0	0.0
310	812.6666666666666	0.0
320	951.1666666666666	0.0
330	1391.6666666666667	0.0
340	2212.6666666666665	0.0
350	1804.3333333333333	0.0
360	2118.3333333333335	0.0
370	2040.0	0.0
380	2508.1666666666665	0.0
390	2533.6666666666665	0.0
400	2364.3333333333335	0.0
410	2639.3333333333335	0.0
420	2521.3333333333335	0.0
430	2625.0	0.0
440	2495.8333333333335	0.0
450	2734.0	0.0
460	2439.6666666666665	0.0
470	2369.0	0.0
480	2359.0	0.0
490	2276.6666666666665	0.0
500	2237.0	0.0
510	2342.3333333333335	0.0
520	2342.8333333333335	0.0
530	2363.6666666666665	0.0
540	2338.0	0.0
550	2500.6666666666665	0.0
560	1818.0	0.0
570	2085.6666666666665	0.0
580	2034.0	0.0
590	2061.5	0.0
600	2094.0	0.0
610	1804.8333333333333	0.0
620	2145.0	0.0
630	2079.6666666666665	0.0
640	2029.8333333333333	0.0
650	1685.6666666666667	0.0
660	2317.6666666666665	0.0
670	1804.1666666666667	0.0
680	2306.6666666666665	0.0
690	2383.6666666666665	0.0
700	2122.6666666666665	0.0
710	1942.6666666666667	0.0
720	2126.0	0.0
730	2432.8333333333335	0.0
740	2253.3333333333335	0.0
750	2533.3333333333335	0.0
760	2260.8333333333335	0.0
770	2626.0	0.0
780	2658.1666666666665	0.0
790	2268.0	0.0
800	2347.0	0.0
810	2266.6666666666665	0.0
820	2305.3333333333335	0.0
830	2524.3333333333335	0.0
840	2359.3333333333335	0.0
850	2252.3333333333335	0.0
860	2356.3333333333335	0.0
870	2365.6666666666665	0.0
880	2383.1666666666665	0.0
890	2530.3333333333335	0.0
900	2301.8333333333335	0.0
910	2508.0	0.0
920	2420.3333333333335	0.0
930	2317.6666666666665	0.0
940	2280.3333333333335	0.0
950	1731.6666666666667	0.0
960	1728.3333333333333	0.0
970	2235.5	0.0
980	1943.0	0.0
990	2068.1666666666665	0.0
1000	1663.8333333333333	0.0
