0	282.6666666666667	0.0
10	70.0	0.0
20	70.0	0.0
30	70.0	0.0
40	70.0	0.0
50	70.0	0.0
60	70.0	0.0
70	70.0	0.0
80	70.0	0.0
90	76.66666666666667	0.0
100	78.66666666666667	0.0
110	114.0	0.0
120	284.6666666666667	0.0
130	399.0	0.0
140	148.33333333333334	0.0
150	134.66666666666666	0.0
160	193.0	0.0
170	163.66666666666666	0.0
180	130.0	0.0
190	163.33333333333334	0.0
200	317.3333333333333	0.0
210	323.0	0.0
220	342.0	0.0
230	302.3333333333333	0.0
240	323.6666666666667	0.0
250	325.6666666666667	0.0
260	377.3333333333333	0.0
270	486.6666666666667	0.0
280	437.6666666666667	0.0
290	501.0	0.0
300	634.6666666666666	0.0
310	524.0	0.0
320	839.3333333333334	0.0
330	805.3333333333334	0.0
340	1172.3333333333333	0.0
350	1992.5	0.0
360	1385.6666666666667	0.0
370	1552.6666666666667	0.0
380	2158.5	0.0
390	2128.0	0.0
400	2042.8333333333333	0.0
410	1880.0	0.0
420	1958.5	0.0
430	2464.0	0.0
440	2629.8333333333335	0.0
450	2526.8333333333335	0.0
460	2453.5	0.0
470	2532.1666666666665	0.0
480	2496.1666666666665	0.0
490	2460.6666666666665	0.0
500	2322.6666666666665	0.0
510	2235.3333333333335	0.0
520	2620.5	0.0
530	2621.0	0.0
540	2410.6666666666665	0.0
550	2644.6666666666665	0.0
560	2383.5	0.0
570	2544.6666666666665	0.0
580	2382.3333333333335	0.0
590	2484.5	0.0
600	2477.3333333333335	0.0
610	2187.3333333333335	0.0
620	2345.6666666666665	0.0
630	2242.0	0.0
640	2347.0	0.0
650	2427.3333333333335	0.0
660	1855.6666666666667	0.0
670	2452.3333333333335	0.0
680	2576.0	0.0
690	2421.6666666666665	0.0
700	2203.0	0.0
710	2496.5	0.0
720	2464.6666666666665	0.0
730	2385.0	0.0
740	2332.6666666666665	0.0
750	2561.6666666666665	0.0
760	2405.0	0.0
770	2451.0	0.0
780	2266.6666666666665	0.0
790	2395.6666666666665	0.0
800	2166.0	0.0
810	2501.6666666666665	0.0
820	2517.3333333333335	0.0
830	1796.6666666666667	0.0
840	2317.0	0.0
850	2140.8333333333335	0.0
860	1727.0	0.0
870	1888.3333333333333	0.0
880	1833.0	0.0
890	2006.1666666666667	0.0
900	1798.3333333333333	0.0
910	1695.6666666666667	0.0
920	1868.3333333333333	0.0
930	2520.3333333333335	0.0
940	2433.8333333333335	0.0
950	2041.6666666666667	0.0
960	1917.6666666666667	0.0
970	2317.0	0.0
980	1765.6666666666667	0.0
990	2629.3333333333335	0.0
1000	2504.1666666666665	0.0
