0	256.0	0.0
10	70.0	0.0
20	70.0	0.0
30	70.0	0.0
40	70.0	0.0
50	70.0	0.0
60	70.0	0.0
70	70.0	0.0
80	71.33333333333333	0.0
90	76.0	0.0
100	83.66666666666667	0.0
110	156.0	0.0
120	307.3333333333333	0.0
130	121.33333333333333	0.0
140	137.0	0.0
150	84.33333333333333	0.0
160	292.0	0.0
170	404.3333333333333	0.0
180	171.0	0.0
190	166.0	0.0
200	129.66666666666666	0.0
210	293.3333333333333	0.0
220	328.6666666666667	0.0
230	292.3333333333333	0.0
240	359.0	0.0
250	300.0	0.0
260	302.0	0.0
270	405.6666666666667	0.0
280	401.6666666666667	0.0
290	428.0	0.0
300	453.3333333333333	0.0
310	510.3333333333333	0.0
320	693.0	0.0
330	802.3333333333334	0.0
340	729.0	0.0
350	1299.3333333333333	0.0
360	1833.0	0.0
370	1149.0	0.0
380	1888.5	0.0
390	1813.8333333333333	0.0
400	1965.8333333333333	0.0
410	1824.0	0.0
420	1520.3333333333333	0.0
430	2487.8333333333335	0.0
440	2283.6666666666665	0.0
450	2538.0	0.0
460	2147.3333333333335	0.0
470	2122.3333333333335	0.0
480	2012.3333333333333	0.0
490	1638.0	0.0
500	1973.6666666666667	0.0
510	1816.1666666666667	0.0
520	1632.3333333333333	0.0
530	2249.8333333333335	0.0
540	1990.0	0.0
550	1722.3333333333333	0.0
560	1845.0	0.0
570	1612.6666666666667	0.0
580	2121.0	0.0
590	1706.0	0.0
600	1771.3333333333333	0.0
610	1985.8333333333333	0.0
620	1844.3333333333333	0.0
630	1690.6666666666667	0.0
640	1925.3333333333333	0.0
650	1686.3333333333333	0.0
660	1812.0	0.0
670	1494.0	0.0
680	1472.3333333333333	0.0
690	2060.1666666666665	0.0
700	1941.8333333333333	0.0
710	1515.6666666666667	0.0
720	1668.6666666666667	0.0
730	1874.5	0.0
740	2458.5	0.0
750	2394.6666666666665	0.0
760	2438.6666666666665	0.0
770	2373.3333333333335	0.0
780	1921.3333333333333	0.0
790	2353.3333333333335	0.0
800	2451.3333333333335	0.0
810	2336.6666666666665	0.0
820	2189.3333333333335	0.0
830	2352.0	0.0
840	2222.8333333333335	0.0
850	2271.3333333333335	0.0
860	2339.0	0.0
870	2509.6666666666665	0.0
880	2459.8333333333335	0.0
890	2250.3333333333335	0.0
900	2454.0	0.0
910	2457.5	0.0
920	2351.5	0.0
930	2176.6666666666665	0.0
940	2467.6666666666665	0.0
950	2261.6666666666665	0.0
960	2455.0	0.0
970	2457.5	0.0
980	2320.6666666666665	0.0
990	2326.3333333333335	0.0
1000	2032.1666666666667	0.0
