0	271.3333333333333	0.0
10	70.0	0.0
20	70.0	0.0
30	70.0	0.0
40	70.0	0.0
50	70.0	0.0
60	70.0	0.0
70	70.0	0.0
80	70.0	0.0
90	71.33333333333333	0.0
100	107.33333333333333	0.0
110	193.0	0.0
120	76.33333333333333	0.0
130	121.33333333333333	0.0
140	195.0	0.0
150	177.0	0.0
160	168.33333333333334	0.0
170	160.33333333333334	0.0
180	294.6666666666667	0.0
190	290.6666666666667	0.0
200	165.33333333333334	0.0
210	236.0	0.0
220	280.3333333333333	0.0
230	322.6666666666667	0.0
240	272.6666666666667	0.0
250	294.3333333333333	0.0
260	351.0	0.0
270	308.3333333333333	0.0
280	335.0	0.0
290	342.6666666666667	0.0
300	475.0	0.0
310	539.6666666666666	0.0
320	458.0	0.0
330	615.3333333333334	0.0
340	527.6666666666666	0.0
350	718.3333333333334	0.0
360	826.6666666666666	0.0
370	925.3333333333334	0.0
380	844.3333333333334	0.0
390	1350.0	0.0
400	1248.3333333333333	0.0
410	1247.6666666666667	0.0
420	896.6666666666666	0.0
430	1639.0	0.0
440	1592.3333333333333	0.0
450	1936.1666666666667	0.0
460	1869.8333333333333	0.0
470	2100.5	0.0
480	2200.8333333333335	0.0
490	1789.8333333333333	0.0
500	1360.6666666666667	0.0
510	1666.1666666666667	0.0
520	2400.0	0.0
530	2671.8333333333335	0.0
540	1774.3333333333333	0.0
550	2439.0	0.0
560	2320.0	0.0
570	1989.6666666666667	0.0
580	2164.5	0.0
590	2219.1666666666665	0.0
600	2147.0	0.0
610	2099.6666666666665	0.0
620	1822.3333333333333	0.0
630	1833.5	0.0
640	2092.0	0.0
650	2259.6666666666665	0.0
660	2410.8333333333335	0.0
670	2194.6666666666665	0.0
680	2330.5	0.0
690	2625.5	0.0
700	2159.1666666666665	0.0
710	2177.6666666666665	0.0
720	2414.3333333333335	0.0
730	2204.0	0.0
740	2451.1666666666665	0.0
750	2462.0	0.0
760	2301.6666666666665	0.0
770	1961.6666666666667	0.0
780	2028.6666666666667	0.0
790	2123.0	0.0
800	2841.0	0.0
810	2364.6666666666665	0.0
820	1906.6666666666667	0.0
830	1932.6666666666667	0.0
840	2573.3333333333335	0.0
850	2539.1666666666665	0.0
860	2397.6666666666665	0.0
870	1742.3333333333333	0.0
880	1842.0	0.0
890	2194.8333333333335	0.0
900	2366.6666666666665	0.0
910	2046.3333333333333	0.0
920	1743.0	0.0
930	1706.0	0.0
940	2274.3333333333335	0.0
950	2418.3333333333335	0.0
960	2477.0	0.0
970	2025.6666666666667	0.0
980	2540.1666666666665	0.0
990	1996.6666666666667	0.0
1000	2555.6666666666665	0.0
