0	254.0	0.0
10	70.0	0.0
20	70.0	1.0
30	70.0	9.0
40	70.0	0.0
50	70.0	0.0
60	70.0	0.0
70	70.0	7.0
80	70.0	1.0
90	70.0	0.0
100	70.0	2.0
110	70.0	4.0
120	70.0	1.0
130	70.0	1.0
140	70.0	7.0
150	70.0	7.0
160	70.0	42.0
170	70.0	10.0
180	70.66666666666667	0.0
190	71.33333333333333	10.0
200	70.66666666666667	0.0
210	80.33333333333333	8.0
220	75.0	2.0
230	72.33333333333333	23.0
240	73.0	11.0
250	109.33333333333333	0.0
260	146.33333333333334	9.0
270	157.33333333333334	151.0
280	123.0	39.0
290	208.0	20.0
300	143.66666666666666	246.0
310	155.66666666666666	120.0
320	187.0	26.0
330	138.66666666666666	183.0
340	138.0	60.0
350	155.0	0.0
360	146.33333333333334	0.0
370	245.0	0.0
380	487.3333333333333	0.0
390	756.6666666666666	0.0
400	861.8333333333334	0.0
410	1162.6666666666667	0.0
420	1271.0	0.0
430	1478.0	0.0
440	1105.6666666666667	0.0
450	1384.3333333333333	0.0
460	1326.3333333333333	0.0
470	1544.6666666666667	0.0
480	2184.0	0.0
490	1706.0	0.0
500	1946.3333333333333	0.0
510	1968.3333333333333	0.0
520	2086.1666666666665	0.0
530	2072.0	0.0
540	2014.8333333333333	0.0
550	1664.0	0.0
560	2348.0	0.0
570	1743.3333333333333	0.0
580	2356.3333333333335	0.0
590	2449.0	0.0
600	2224.0	0.0
610	2412.6666666666665	0.0
620	2433.0	0.0
630	2501.8333333333335	0.0
640	2532.5	0.0
650	2593.8333333333335	0.0
660	2449.1666666666665	0.0
670	2435.8333333333335	0.0
680	2590.6666666666665	0.0
690	2515.8333333333335	0.0
700	2722.3333333333335	0.0
710	2661.3333333333335	0.0
720	2505.6666666666665	0.0
730	2760.3333333333335	0.0
740	2368.3333333333335	0.0
750	2399.3333333333335	0.0
760	2905.3333333333335	0.0
770	2500.0	0.0
780	2707.1666666666665	0.0
790	2582.0	0.0
800	2656.5	0.0
