0	281.3333333333333	0.0
10	70.0	8.0
20	70.0	10.0
30	70.0	9.0
40	70.0	0.0
50	70.0	2.0
60	70.0	6.0
70	70.0	2.0
80	70.0	0.0
90	70.0	0.0
100	70.0	1.0
110	70.0	11.0
120	70.0	0.0
130	70.0	6.0
140	70.0	1.0
150	70.0	1.0
160	70.0	8.0
170	70.0	8.0
180	70.66666666666667	0.0
190	70.0	8.0
200	70.0	10.0
210	70.33333333333333	1.0
220	73.0	0.0
230	70.33333333333333	7.0
240	107.0	11.0
250	145.0	154.0
260	214.0	0.0
270	134.66666666666666	21.0
280	211.33333333333334	20.0
290	164.66666666666666	68.0
300	155.0	217.0
310	129.33333333333334	176.0
320	154.33333333333334	65.0
330	130.0	158.0
340	155.66666666666666	11.0
350	205.33333333333334	0.0
360	268.6666666666667	0.0
370	187.0	0.0
380	241.66666666666666	0.0
390	256.0	0.0
400	346.3333333333333	0.0
410	255.0	0.0
420	389.0	0.0
430	607.6666666666666	0.0
440	1040.0	0.0
450	1046.1666666666667	0.0
460	1141.3333333333333	0.0
470	1254.3333333333333	0.0
480	1222.6666666666667	0.0
490	1008.6666666666666	0.0
500	1444.6666666666667	0.0
510	1958.8333333333333	0.0
520	1528.3333333333333	0.0
530	1548.6666666666667	0.0
540	1284.6666666666667	0.0
550	2330.0	0.0
560	2120.0	0.0
570	2105.0	0.0
580	2078.6666666666665	0.0
590	2161.0	0.0
600	2368.8333333333335	0.0
610	2256.0	0.0
620	2358.3333333333335	0.0
630	2307.0	0.0
640	2486.3333333333335	0.0
650	2494.3333333333335	0.0
660	2550.1666666666665	0.0
670	2310.0	0.0
680	2450.8333333333335	0.0
690	2403.8333333333335	0.0
700	2641.3333333333335	0.0
710	2628.1666666666665	0.0
720	2648.1666666666665	0.0
730	2385.0	0.0
740	2481.1666666666665	0.0
750	2734.5	0.0
760	2683.6666666666665	0.0
770	2788.8333333333335	0.0
780	2475.8333333333335	0.0
790	2479.6666666666665	0.0
800	2859.6666666666665	0.0
