0	255.66666666666666	0.0
10	70.0	1000.0
20	70.0	0.0
30	70.0	0.0
40	70.0	0.0
50	70.0	0.0
60	70.0	0.0
70	70.0	0.0
80	70.0	0.0
90	70.0	0.0
100	70.0	0.0
110	70.0	0.0
120	70.0	0.0
130	70.0	0.0
140	70.0	0.0
150	70.0	0.0
160	70.0	0.0
170	70.0	0.0
180	70.33333333333333	0.0
190	70.0	0.0
200	71.0	0.0
210	74.0	0.0
220	77.0	0.0
230	87.0	0.0
240	75.66666666666667	0.0
250	100.0	0.0
260	207.0	0.0
270	134.0	0.0
280	116.0	0.0
290	172.66666666666666	0.0
300	187.66666666666666	0.0
310	161.0	0.0
320	138.0	0.0
330	170.0	0.0
340	148.0	0.0
350	181.33333333333334	0.0
360	254.66666666666666	0.0
370	234.66666666666666	0.0
380	206.66666666666666	0.0
390	271.6666666666667	0.0
400	204.0	0.0
410	207.66666666666666	0.0
420	177.66666666666666	0.0
430	297.0	0.0
440	562.3333333333334	0.0
450	894.6666666666666	0.0
460	711.1666666666666	0.0
470	623.0	0.0
480	724.6666666666666	0.0
490	1175.0	0.0
500	1059.3333333333333	0.0
510	763.6666666666666	0.0
520	1211.3333333333333	0.0
530	1464.6666666666667	0.0
540	1894.6666666666667	0.0
550	1840.3333333333333	0.0
560	1818.3333333333333	0.0
570	2015.6666666666667	0.0
580	1940.0	0.0
590	2004.3333333333333	0.0
600	2329.3333333333335	0.0
