0	293.3333333333333	0.0
10	70.0	1000.0
20	70.0	0.0
30	70.0	0.0
40	70.0	0.0
50	70.0	0.0
60	70.0	0.0
70	70.0	0.0
80	70.0	0.0
90	70.0	0.0
100	70.0	0.0
110	70.0	0.0
120	70.0	0.0
130	70.0	0.0
140	70.0	0.0
150	70.0	0.0
160	70.0	0.0
170	70.0	0.0
180	71.33333333333333	0.0
190	70.0	0.0
200	77.0	0.0
210	70.33333333333333	0.0
220	71.0	0.0
230	71.33333333333333	0.0
240	171.66666666666666	0.0
250	411.3333333333333	0.0
260	237.66666666666666	0.0
270	249.0	0.0
280	326.3333333333333	0.0
290	179.0	0.0
300	155.0	0.0
310	227.66666666666666	0.0
320	130.0	0.0
330	162.0	0.0
340	146.0	0.0
350	146.33333333333334	0.0
360	212.33333333333334	0.0
370	162.0	0.0
380	290.6666666666667	0.0
390	258.6666666666667	0.0
400	139.0	0.0
410	232.33333333333334	0.0
420	228.33333333333334	0.0
430	294.0	0.0
440	248.66666666666666	0.0
450	272.3333333333333	0.0
460	279.6666666666667	0.0
470	230.0	0.0
480	309.0	0.0
490	313.6666666666667	0.0
500	364.6666666666667	0.0
510	496.3333333333333	0.0
520	387.6666666666667	0.0
530	394.6666666666667	0.0
540	401.3333333333333	0.0
550	210.33333333333334	0.0
560	307.6666666666667	0.0
570	478.0	0.0
580	327.0	0.0
590	424.3333333333333	0.0
600	730.3333333333334	0.0
