0	230.0	0.0
10	70.33333333333333	1000.0
20	70.0	0.0
30	70.0	0.0
40	70.0	0.0
50	70.0	0.0
60	70.0	0.0
70	70.0	0.0
80	70.0	0.0
90	70.0	0.0
100	70.0	0.0
110	70.0	0.0
120	70.0	0.0
130	70.0	0.0
140	70.0	0.0
150	70.0	0.0
160	70.0	0.0
170	70.33333333333333	0.0
180	70.0	0.0
190	73.33333333333333	0.0
200	125.0	0.0
210	145.0	0.0
220	159.33333333333334	0.0
230	207.33333333333334	0.0
240	168.0	0.0
250	300.0	0.0
260	163.0	0.0
270	176.66666666666666	0.0
280	156.66666666666666	0.0
290	295.6666666666667	0.0
300	171.0	0.0
310	164.33333333333334	0.0
320	146.0	0.0
330	378.6666666666667	0.0
340	353.3333333333333	0.0
350	669.6666666666666	0.0
360	611.6666666666666	0.0
370	783.6666666666666	0.0
380	1336.3333333333333	0.0
390	1285.0	0.0
400	1450.3333333333333	0.0
410	1339.0	0.0
420	1452.0	0.0
430	1646.6666666666667	0.0
440	2185.0	0.0
450	1706.3333333333333	0.0
460	1515.0	0.0
470	2241.6666666666665	0.0
480	2091.3333333333335	0.0
490	1685.6666666666667	0.0
500	1902.1666666666667	0.0
510	2469.5	0.0
520	2150.0	0.0
530	2010.3333333333333	0.0
540	2202.0	0.0
550	2660.0	0.0
560	2304.3333333333335	0.0
570	2408.1666666666665	0.0
580	2195.3333333333335	0.0
590	2484.8333333333335	0.0
600	2345.0	0.0
