0	249.33333333333334	0.0
10	70.0	0.0
20	70.0	0.0
30	70.0	0.0
40	70.0	0.0
50	70.0	0.0
60	70.0	0.0
70	70.0	0.0
80	73.33333333333333	0.0
90	86.33333333333333	0.0
100	105.0	0.0
110	448.3333333333333	0.0
120	121.66666666666667	0.0
130	174.0	0.0
140	201.33333333333334	0.0
150	163.0	0.0
160	128.0	0.0
170	252.66666666666666	0.0
180	284.6666666666667	0.0
190	245.33333333333334	0.0
200	335.6666666666667	0.0
210	480.3333333333333	0.0
220	325.0	0.0
230	391.6666666666667	0.0
240	282.3333333333333	0.0
250	801.3333333333334	0.0
260	811.6666666666666	0.0
270	961.8333333333334	0.0
280	1260.0	0.0
290	1839.6666666666667	0.0
300	2187.6666666666665	0.0
310	2373.6666666666665	0.0
320	2516.0	0.0
330	2365.0	0.0
340	2033.6666666666667	0.0
350	2144.6666666666665	0.0
360	2757.3333333333335	0.0
370	2634.8333333333335	0.0
380	2551.5	0.0
390	2331.8333333333335	0.0
400	2539.1666666666665	0.0
410	2129.1666666666665	0.0
420	2274.0	0.0
430	2459.0	0.0
440	2697.3333333333335	0.0
450	2167.6666666666665	0.0
460	2299.3333333333335	0.0
470	2567.6666666666665	0.0
480	2378.6666666666665	0.0
490	2430.3333333333335	0.0
500	2476.0	0.0
510	1712.3333333333333	0.0
520	2062.5	0.0
530	1592.0	0.0
540	2286.6666666666665	0.0
550	1596.6666666666667	0.0
560	1758.5	0.0
570	1763.0	0.0
580	1899.5	0.0
590	1924.8333333333333	0.0
600	1817.8333333333333	0.0
610	2347.3333333333335	0.0
620	1831.0	0.0
630	2489.6666666666665	0.0
640	2071.5	0.0
650	1805.6666666666667	0.0
660	1631.0	0.0
670	1614.1666666666667	0.0
680	1726.1666666666667	0.0
690	1647.6666666666667	0.0
700	1780.5	0.0
710	2092.6666666666665	0.0
720	2231.0	0.0
730	1962.0	0.0
740	1993.6666666666667	0.0
750	1481.0	0.0
760	2069.5	0.0
770	1893.3333333333333	0.0
780	1964.0	0.0
790	1963.3333333333333	0.0
800	2137.1666666666665	0.0
810	1864.6666666666667	0.0
820	2188.6666666666665	0.0
830	2228.8333333333335	0.0
840	2656.0	0.0
850	2281.5	0.0
860	2341.5	0.0
870	1833.8333333333333	0.0
880	1885.3333333333333	0.0
890	1934.6666666666667	0.0
900	2303.5	0.0
910	2035.3333333333333	0.0
920	2272.1666666666665	0.0
930	2574.6666666666665	0.0
940	2528.0	0.0
950	2258.6666666666665	0.0
960	2411.0	0.0
970	2644.1666666666665	0.0
980	2566.6666666666665	0.0
990	2492.6666666666665	0.0
1000	2235.5	0.0
