0	263.6666666666667	0.0
10	70.0	0.0
20	70.0	0.0
30	70.0	0.0
40	70.0	0.0
50	70.0	0.0
60	70.0	0.0
70	70.0	0.0
80	70.0	0.0
90	71.66666666666667	0.0
100	89.66666666666667	0.0
110	173.0	0.0
120	390.0	0.0
130	278.3333333333333	0.0
140	73.66666666666667	0.0
150	92.33333333333333	0.0
160	135.0	0.0
170	370.0	0.0
180	304.0	0.0
190	113.33333333333333	0.0
200	147.0	0.0
210	206.0	0.0
220	209.0	0.0
230	848.0	0.0
240	529.6666666666666	0.0
250	649.3333333333334	0.0
260	363.6666666666667	0.0
270	805.6666666666666	0.0
280	1075.5	0.0
290	1457.6666666666667	0.0
300	1749.3333333333333	0.0
310	2167.1666666666665	0.0
320	2507.6666666666665	0.0
330	2768.8333333333335	0.0
340	2533.0	0.0
350	2487.5	0.0
360	2463.6666666666665	0.0
370	2330.0	0.0
380	2224.6666666666665	0.0
390	2337.3333333333335	0.0
400	2295.3333333333335	0.0
410	2481.8333333333335	0.0
420	1884.5	0.0
430	1455.6666666666667	0.0
440	1910.3333333333333	0.0
450	1537.5	0.0
460	2387.1666666666665	0.0
470	1612.3333333333333	0.0
480	2428.0	0.0
490	1441.3333333333333	0.0
500	2159.8333333333335	0.0
510	1628.0	0.0
520	2556.3333333333335	0.0
530	1975.1666666666667	0.0
540	1876.3333333333333	0.0
550	2142.8333333333335	0.0
560	1693.0	0.0
570	2689.6666666666665	0.0
580	2347.6666666666665	0.0
590	2333.3333333333335	0.0
600	2253.8333333333335	0.0
610	1554.6666666666667	0.0
620	2355.0	0.0
630	2408.8333333333335	0.0
640	2548.8333333333335	0.0
650	2311.0	0.0
660	2442.1666666666665	0.0
670	2427.6666666666665	0.0
680	2378.3333333333335	0.0
690	2146.5	0.0
700	1838.6666666666667	0.0
710	1870.0	0.0
720	1665.6666666666667	0.0
730	1626.8333333333333	0.0
740	1996.3333333333333	0.0
750	2232.5	0.0
760	2202.6666666666665	0.0
770	2600.5	0.0
780	1977.8333333333333	0.0
790	1662.5	0.0
800	1904.8333333333333	0.0
810	1613.0	0.0
820	1940.6666666666667	0.0
830	2248.8333333333335	0.0
840	1769.1666666666667	0.0
850	2495.3333333333335	0.0
860	2591.5	0.0
870	2266.0	0.0
880	1806.3333333333333	0.0
890	2544.8333333333335	0.0
900	2004.0	0.0
910	1869.8333333333333	0.0
920	2404.3333333333335	0.0
930	2513.3333333333335	0.0
940	2494.0	0.0
950	2368.0	0.0
960	2605.3333333333335	0.0
970	2374.1666666666665	0.0
980	1974.0	0.0
990	1889.0	0.0
1000	1810.3333333333333	0.0
