0	242.66666666666666	0.0
10	70.0	0.0
20	70.0	0.0
30	70.0	0.0
40	70.0	0.0
50	70.0	0.0
60	70.0	0.0
70	70.33333333333333	0.0
80	70.66666666666667	0.0
90	72.0	0.0
100	87.0	0.0
110	130.33333333333334	0.0
120	218.33333333333334	0.0
130	87.0	0.0
140	121.0	0.0
150	345.6666666666667	0.0
160	391.6666666666667	0.0
170	441.0	0.0
180	88.66666666666667	0.0
190	152.33333333333334	0.0
200	177.66666666666666	0.0
210	261.0	0.0
220	470.3333333333333	0.0
230	516.6666666666666	0.0
240	644.0	0.0
250	865.3333333333334	0.0
260	543.3333333333334	0.0
270	726.0	0.0
280	528.6666666666666	0.0
290	597.6666666666666	0.0
300	1115.0	0.0
310	1309.1666666666667	0.0
320	1210.1666666666667	0.0
330	1289.0	0.0
340	1135.6666666666667	0.0
350	1917.0	0.0
360	2120.8333333333335	0.0
370	2177.0	0.0
380	2148.1666666666665	0.0
390	2720.0	0.0
400	1776.1666666666667	0.0
410	1867.6666666666667	0.0
420	2570.0	0.0
430	2119.8333333333335	0.0
440	2723.0	0.0
450	2511.6666666666665	0.0
460	2252.6666666666665	0.0
470	2466.6666666666665	0.0
480	1929.0	0.0
490	2452.3333333333335	0.0
500	2323.1666666666665	0.0
510	2456.1666666666665	0.0
520	2511.6666666666665	0.0
530	2357.0	0.0
540	2256.6666666666665	0.0
550	2287.3333333333335	0.0
560	2365.6666666666665	0.0
570	2595.3333333333335	0.0
580	2534.0	0.0
590	2390.0	0.0
600	2346.6666666666665	0.0
610	2237.3333333333335	0.0
620	2401.3333333333335	0.0
630	2041.8333333333333	0.0
640	1733.6666666666667	0.0
650	2247.3333333333335	0.0
660	2209.8333333333335	0.0
670	1549.3333333333333	0.0
680	1996.3333333333333	0.0
690	2093.6666666666665	0.0
700	2219.3333333333335	0.0
710	2170.3333333333335	0.0
720	2462.0	0.0
730	2378.8333333333335	0.0
740	1924.6666666666667	0.0
750	1966.0	0.0
760	2043.1666666666667	0.0
770	2189.0	0.0
780	1907.0	0.0
790	1953.6666666666667	0.0
800	2476.0	0.0
810	2240.8333333333335	0.0
820	2331.6666666666665	0.0
830	1944.0	0.0
840	2004.8333333333333	0.0
850	2192.0	0.0
860	2051.3333333333335	0.0
870	2410.0	0.0
880	1863.6666666666667	0.0
890	2303.6666666666665	0.0
900	2088.6666666666665	0.0
910	2290.0	0.0
920	1692.0	0.0
930	2043.0	0.0
940	1805.0	0.0
950	2220.5	0.0
960	1930.5	0.0
970	1745.5	0.0
980	1760.1666666666667	0.0
990	2432.3333333333335	0.0
1000	2519.3333333333335	0.0
