0	282.3333333333333	0.0
10	70.0	0.0
20	70.0	0.0
30	70.0	0.0
40	70.0	0.0
50	70.0	0.0
60	70.0	0.0
70	70.0	0.0
80	71.0	0.0
90	72.66666666666667	0.0
100	73.0	0.0
110	147.0	0.0
120	403.3333333333333	0.0
130	145.33333333333334	0.0
140	148.33333333333334	0.0
150	114.33333333333333	0.0
160	141.66666666666666	0.0
170	109.33333333333333	0.0
180	175.33333333333334	0.0
190	468.0	0.0
200	134.66666666666666	0.0
210	109.66666666666667	0.0
220	170.0	0.0
230	432.3333333333333	0.0
240	339.0	0.0
250	605.0	0.0
260	577.3333333333334	0.0
270	418.6666666666667	0.0
280	818.6666666666666	0.0
290	1310.8333333333333	0.0
300	1273.8333333333333	0.0
310	1193.0	0.0
320	2005.0	0.0
330	1953.3333333333333	0.0
340	2149.6666666666665	0.0
350	2423.0	0.0
360	2183.3333333333335	0.0
370	2543.0	0.0
380	2624.0	0.0
390	2497.6666666666665	0.0
400	2416.0	0.0
410	2472.5	0.0
420	2648.0	0.0
430	2408.8333333333335	0.0
440	2436.3333333333335	0.0
450	2309.8333333333335	0.0
460	2583.0	0.0
470	2518.3333333333335	0.0
480	2582.0	0.0
490	1388.3333333333333	0.0
500	1880.3333333333333	0.0
510	1501.6666666666667	0.0
520	1886.0	0.0
530	1849.0	0.0
540	1725.6666666666667	0.0
550	1809.0	0.0
560	2023.0	0.0
570	1929.3333333333333	0.0
580	1803.3333333333333	0.0
590	2001.6666666666667	0.0
600	2705.6666666666665	0.0
610	2532.0	0.0
620	2551.1666666666665	0.0
630	2584.5	0.0
640	2473.3333333333335	0.0
650	2608.3333333333335	0.0
660	2629.5	0.0
670	2495.0	0.0
680	2560.0	0.0
690	2550.5	0.0
700	2520.6666666666665	0.0
710	2306.6666666666665	0.0
720	2522.3333333333335	0.0
730	2449.0	0.0
740	2231.6666666666665	0.0
750	2285.0	0.0
760	2384.6666666666665	0.0
770	2270.0	0.0
780	2307.0	0.0
790	2526.3333333333335	0.0
800	2425.3333333333335	0.0
810	2231.1666666666665	0.0
820	2331.1666666666665	0.0
830	2245.0	0.0
840	1741.3333333333333	0.0
850	2273.6666666666665	0.0
860	1610.1666666666667	0.0
870	2074.5	0.0
880	1897.5	0.0
890	1617.3333333333333	0.0
900	1935.6666666666667	0.0
910	2309.6666666666665	0.0
920	2504.8333333333335	0.0
930	2499.1666666666665	0.0
940	2584.3333333333335	0.0
950	2629.6666666666665	0.0
960	2412.0	0.0
970	2315.0	0.0
980	2335.3333333333335	0.0
990	2619.1666666666665	0.0
1000	1725.0	0.0
