0	268.0	0.0
10	70.0	0.0
20	70.0	0.0
30	70.0	0.0
40	70.0	0.0
50	70.0	0.0
60	70.0	0.0
70	70.0	0.0
80	70.33333333333333	0.0
90	74.0	0.0
100	107.0	0.0
110	86.0	0.0
120	92.33333333333333	0.0
130	77.0	0.0
140	76.66666666666667	0.0
150	296.3333333333333	0.0
160	238.66666666666666	0.0
170	212.66666666666666	0.0
180	235.66666666666666	0.0
190	504.0	0.0
200	526.3333333333334	0.0
210	317.6666666666667	0.0
220	375.3333333333333	0.0
230	289.6666666666667	0.0
240	326.6666666666667	0.0
250	351.3333333333333	0.0
260	216.66666666666666	0.0
270	363.6666666666667	0.0
280	470.6666666666667	0.0
290	438.0	0.0
300	436.6666666666667	0.0
310	706.6666666666666	0.0
320	844.6666666666666	0.0
330	929.6666666666666	0.0
340	1092.5	0.0
350	1152.0	0.0
360	1531.1666666666667	0.0
370	1613.6666666666667	0.0
380	1887.6666666666667	0.0
390	1996.6666666666667	0.0
400	1842.5	0.0
410	1886.0	0.0
420	1796.6666666666667	0.0
430	2054.8333333333335	0.0
440	2415.6666666666665	0.0
450	2352.6666666666665	0.0
460	2266.5	0.0
470	1912.6666666666667	0.0
480	1621.6666666666667	0.0
490	1965.3333333333333	0.0
500	2382.6666666666665	0.0
510	2362.6666666666665	0.0
520	2419.6666666666665	0.0
530	2630.0	0.0
540	1502.6666666666667	0.0
550	1925.0	0.0
560	2373.0	0.0
570	1662.3333333333333	0.0
580	1587.0	0.0
590	2410.3333333333335	0.0
600	1871.5	0.0
610	1528.0	0.0
620	2022.6666666666667	0.0
630	2296.0	0.0
640	2041.3333333333333	0.0
650	1776.1666666666667	0.0
660	1630.5	0.0
670	2405.1666666666665	0.0
680	2472.3333333333335	0.0
690	2442.0	0.0
700	2465.8333333333335	0.0
710	2487.8333333333335	0.0
720	2346.6666666666665	0.0
730	2632.6666666666665	0.0
740	1875.5	0.0
750	1745.3333333333333	0.0
760	2363.0	0.0
770	2090.0	0.0
780	2247.3333333333335	0.0
790	2129.3333333333335	0.0
800	2097.6666666666665	0.0
810	2385.0	0.0
820	1621.3333333333333	0.0
830	1007.3333333333334	0.0
840	1544.6666666666667	0.0
850	1870.6666666666667	0.0
860	1729.3333333333333	0.0
870	1673.0	0.0
880	2154.1666666666665	0.0
890	1914.6666666666667	0.0
900	2221.5	0.0
910	2577.1666666666665	0.0
920	2313.5	0.0
930	2383.1666666666665	0.0
940	2268.0	0.0
950	2252.5	0.0
960	2641.6666666666665	0.0
970	2269.8333333333335	0.0
980	2394.8333333333335	0.0
990	2226.6666666666665	0.0
1000	2557.6666666666665	0.0
