0	253.33333333333334	0.0
10	70.0	0.0
20	70.0	0.0
30	70.0	0.0
40	70.0	0.0
50	70.0	0.0
60	70.0	0.0
70	70.0	0.0
80	70.0	0.0
90	70.0	0.0
100	70.0	0.0
110	70.0	0.0
120	70.0	0.0
130	70.0	0.0
140	70.0	0.0
150	70.0	0.0
160	70.0	0.0
170	70.0	0.0
180	71.66666666666667	0.0
190	72.66666666666667	0.0
200	71.33333333333333	0.0
210	77.0	0.0
220	73.0	0.0
230	70.0	0.0
240	88.66666666666667	0.0
250	134.66666666666666	0.0
260	116.0	0.0
270	255.33333333333334	0.0
280	178.33333333333334	0.0
290	201.33333333333334	0.0
300	163.0	0.0
310	130.0	0.0
320	138.0	0.0
330	197.0	0.0
340	153.33333333333334	0.0
350	219.66666666666666	0.0
360	156.0	0.0
370	219.33333333333334	0.0
380	162.66666666666666	0.0
390	148.33333333333334	1.0
400	163.0	0.0
410	234.33333333333334	0.0
420	325.0	1.0
430	354.6666666666667	3.0
440	437.3333333333333	0.0
450	749.0	1.0
460	954.6666666666666	2.0
470	1329.6666666666667	3.0
480	1416.0	0.0
490	1847.1666666666667	1.0
500	1748.6666666666667	1.0
510	1973.3333333333333	4.0
520	1872.3333333333333	5.0
530	1790.6666666666667	4.0
540	2212.6666666666665	1.0
550	2312.3333333333335	6.0
560	2035.3333333333333	2.0
570	2101.0	2.0
580	2234.3333333333335	3.0
590	2174.0	3.0
600	2251.3333333333335	2.0
610	2233.0	0.0
620	2104.0	5.0
630	2345.6666666666665	1.0
640	2433.0	4.0
650	2355.0	3.0
660	2483.3333333333335	3.0
670	2589.6666666666665	4.0
680	2534.8333333333335	2.0
690	2530.0	0.0
700	2377.6666666666665	2.0
710	2468.0	0.0
720	2754.3333333333335	0.0
730	2733.6666666666665	7.0
740	2541.0	5.0
750	2795.3333333333335	6.0
760	2388.8333333333335	3.0
770	2597.0	3.0
780	2640.6666666666665	0.0
790	2093.6666666666665	6.0
800	2182.5	1.0
