0	278.0	0.0
10	130.0	518.0
20	140.0	368.0
30	779.6666666666666	114.0
40	1725.0	0.0
50	1784.0	0.0
60	2082.3333333333335	0.0
70	2354.3333333333335	0.0
80	2290.6666666666665	0.0
90	2292.8333333333335	0.0
100	2063.3333333333335	0.0
110	2060.0	0.0
120	2240.8333333333335	0.0
130	2474.3333333333335	0.0
140	2429.5	0.0
150	2254.8333333333335	0.0
160	2169.1666666666665	0.0
170	2417.5	0.0
180	2405.0	0.0
190	2372.6666666666665	0.0
200	2506.6666666666665	0.0
210	2517.0	0.0
220	2654.1666666666665	0.0
230	2547.0	0.0
240	1220.6666666666667	0.0
250	2182.8333333333335	0.0
260	1733.1666666666667	0.0
270	1621.1666666666667	0.0
280	1961.3333333333333	0.0
290	2429.1666666666665	0.0
300	2036.3333333333333	0.0
310	2009.3333333333333	0.0
320	1818.3333333333333	0.0
330	1816.3333333333333	0.0
340	1815.3333333333333	0.0
350	2553.3333333333335	0.0
360	2433.8333333333335	0.0
370	2277.0	0.0
380	2545.8333333333335	0.0
390	2074.3333333333335	0.0
400	2052.0	0.0
410	1866.3333333333333	0.0
420	1983.1666666666667	0.0
430	2420.6666666666665	0.0
440	2480.8333333333335	0.0
450	2278.0	0.0
460	2334.0	0.0
470	2586.1666666666665	0.0
480	1921.6666666666667	0.0
490	2105.0	0.0
500	2154.1666666666665	0.0
510	1753.3333333333333	0.0
520	1995.8333333333333	0.0
530	2124.6666666666665	0.0
540	2083.8333333333335	0.0
550	2148.3333333333335	0.0
560	2218.8333333333335	0.0
570	2084.3333333333335	0.0
580	2174.6666666666665	0.0
590	1812.6666666666667	0.0
600	1917.0	0.0
610	2379.6666666666665	0.0
620	2395.1666666666665	0.0
630	2517.8333333333335	0.0
640	2422.3333333333335	0.0
650	2317.5	0.0
660	2400.0	0.0
670	2584.6666666666665	0.0
680	2288.8333333333335	0.0
690	2377.6666666666665	0.0
700	2179.0	0.0
710	1812.1666666666667	0.0
720	1853.5	0.0
730	1625.8333333333333	0.0
740	2284.0	0.0
750	2048.5	0.0
760	2006.3333333333333	0.0
770	2116.5	0.0
780	2357.0	0.0
790	2327.6666666666665	0.0
800	2020.8333333333333	0.0
810	2600.1666666666665	0.0
820	1841.6666666666667	0.0
830	2002.1666666666667	0.0
840	2228.1666666666665	0.0
850	2218.0	0.0
860	2304.0	0.0
870	2248.5	0.0
880	2219.8333333333335	0.0
890	1893.3333333333333	0.0
900	2105.1666666666665	0.0
910	2370.3333333333335	0.0
920	2414.6666666666665	0.0
930	1881.3333333333333	0.0
940	1692.3333333333333	0.0
950	1699.1666666666667	0.0
960	2345.6666666666665	0.0
970	2486.3333333333335	0.0
980	2518.6666666666665	0.0
990	2547.3333333333335	0.0
1000	2410.1666666666665	0.0
