0	261.3333333333333	0.0
10	491.6666666666667	444.0
20	142.66666666666666	310.0
30	181.33333333333334	246.0
40	1552.3333333333333	0.0
50	1897.3333333333333	0.0
60	2243.5	0.0
70	1853.6666666666667	0.0
80	2197.0	0.0
90	2288.1666666666665	0.0
100	2712.8333333333335	0.0
110	2249.3333333333335	0.0
120	2225.6666666666665	0.0
130	2219.1666666666665	0.0
140	2392.3333333333335	0.0
150	2315.3333333333335	0.0
160	2210.3333333333335	0.0
170	2303.3333333333335	0.0
180	2313.0	0.0
190	2237.5	0.0
200	2319.8333333333335	0.0
210	2527.6666666666665	0.0
220	2666.0	0.0
230	1284.6666666666667	0.0
240	1326.3333333333333	0.0
250	970.6666666666666	0.0
260	1183.0	0.0
270	1941.0	0.0
280	1663.3333333333333	0.0
290	2193.8333333333335	0.0
300	1805.0	0.0
310	1801.3333333333333	0.0
320	1991.0	0.0
330	2127.8333333333335	0.0
340	2126.1666666666665	0.0
350	1805.3333333333333	0.0
360	1731.6666666666667	0.0
370	2203.8333333333335	0.0
380	2276.0	0.0
390	1707.0	0.0
400	2136.5	0.0
410	2091.0	0.0
420	2027.6666666666667	0.0
430	1802.6666666666667	0.0
440	1859.3333333333333	0.0
450	2207.1666666666665	0.0
460	1889.0	0.0
470	2065.5	0.0
480	1793.0	0.0
490	1914.3333333333333	0.0
500	2305.5	0.0
510	2112.8333333333335	0.0
520	1997.1666666666667	0.0
530	1854.0	0.0
540	2329.0	0.0
550	2480.3333333333335	0.0
560	2533.6666666666665	0.0
570	2425.1666666666665	0.0
580	2136.0	0.0
590	2303.8333333333335	0.0
600	2681.0	0.0
610	2420.0	0.0
620	2326.6666666666665	0.0
630	2700.5	0.0
640	2226.5	0.0
650	2505.3333333333335	0.0
660	2491.0	0.0
670	2224.3333333333335	0.0
680	2422.0	0.0
690	2373.1666666666665	0.0
700	2265.6666666666665	0.0
710	2526.6666666666665	0.0
720	2333.6666666666665	0.0
730	2433.6666666666665	0.0
740	2381.6666666666665	0.0
750	2563.5	0.0
760	2051.0	0.0
770	2447.0	0.0
780	2689.0	0.0
790	2622.0	0.0
800	2540.1666666666665	0.0
810	2347.0	0.0
820	2552.1666666666665	0.0
830	2501.8333333333335	0.0
840	2450.3333333333335	0.0
850	2389.6666666666665	0.0
860	2574.3333333333335	0.0
870	2310.6666666666665	0.0
880	2463.1666666666665	0.0
890	2657.6666666666665	0.0
900	2421.6666666666665	0.0
910	2492.0	0.0
920	2435.3333333333335	0.0
930	1679.0	0.0
940	1974.0	0.0
950	2239.5	0.0
960	2270.3333333333335	0.0
970	2402.1666666666665	0.0
980	2104.6666666666665	0.0
990	2096.1666666666665	0.0
1000	2456.3333333333335	0.0
