0	280.0	0.0
10	70.0	0.0
20	70.0	0.0
30	70.0	0.0
40	70.0	0.0
50	70.0	0.0
60	70.0	0.0
70	70.0	0.0
80	70.0	0.0
90	70.0	0.0
100	70.0	0.0
110	70.0	0.0
120	70.0	0.0
130	70.0	0.0
140	70.0	0.0
150	70.0	0.0
160	70.0	0.0
170	70.0	0.0
180	70.0	0.0
190	70.0	0.0
200	73.66666666666667	0.0
210	71.33333333333333	0.0
220	71.66666666666667	0.0
230	84.33333333333333	0.0
240	167.33333333333334	0.0
250	227.0	0.0
260	212.33333333333334	0.0
270	125.66666666666667	0.0
280	207.66666666666666	0.0
290	178.0	0.0
300	315.3333333333333	0.0
310	165.33333333333334	0.0
320	190.0	0.0
330	154.66666666666666	0.0
340	150.66666666666666	0.0
350	154.66666666666666	0.0
360	146.66666666666666	0.0
370	156.33333333333334	0.0
380	155.33333333333334	0.0
390	211.33333333333334	0.0
400	161.66666666666666	0.0
410	195.0	0.0
420	272.0	0.0
430	290.6666666666667	0.0
440	289.0	0.0
450	327.6666666666667	0.0
460	268.3333333333333	0.0
470	221.0	0.0
480	278.6666666666667	0.0
490	259.3333333333333	0.0
500	312.6666666666667	0.0
510	272.0	0.0
520	464.0	0.0
530	488.0	0.0
540	743.0	0.0
550	776.0	0.0
560	872.3333333333334	0.0
570	777.3333333333334	0.0
580	1075.6666666666667	0.0
590	923.0	0.0
600	1097.3333333333333	0.0
