0	248.0	0.0
10	78.0	1000.0
20	70.0	0.0
30	70.0	0.0
40	70.0	0.0
50	70.0	0.0
60	70.0	0.0
70	70.0	0.0
80	70.0	0.0
90	70.0	0.0
100	70.0	0.0
110	70.0	0.0
120	70.0	0.0
130	70.0	0.0
140	70.0	0.0
150	70.33333333333333	0.0
160	70.66666666666667	0.0
170	71.33333333333333	0.0
180	79.33333333333333	0.0
190	81.0	0.0
200	136.33333333333334	0.0
210	863.0	0.0
220	250.0	0.0
230	126.33333333333333	0.0
240	378.3333333333333	0.0
250	237.66666666666666	0.0
260	274.6666666666667	0.0
270	250.66666666666666	0.0
280	235.0	0.0
290	233.33333333333334	0.0
300	770.3333333333334	0.0
310	845.6666666666666	0.0
320	519.0	0.0
330	709.0	0.0
340	722.0	0.0
350	918.3333333333334	0.0
360	1378.0	0.0
370	1052.0	0.0
380	1396.3333333333333	0.0
390	1246.3333333333333	0.0
400	1511.6666666666667	0.0
410	1560.6666666666667	0.0
420	1542.6666666666667	0.0
430	1668.0	0.0
440	1997.0	0.0
450	1988.0	0.0
460	2141.3333333333335	0.0
470	2153.3333333333335	0.0
480	2294.5	0.0
490	2191.0	0.0
500	2180.0	0.0
510	2048.0	0.0
520	2139.6666666666665	0.0
530	2302.5	0.0
540	2307.8333333333335	0.0
550	2231.1666666666665	0.0
560	2346.6666666666665	0.0
570	2350.0	0.0
580	2461.6666666666665	0.0
590	2353.0	0.0
600	2515.6666666666665	0.0
610	2489.8333333333335	0.0
620	2590.3333333333335	0.0
630	2818.8333333333335	0.0
640	2676.3333333333335	0.0
650	2789.3333333333335	0.0
660	2619.5	0.0
670	2567.3333333333335	0.0
680	2621.3333333333335	0.0
690	2453.1666666666665	0.0
700	2642.3333333333335	0.0
710	2672.0	0.0
720	2565.8333333333335	0.0
730	2610.6666666666665	0.0
740	2515.8333333333335	0.0
750	2522.5	0.0
760	2543.0	0.0
770	2590.6666666666665	0.0
780	2495.0	0.0
790	2364.3333333333335	0.0
800	2535.8333333333335	0.0
