0	258.3333333333333	0.0
10	371.6666666666667	1000.0
20	130.0	0.0
30	130.0	0.0
40	130.66666666666666	0.0
50	131.0	0.0
60	130.66666666666666	0.0
70	160.0	0.0
80	568.6666666666666	0.0
90	409.3333333333333	0.0
100	325.0	0.0
110	371.6666666666667	0.0
120	962.6666666666666	0.0
130	373.3333333333333	0.0
140	659.0	0.0
150	1441.6666666666667	0.0
160	1788.3333333333333	0.0
170	1591.3333333333333	0.0
180	2027.6666666666667	0.0
190	1800.6666666666667	0.0
200	2038.0	0.0
210	2041.3333333333333	0.0
220	2237.3333333333335	0.0
230	1913.5	0.0
240	2309.3333333333335	0.0
250	2522.8333333333335	0.0
260	2279.5	0.0
270	2106.0	0.0
280	1914.3333333333333	0.0
290	2041.3333333333333	0.0
300	2309.3333333333335	0.0
310	2095.8333333333335	0.0
320	2486.3333333333335	0.0
330	2300.3333333333335	0.0
340	2252.8333333333335	0.0
350	2526.6666666666665	0.0
360	2400.0	0.0
370	2383.8333333333335	0.0
380	2533.6666666666665	0.0
390	2506.3333333333335	0.0
400	2327.3333333333335	0.0
410	2638.5	0.0
420	2170.1666666666665	0.0
430	2265.0	0.0
440	2431.0	0.0
450	2498.8333333333335	0.0
460	2628.6666666666665	0.0
470	2746.5	0.0
480	2627.0	0.0
490	2853.1666666666665	0.0
500	2595.0	0.0
510	2943.5	0.0
520	2764.0	0.0
530	2807.6666666666665	0.0
540	2616.0	0.0
550	2740.1666666666665	0.0
560	2415.1666666666665	0.0
570	2738.3333333333335	0.0
580	2333.8333333333335	0.0
590	2655.8333333333335	0.0
600	2330.0	0.0
610	2909.0	0.0
620	2689.0	0.0
630	2730.1666666666665	0.0
640	2871.6666666666665	0.0
650	1962.5	0.0
660	1959.8333333333333	0.0
670	2222.0	0.0
680	2745.3333333333335	0.0
690	2499.6666666666665	0.0
700	2724.0	0.0
710	2621.6666666666665	0.0
720	2701.6666666666665	0.0
730	2700.5	0.0
740	2554.6666666666665	0.0
750	2769.8333333333335	0.0
760	2486.0	0.0
770	2540.8333333333335	0.0
780	2879.5	0.0
790	2536.0	0.0
800	2699.5	0.0
