0	257.6666666666667	0.0
10	70.0	992.0
20	70.0	8.0
30	70.0	0.0
40	70.0	0.0
50	70.0	0.0
60	70.0	0.0
70	70.0	0.0
80	70.0	0.0
90	70.0	0.0
100	70.0	0.0
110	70.0	0.0
120	70.0	0.0
130	70.0	0.0
140	70.66666666666667	0.0
150	70.33333333333333	0.0
160	71.0	0.0
170	70.66666666666667	0.0
180	80.33333333333333	0.0
190	136.33333333333334	0.0
200	203.66666666666666	0.0
210	214.0	0.0
220	157.66666666666666	0.0
230	178.0	0.0
240	171.33333333333334	0.0
250	130.66666666666666	0.0
260	158.66666666666666	0.0
270	200.33333333333334	0.0
280	305.3333333333333	0.0
290	618.0	0.0
300	530.3333333333334	0.0
310	657.3333333333334	0.0
320	906.0	0.0
330	850.6666666666666	0.0
340	1183.3333333333333	0.0
350	1364.6666666666667	0.0
360	1582.5	0.0
370	1273.0	0.0
380	1417.3333333333333	0.0
390	1931.3333333333333	0.0
400	1817.0	0.0
410	1840.6666666666667	0.0
420	2122.6666666666665	0.0
430	1861.6666666666667	0.0
440	2081.0	0.0
450	1556.3333333333333	0.0
460	1530.6666666666667	0.0
470	2053.0	0.0
480	1497.3333333333333	0.0
490	2014.6666666666667	0.0
500	1756.6666666666667	0.0
510	1985.3333333333333	0.0
520	2206.3333333333335	0.0
530	2329.0	0.0
540	2014.3333333333333	0.0
550	2186.5	0.0
560	2247.6666666666665	0.0
570	2285.5	0.0
580	2399.3333333333335	0.0
590	2594.8333333333335	0.0
600	2581.1666666666665	0.0
610	2561.3333333333335	0.0
620	2404.3333333333335	0.0
630	2071.8333333333335	0.0
640	2516.5	0.0
650	2611.6666666666665	0.0
660	2445.3333333333335	0.0
670	2617.5	0.0
680	2610.3333333333335	0.0
690	2259.6666666666665	0.0
700	2487.1666666666665	0.0
710	2774.1666666666665	0.0
720	2583.6666666666665	0.0
730	2639.6666666666665	0.0
740	2804.6666666666665	0.0
750	2523.3333333333335	0.0
760	2691.1666666666665	0.0
770	2626.1666666666665	0.0
780	2609.3333333333335	0.0
790	2364.3333333333335	0.0
800	2294.0	0.0
