0	224.66666666666666	0.0
10	71.33333333333333	1000.0
20	70.0	0.0
30	70.0	0.0
40	70.0	0.0
50	70.0	0.0
60	70.0	0.0
70	70.0	0.0
80	70.0	0.0
90	70.0	0.0
100	70.0	0.0
110	70.0	0.0
120	87.33333333333333	0.0
130	70.66666666666667	0.0
140	70.0	0.0
150	81.33333333333333	0.0
160	73.0	0.0
170	183.66666666666666	0.0
180	356.0	0.0
190	1140.6666666666667	0.0
200	83.0	0.0
210	199.33333333333334	0.0
220	257.0	0.0
230	319.6666666666667	0.0
240	1141.6666666666667	0.0
250	1728.6666666666667	0.0
260	1484.0	0.0
270	382.0	0.0
280	386.0	0.0
290	1027.0	0.0
300	1221.6666666666667	0.0
310	1739.3333333333333	0.0
320	1401.3333333333333	0.0
330	1555.3333333333333	0.0
340	1483.0	0.0
350	1267.0	0.0
360	1923.3333333333333	0.0
370	1901.3333333333333	0.0
380	2097.3333333333335	0.0
390	1829.6666666666667	0.0
400	1748.0	0.0
410	1949.0	0.0
420	2099.3333333333335	0.0
430	2001.1666666666667	0.0
440	2204.0	0.0
450	2040.3333333333333	0.0
460	2289.6666666666665	0.0
470	2174.0	0.0
480	2415.3333333333335	0.0
490	2280.1666666666665	0.0
500	2514.8333333333335	0.0
510	2424.3333333333335	0.0
520	2141.0	0.0
530	3003.1666666666665	0.0
540	2528.3333333333335	0.0
550	2225.0	0.0
560	2430.8333333333335	0.0
570	2406.1666666666665	0.0
580	2652.6666666666665	0.0
590	2389.5	0.0
600	2612.8333333333335	0.0
610	2665.8333333333335	0.0
620	2769.0	0.0
630	2670.5	0.0
640	2471.8333333333335	0.0
650	2379.5	0.0
660	2352.3333333333335	0.0
670	2209.0	0.0
680	2535.8333333333335	0.0
690	2537.6666666666665	0.0
700	2629.8333333333335	0.0
710	2802.3333333333335	0.0
720	2219.6666666666665	0.0
730	2477.8333333333335	0.0
740	2259.3333333333335	0.0
750	2379.8333333333335	0.0
760	2486.1666666666665	0.0
770	2490.3333333333335	0.0
780	2578.3333333333335	0.0
790	2622.5	0.0
800	2482.8333333333335	0.0
