0	250.33333333333334	0.0
10	70.0	1000.0
20	70.0	0.0
30	70.0	0.0
40	70.0	0.0
50	70.0	0.0
60	70.0	0.0
70	70.0	0.0
80	70.0	0.0
90	70.0	0.0
100	70.0	0.0
110	70.0	0.0
120	70.0	0.0
130	70.0	0.0
140	70.66666666666667	0.0
150	74.33333333333333	0.0
160	82.0	0.0
170	107.66666666666667	0.0
180	243.66666666666666	0.0
190	509.6666666666667	0.0
200	480.6666666666667	0.0
210	170.66666666666666	0.0
220	179.0	0.0
230	187.33333333333334	0.0
240	294.6666666666667	0.0
250	183.66666666666666	0.0
260	161.0	0.0
270	271.0	0.0
280	541.0	0.0
290	577.0	0.0
300	936.3333333333334	0.0
310	895.0	0.0
320	1196.0	0.0
330	1010.6666666666666	0.0
340	1178.0	0.0
350	1149.6666666666667	0.0
360	1505.3333333333333	0.0
370	1649.3333333333333	0.0
380	1902.6666666666667	0.0
390	1993.3333333333333	0.0
400	1520.0	0.0
410	2017.6666666666667	0.0
420	1814.6666666666667	0.0
430	2027.3333333333333	0.0
440	2091.3333333333335	0.0
450	2249.0	0.0
460	1441.3333333333333	0.0
470	2381.3333333333335	0.0
480	2296.5	0.0
490	2292.0	0.0
500	2232.3333333333335	0.0
510	2231.3333333333335	0.0
520	2095.6666666666665	0.0
530	2144.3333333333335	0.0
540	2476.8333333333335	0.0
550	2060.6666666666665	0.0
560	2443.3333333333335	0.0
570	2376.6666666666665	0.0
580	2301.3333333333335	0.0
590	2667.3333333333335	0.0
600	2240.3333333333335	0.0
610	2262.3333333333335	0.0
620	2574.3333333333335	0.0
630	2338.6666666666665	0.0
640	2659.8333333333335	0.0
650	2762.5	0.0
660	2590.3333333333335	0.0
670	2551.5	0.0
680	2264.3333333333335	0.0
690	2600.6666666666665	0.0
700	2427.0	0.0
710	2750.5	0.0
720	2689.8333333333335	0.0
730	2608.0	0.0
740	2523.0	0.0
750	2369.3333333333335	0.0
760	2386.3333333333335	0.0
770	2680.5	0.0
780	2518.0	0.0
790	2573.0	0.0
800	2166.6666666666665	0.0
