0	257.6666666666667	0.0
10	70.0	0.0
20	70.0	0.0
30	70.0	0.0
40	70.0	0.0
50	70.0	0.0
60	70.0	0.0
70	70.0	0.0
80	71.66666666666667	0.0
90	71.33333333333333	0.0
100	83.33333333333333	0.0
110	73.66666666666667	0.0
120	84.0	0.0
130	74.66666666666667	0.0
140	334.0	0.0
150	316.0	0.0
160	188.33333333333334	0.0
170	187.33333333333334	0.0
180	250.66666666666666	0.0
190	217.66666666666666	0.0
200	431.3333333333333	0.0
210	219.66666666666666	0.0
220	371.3333333333333	0.0
230	279.0	0.0
240	431.3333333333333	0.0
250	347.3333333333333	0.0
260	469.0	0.0
270	335.6666666666667	0.0
280	448.0	0.0
290	805.6666666666666	0.0
300	823.6666666666666	0.0
310	856.0	0.0
320	890.3333333333334	0.0
330	792.6666666666666	0.0
340	1008.6666666666666	0.0
350	1458.5	0.0
360	1476.6666666666667	0.0
370	1090.0	0.0
380	1734.0	0.0
390	1442.8333333333333	0.0
400	1699.0	0.0
410	1830.0	0.0
420	1839.1666666666667	0.0
430	1957.8333333333333	0.0
440	2312.8333333333335	0.0
450	1764.0	0.0
460	1409.3333333333333	0.0
470	1734.1666666666667	0.0
480	1556.1666666666667	0.0
490	1759.5	0.0
500	1805.6666666666667	0.0
510	1884.6666666666667	0.0
520	1659.3333333333333	0.0
530	2118.8333333333335	0.0
540	2034.0	0.0
550	1953.0	0.0
560	2266.6666666666665	0.0
570	1691.6666666666667	0.0
580	2014.8333333333333	0.0
590	1751.3333333333333	0.0
600	1868.3333333333333	0.0
610	2062.3333333333335	0.0
620	1944.6666666666667	0.0
630	1785.6666666666667	0.0
640	1676.6666666666667	0.0
650	1836.8333333333333	0.0
660	2324.3333333333335	0.0
670	2579.5	0.0
680	2617.8333333333335	0.0
690	2450.3333333333335	0.0
700	2510.0	0.0
710	2385.8333333333335	0.0
720	2610.0	0.0
730	2525.6666666666665	0.0
740	2366.6666666666665	0.0
750	2098.6666666666665	0.0
760	2339.0	0.0
770	2147.3333333333335	0.0
780	2307.3333333333335	0.0
790	2337.6666666666665	0.0
800	2336.1666666666665	0.0
810	1900.3333333333333	0.0
820	1691.8333333333333	0.0
830	2068.3333333333335	0.0
840	2329.0	0.0
850	1584.0	0.0
860	1962.3333333333333	0.0
870	1809.6666666666667	0.0
880	1871.8333333333333	0.0
890	1662.6666666666667	0.0
900	2564.6666666666665	0.0
910	2503.0	0.0
920	2400.5	0.0
930	2560.0	0.0
940	2449.3333333333335	0.0
950	2293.0	0.0
960	2104.3333333333335	0.0
970	2560.8333333333335	0.0
980	1859.0	0.0
990	2479.3333333333335	0.0
1000	1845.3333333333333	0.0
