0	258.3333333333333	0.0
10	70.0	0.0
20	70.0	0.0
30	70.0	0.0
40	70.0	0.0
50	70.0	0.0
60	70.0	0.0
70	70.0	0.0
80	71.33333333333333	0.0
90	73.0	0.0
100	74.33333333333333	0.0
110	99.0	0.0
120	94.0	0.0
130	167.66666666666666	0.0
140	206.33333333333334	0.0
150	83.66666666666667	0.0
160	73.33333333333333	0.0
170	318.3333333333333	0.0
180	265.6666666666667	0.0
190	168.66666666666666	0.0
200	334.0	0.0
210	309.6666666666667	0.0
220	323.3333333333333	0.0
230	253.33333333333334	0.0
240	283.0	0.0
250	388.0	0.0
260	439.0	0.0
270	321.6666666666667	0.0
280	600.3333333333334	0.0
290	427.6666666666667	0.0
300	357.6666666666667	0.0
310	325.6666666666667	0.0
320	578.6666666666666	0.0
330	665.8333333333334	0.0
340	1093.3333333333333	0.0
350	1171.6666666666667	0.0
360	1730.6666666666667	0.0
370	1585.6666666666667	0.0
380	1989.3333333333333	0.0
390	2214.3333333333335	0.0
400	2307.8333333333335	0.0
410	2247.6666666666665	0.0
420	2762.3333333333335	0.0
430	2397.1666666666665	0.0
440	2422.3333333333335	0.0
450	2301.5	0.0
460	2486.6666666666665	0.0
470	2103.3333333333335	0.0
480	2301.3333333333335	0.0
490	2355.1666666666665	0.0
500	2105.0	0.0
510	2119.5	0.0
520	2278.6666666666665	0.0
530	2228.8333333333335	0.0
540	2118.8333333333335	0.0
550	2059.6666666666665	0.0
560	1848.6666666666667	0.0
570	2063.0	0.0
580	1948.5	0.0
590	1912.0	0.0
600	1816.1666666666667	0.0
610	1992.6666666666667	0.0
620	2258.0	0.0
630	1666.0	0.0
640	1951.6666666666667	0.0
650	1850.6666666666667	0.0
660	2069.5	0.0
670	2328.3333333333335	0.0
680	2175.6666666666665	0.0
690	2480.6666666666665	0.0
700	2548.8333333333335	0.0
710	2641.0	0.0
720	2489.1666666666665	0.0
730	2300.1666666666665	0.0
740	2504.8333333333335	0.0
750	2132.0	0.0
760	2301.0	0.0
770	2332.0	0.0
780	2532.6666666666665	0.0
790	2463.5	0.0
800	2495.3333333333335	0.0
810	2446.5	0.0
820	2759.8333333333335	0.0
830	2412.3333333333335	0.0
840	2552.5	0.0
850	2003.3333333333333	0.0
860	2481.0	0.0
870	2547.3333333333335	0.0
880	2612.6666666666665	0.0
890	1858.3333333333333	0.0
900	2584.3333333333335	0.0
910	1903.5	0.0
920	2266.0	0.0
930	2459.6666666666665	0.0
940	2212.3333333333335	0.0
950	2463.8333333333335	0.0
960	2867.3333333333335	0.0
970	2427.0	0.0
980	1748.3333333333333	0.0
990	1844.0	0.0
1000	1583.6666666666667	0.0
