0	244.33333333333334	0.0
10	70.0	1000.0
20	70.0	0.0
30	70.0	0.0
40	70.0	0.0
50	70.0	0.0
60	70.0	0.0
70	70.0	0.0
80	70.0	0.0
90	70.0	0.0
100	70.0	0.0
110	70.0	0.0
120	70.0	0.0
130	70.0	0.0
140	70.0	0.0
150	70.0	0.0
160	70.0	0.0
170	70.0	0.0
180	72.0	0.0
190	70.33333333333333	0.0
200	70.0	0.0
210	73.0	0.0
220	74.33333333333333	0.0
230	75.0	0.0
240	85.33333333333333	0.0
250	102.33333333333333	0.0
260	73.33333333333333	0.0
270	111.66666666666667	0.0
280	193.33333333333334	0.0
290	251.33333333333334	0.0
300	138.0	0.0
310	189.0	0.0
320	269.0	0.0
330	286.0	0.0
340	154.66666666666666	0.0
350	138.33333333333334	0.0
360	146.0	0.0
370	147.33333333333334	0.0
380	138.0	0.0
390	146.0	0.0
400	141.66666666666666	0.0
410	193.33333333333334	0.0
420	146.0	0.0
430	204.66666666666666	0.0
440	224.33333333333334	0.0
450	385.0	0.0
460	747.0	0.0
470	863.3333333333334	0.0
480	1023.3333333333334	0.0
490	1399.0	0.0
500	1511.3333333333333	0.0
