0	262.0	0.0
10	70.0	16.0
20	70.0	108.0
30	70.0	9.0
40	70.0	13.0
50	70.0	13.0
60	70.0	118.0
70	70.0	585.0
80	72.66666666666667	89.0
90	1760.6666666666667	49.0
100	70.66666666666667	0.0
110	859.3333333333334	0.0
120	1748.6666666666667	0.0
130	2089.0	0.0
140	1990.6666666666667	0.0
150	2142.6666666666665	0.0
160	2158.6666666666665	0.0
170	2453.5	0.0
180	2242.5	0.0
190	2356.0	0.0
200	2196.3333333333335	0.0
210	2240.0	0.0
220	2094.6666666666665	0.0
230	2450.3333333333335	0.0
240	2495.6666666666665	0.0
250	2408.8333333333335	0.0
260	2485.5	0.0
270	2433.8333333333335	0.0
280	2393.6666666666665	0.0
290	2393.3333333333335	0.0
300	2276.3333333333335	0.0
310	2261.8333333333335	0.0
320	2424.8333333333335	0.0
330	1763.1666666666667	0.0
340	2642.5	0.0
350	1574.0	0.0
360	1614.1666666666667	0.0
370	1618.8333333333333	0.0
380	1839.8333333333333	0.0
390	1099.3333333333333	0.0
400	1168.3333333333333	0.0
410	1865.8333333333333	0.0
420	1715.1666666666667	0.0
430	1548.6666666666667	0.0
440	2100.0	0.0
450	1775.6666666666667	0.0
460	1997.1666666666667	0.0
470	2088.8333333333335	0.0
480	2096.3333333333335	0.0
490	1498.8333333333333	0.0
500	1834.6666666666667	0.0
510	1153.6666666666667	0.0
520	1414.3333333333333	0.0
530	1547.1666666666667	0.0
540	1717.6666666666667	0.0
550	1646.3333333333333	0.0
560	1683.8333333333333	0.0
570	1996.5	0.0
580	1633.6666666666667	0.0
590	1977.0	0.0
600	1667.0	0.0
610	2206.5	0.0
620	1531.3333333333333	0.0
630	2472.5	0.0
640	2095.6666666666665	0.0
650	2273.0	0.0
660	2527.8333333333335	0.0
670	2541.8333333333335	0.0
680	2295.6666666666665	0.0
690	2237.0	0.0
700	2304.0	0.0
710	2424.1666666666665	0.0
720	2543.5	0.0
730	2434.0	0.0
740	2471.6666666666665	0.0
750	2245.3333333333335	0.0
760	2622.1666666666665	0.0
770	1712.3333333333333	0.0
780	2368.8333333333335	0.0
790	2480.3333333333335	0.0
800	2316.0	0.0
810	1913.6666666666667	0.0
820	2410.1666666666665	0.0
830	2681.6666666666665	0.0
840	2274.6666666666665	0.0
850	2246.0	0.0
860	2392.3333333333335	0.0
870	2404.8333333333335	0.0
880	2300.6666666666665	0.0
890	2565.0	0.0
900	2603.6666666666665	0.0
910	2330.1666666666665	0.0
920	2499.0	0.0
930	2242.6666666666665	0.0
940	2290.6666666666665	0.0
950	2569.6666666666665	0.0
960	1999.5	0.0
970	2320.0	0.0
980	2416.5	0.0
990	1982.3333333333333	0.0
1000	1646.8333333333333	0.0
