0	254.66666666666666	0.0
10	70.0	1000.0
20	70.0	0.0
30	70.0	0.0
40	70.0	0.0
50	70.0	0.0
60	70.0	0.0
70	70.0	0.0
80	70.0	0.0
90	70.0	0.0
100	70.0	0.0
110	70.0	0.0
120	70.0	0.0
130	70.0	0.0
140	70.0	0.0
150	70.0	0.0
160	71.66666666666667	0.0
170	71.0	0.0
180	71.66666666666667	0.0
190	71.0	0.0
200	75.66666666666667	0.0
210	156.0	0.0
220	109.66666666666667	0.0
230	123.66666666666667	0.0
240	104.66666666666667	0.0
250	75.33333333333333	0.0
260	108.66666666666667	0.0
270	208.66666666666666	0.0
280	190.33333333333334	0.0
290	448.3333333333333	0.0
300	291.3333333333333	0.0
310	268.3333333333333	0.0
320	184.33333333333334	0.0
330	235.0	0.0
340	255.33333333333334	0.0
350	138.66666666666666	0.0
360	213.33333333333334	0.0
370	246.33333333333334	0.0
380	233.33333333333334	0.0
390	290.6666666666667	0.0
400	663.3333333333334	0.0
410	731.0	0.0
420	778.0	0.0
430	685.0	0.0
440	1087.0	0.0
450	1111.3333333333333	0.0
460	1130.0	0.0
470	1304.3333333333333	0.0
480	1812.0	0.0
490	2041.3333333333333	0.0
500	2084.0	0.0
510	2073.3333333333335	0.0
520	2214.5	0.0
530	2554.6666666666665	0.0
540	2011.3333333333333	0.0
550	1695.3333333333333	0.0
560	1941.3333333333333	0.0
570	2066.6666666666665	0.0
580	2123.3333333333335	0.0
590	2071.0	0.0
600	2187.6666666666665	0.0
610	2225.0	0.0
620	2265.6666666666665	0.0
630	2356.3333333333335	0.0
640	2377.3333333333335	0.0
650	2438.1666666666665	0.0
660	2244.6666666666665	0.0
670	2309.0	0.0
680	2270.1666666666665	0.0
690	2373.1666666666665	0.0
700	2534.6666666666665	0.0
710	2645.0	0.0
720	2467.5	0.0
730	2248.6666666666665	0.0
740	2591.6666666666665	0.0
750	2331.0	0.0
760	2735.5	0.0
770	2746.0	0.0
780	2738.3333333333335	0.0
790	2848.5	0.0
800	2502.8333333333335	0.0
810	2620.3333333333335	0.0
820	2626.3333333333335	0.0
830	2554.6666666666665	0.0
840	2586.5	0.0
850	2418.3333333333335	0.0
860	2591.1666666666665	0.0
870	2724.8333333333335	0.0
880	2433.0	0.0
890	2536.0	0.0
900	2533.6666666666665	0.0
910	2559.6666666666665	0.0
920	2792.3333333333335	0.0
930	2534.6666666666665	0.0
940	2613.1666666666665	0.0
950	2103.3333333333335	0.0
960	2775.0	0.0
970	1974.0	0.0
980	2868.0	0.0
990	2702.0	0.0
1000	2220.1666666666665	0.0
