0	252.0	0.0
10	70.0	0.0
20	70.0	0.0
30	70.0	0.0
40	70.0	0.0
50	70.0	0.0
60	70.0	0.0
70	70.0	0.0
80	70.66666666666667	0.0
90	72.0	0.0
100	83.33333333333333	0.0
110	160.33333333333334	0.0
120	95.33333333333333	0.0
130	126.66666666666667	0.0
140	342.3333333333333	0.0
150	480.0	0.0
160	383.6666666666667	0.0
170	160.0	0.0
180	176.0	0.0
190	135.33333333333334	0.0
200	304.6666666666667	0.0
210	246.0	0.0
220	235.0	0.0
230	375.6666666666667	0.0
240	295.0	0.0
250	416.6666666666667	0.0
260	289.6666666666667	0.0
270	392.3333333333333	0.0
280	343.0	0.0
290	612.6666666666666	0.0
300	603.0	0.0
310	543.6666666666666	0.0
320	580.0	0.0
330	476.3333333333333	0.0
340	841.3333333333334	1.0
350	726.0	0.0
360	965.6666666666666	0.0
370	1022.3333333333334	0.0
380	1272.8333333333333	0.0
390	1870.5	0.0
400	1748.0	0.0
410	1775.5	0.0
420	1587.0	2.0
430	1918.5	0.0
440	1725.6666666666667	3.0
450	2092.6666666666665	0.0
460	2174.1666666666665	0.0
470	2189.0	1.0
480	2402.5	1.0
490	1226.1666666666667	0.0
500	1901.0	0.0
510	1832.5	0.0
520	1690.0	0.0
530	1410.6666666666667	0.0
540	1645.8333333333333	0.0
550	1746.5	1.0
560	2130.3333333333335	0.0
570	1737.0	0.0
580	1993.0	0.0
590	1751.8333333333333	2.0
600	1975.5	2.0
610	2042.3333333333333	0.0
620	2019.5	0.0
630	2092.1666666666665	2.0
640	1857.3333333333333	2.0
650	1709.3333333333333	1.0
660	1779.5	0.0
670	2019.3333333333333	0.0
680	1935.5	2.0
690	2386.1666666666665	1.0
700	2067.0	2.0
710	2304.8333333333335	1.0
720	2268.6666666666665	1.0
730	2385.0	2.0
740	2361.6666666666665	2.0
750	2493.6666666666665	0.0
760	1529.6666666666667	0.0
770	1674.5	0.0
780	1853.0	3.0
790	2557.8333333333335	0.0
800	2329.3333333333335	1.0
810	2334.0	0.0
820	2353.0	2.0
830	2490.6666666666665	0.0
840	2440.0	1.0
850	2870.5	2.0
860	2533.0	1.0
870	2493.3333333333335	1.0
880	2309.6666666666665	0.0
890	2591.0	1.0
900	2635.3333333333335	4.0
910	2364.3333333333335	0.0
920	2378.0	0.0
930	2468.3333333333335	0.0
940	2403.6666666666665	0.0
950	2485.0	1.0
960	2312.5	0.0
970	2374.0	0.0
980	2381.3333333333335	0.0
990	1841.6666666666667	1.0
1000	1915.6666666666667	0.0
