0	260.61111111111114	0.0
10	252.59999999999997	997.5666666666667
20	305.4444444444444	2.433333333333333
30	359.811111111111	0.0
40	537.3555555555555	0.0
50	955.1888888888892	0.0
60	1224.388888888889	0.0
70	1410.0277777777776	0.0
80	1704.5944444444444	0.0
90	1912.911111111111	0.0
100	2084.161111111111	0.0
110	2149.827777777778	0.0
120	2233.977777777778	0.0
130	2240.016666666667	0.0
140	2254.472222222222	0.0
150	2298.327777777778	0.0
160	2312.433333333333	0.0
170	2363.811111111111	0.0
180	2293.3777777777777	0.0
190	2304.6833333333334	0.0
200	2317.3944444444446	0.0
210	2272.2833333333333	0.0
220	2318.8055555555557	0.0
230	2367.5722222222225	0.0
240	2280.055555555555	0.0
250	2251.5777777777776	0.0
260	2267.255555555555	0.0
270	2284.383333333333	0.0
280	2132.9555555555553	0.0
290	2112.6277777777777	0.0
300	2167.838888888889	0.0
310	2120.177777777778	0.0
320	2071.8444444444444	0.0
330	2075.583333333333	0.0
340	2072.066666666666	0.0
350	2000.3333333333335	0.0
360	2021.7222222222226	0.0
370	2067.4777777777776	0.0
380	2061.7722222222224	0.0
390	2017.8499999999997	0.0
400	2105.388888888889	0.0
410	2084.494444444445	0.0
420	2049.7833333333333	0.0
430	1960.4722222222224	0.0
440	2032.6777777777781	0.0
450	2042.1666666666667	0.0
460	2025.6333333333334	0.0
470	2042.0222222222221	0.0
480	2007.8666666666666	0.0
490	2027.2166666666665	0.0
500	2084.8055555555557	0.0
510	2034.1722222222218	0.0
520	2072.055555555555	0.0
530	2138.7444444444445	0.0
540	2138.1222222222223	0.0
550	2210.622222222222	0.0
560	2162.3	0.0
570	2193.711111111111	0.0
580	2269.1055555555554	0.0
590	2181.6611111111115	0.0
600	2310.4888888888886	0.0
610	2209.25	0.0
620	2255.5	0.0
630	2318.222222222222	0.0
640	2266.1444444444437	0.0
650	2282.244444444444	0.0
660	2205.911111111111	0.0
670	2269.9666666666667	0.0
680	2263.9944444444436	0.0
690	2231.494444444444	0.0
700	2278.8166666666666	0.0
710	2199.194444444445	0.0
720	2273.611111111111	0.0
730	2325.2944444444443	0.0
740	2231.9166666666665	0.0
750	2244.188888888889	0.0
760	2239.9333333333334	0.0
770	2237.0333333333333	0.0
780	2229.227777777778	0.0
790	2243.5111111111114	0.0
800	2198.7722222222224	0.0
810	2326.4055555555547	0.0
820	2306.2777777777783	0.0
830	2236.3444444444444	0.0
840	2211.427777777778	0.0
850	2217.9666666666662	0.0
860	2252.8888888888887	0.0
870	2237.511111111111	0.0
880	2356.3555555555554	0.0
890	2244.983333333333	0.0
900	2272.1000000000004	0.0
910	2206.1055555555554	0.0
920	2190.6055555555554	0.0
930	2229.9277777777775	0.0
940	2194.6722222222224	0.0
950	2259.211111111111	0.0
960	2218.677777777777	0.0
970	2146.7444444444445	0.0
980	2165.4555555555553	0.0
990	2281.405555555555	0.0
1000	2191.6	0.0
