0	256.0	0.0
10	84.0	1000.0
20	70.0	0.0
30	70.0	0.0
40	70.0	0.0
50	315.6666666666667	0.0
60	286.3333333333333	0.0
70	1494.6666666666667	0.0
80	2070.6666666666665	0.0
90	2160.6666666666665	0.0
100	2362.0	0.0
110	2303.6666666666665	0.0
120	2113.3333333333335	0.0
130	2088.0	0.0
140	2453.0	0.0
150	2431.0	0.0
160	2219.6666666666665	0.0
170	2527.3333333333335	0.0
180	2516.3333333333335	0.0
190	2559.5	0.0
200	2432.3333333333335	0.0
210	2514.6666666666665	0.0
220	2275.6666666666665	0.0
230	2521.0	0.0
240	2304.0	0.0
250	2356.6666666666665	0.0
260	2260.0	0.0
270	2530.0	0.0
280	2582.0	0.0
290	2249.3333333333335	0.0
300	1837.0	0.0
310	2155.6666666666665	0.0
320	1679.0	0.0
330	1761.1666666666667	0.0
340	1967.6666666666667	0.0
350	2212.0	0.0
360	2214.3333333333335	0.0
370	2383.8333333333335	0.0
380	2405.3333333333335	0.0
390	2525.0	0.0
400	2493.0	0.0
410	2460.3333333333335	0.0
420	2443.3333333333335	0.0
430	2504.3333333333335	0.0
440	2558.0	0.0
450	2563.0	0.0
460	2258.8333333333335	0.0
470	1759.1666666666667	0.0
480	1851.0	0.0
490	1956.0	0.0
500	2402.0	0.0
510	2241.0	0.0
520	1888.3333333333333	0.0
530	2121.5	0.0
540	2162.8333333333335	0.0
550	2048.1666666666665	0.0
560	1912.8333333333333	0.0
570	1909.0	0.0
580	2108.6666666666665	0.0
590	2185.8333333333335	0.0
600	2239.0	0.0
610	1672.8333333333333	0.0
620	1772.3333333333333	0.0
630	1823.3333333333333	0.0
640	2456.5	0.0
650	2471.6666666666665	0.0
660	2459.6666666666665	0.0
670	2146.6666666666665	0.0
680	2599.3333333333335	0.0
690	2390.6666666666665	0.0
700	2165.0	0.0
710	2526.3333333333335	0.0
720	2242.0	0.0
730	2326.3333333333335	0.0
740	2287.3333333333335	0.0
750	2485.0	0.0
760	2657.0	0.0
770	2408.6666666666665	0.0
780	2486.6666666666665	0.0
790	2491.3333333333335	0.0
800	2283.3333333333335	0.0
810	2570.5	0.0
820	2288.3333333333335	0.0
830	2149.6666666666665	0.0
840	2162.0	0.0
850	2296.0	0.0
860	2344.3333333333335	0.0
870	2380.3333333333335	0.0
880	2675.5	0.0
890	2094.6666666666665	0.0
900	2416.5	0.0
910	2407.5	0.0
920	2344.6666666666665	0.0
930	2372.6666666666665	0.0
940	2486.0	0.0
950	2371.0	0.0
960	2491.3333333333335	0.0
970	2639.1666666666665	0.0
980	2499.3333333333335	0.0
990	2073.8333333333335	0.0
1000	1969.8333333333333	0.0
