0	233.66666666666666	0.0
10	521.3333333333334	1000.0
20	1091.6666666666667	0.0
30	154.33333333333334	0.0
40	871.0	0.0
50	124.66666666666667	0.0
60	1958.3333333333333	0.0
70	1460.6666666666667	0.0
80	2239.0	0.0
90	2533.1666666666665	0.0
100	2131.1666666666665	0.0
110	2157.5	0.0
120	2362.0	0.0
130	2210.6666666666665	0.0
140	2489.0	0.0
150	2315.3333333333335	0.0
160	2231.3333333333335	0.0
170	2321.6666666666665	0.0
180	2580.5	0.0
190	2566.1666666666665	0.0
200	2353.3333333333335	0.0
210	2453.8333333333335	0.0
220	1622.0	0.0
230	2489.3333333333335	0.0
240	2444.6666666666665	0.0
250	2413.0	0.0
260	2283.6666666666665	0.0
270	2624.8333333333335	0.0
280	1752.8333333333333	0.0
290	2381.0	0.0
300	2486.3333333333335	0.0
310	2601.6666666666665	0.0
320	2439.6666666666665	0.0
330	2159.3333333333335	0.0
340	2376.1666666666665	0.0
350	2534.0	0.0
360	2663.3333333333335	0.0
370	1797.8333333333333	0.0
380	1876.0	0.0
390	2029.0	0.0
400	1700.0	0.0
410	1970.8333333333333	0.0
420	2108.8333333333335	0.0
430	2116.6666666666665	0.0
440	1838.3333333333333	0.0
450	2235.6666666666665	0.0
460	2149.6666666666665	0.0
470	1580.3333333333333	0.0
480	1911.3333333333333	0.0
490	1626.3333333333333	0.0
500	1452.0	0.0
510	1795.6666666666667	0.0
520	1870.0	0.0
530	1448.3333333333333	0.0
540	1732.0	0.0
550	1841.3333333333333	0.0
560	1876.0	0.0
570	2421.0	0.0
580	2307.8333333333335	0.0
590	2244.0	0.0
600	2449.8333333333335	0.0
610	2295.8333333333335	0.0
620	2463.3333333333335	0.0
630	2381.0	0.0
640	2430.3333333333335	0.0
650	2326.5	0.0
660	2139.0	0.0
670	2363.3333333333335	0.0
680	2459.0	0.0
690	2314.0	0.0
700	2561.5	0.0
710	2354.3333333333335	0.0
720	2506.3333333333335	0.0
730	2243.3333333333335	0.0
740	2375.3333333333335	0.0
750	2452.5	0.0
760	2534.3333333333335	0.0
770	2725.3333333333335	0.0
780	2454.3333333333335	0.0
790	2540.0	0.0
800	2373.6666666666665	0.0
810	2570.0	0.0
820	2280.6666666666665	0.0
830	1609.6666666666667	0.0
840	1936.3333333333333	0.0
850	2367.1666666666665	0.0
860	2335.1666666666665	0.0
870	2488.3333333333335	0.0
880	2490.6666666666665	0.0
890	2406.3333333333335	0.0
900	2361.5	0.0
910	1796.3333333333333	0.0
920	1886.6666666666667	0.0
930	1893.3333333333333	0.0
940	1727.0	0.0
950	2346.0	0.0
960	2124.6666666666665	0.0
970	2110.5	0.0
980	1678.3333333333333	0.0
990	2182.3333333333335	0.0
1000	2045.6666666666667	0.0
