0	262.0	0.0
10	70.0	0.0
20	70.0	0.0
30	70.0	0.0
40	70.0	0.0
50	70.0	0.0
60	70.0	0.0
70	70.0	0.0
80	70.0	0.0
90	70.0	0.0
100	70.0	0.0
110	70.0	0.0
120	70.0	0.0
130	70.0	0.0
140	70.0	0.0
150	70.0	0.0
160	70.0	0.0
170	70.0	0.0
180	70.66666666666667	0.0
190	80.33333333333333	0.0
200	70.0	0.0
210	71.66666666666667	0.0
220	77.33333333333333	0.0
230	168.66666666666666	0.0
240	190.66666666666666	0.0
250	144.33333333333334	0.0
260	143.66666666666666	0.0
270	146.0	0.0
280	177.66666666666666	0.0
290	138.0	0.0
300	130.0	0.0
310	130.0	0.0
320	171.0	0.0
330	138.0	0.0
340	154.66666666666666	0.0
350	130.0	0.0
360	154.33333333333334	0.0
370	234.66666666666666	0.0
380	228.33333333333334	0.0
390	132.0	0.0
400	139.0	0.0
410	210.0	0.0
420	146.0	0.0
430	286.0	0.0
440	195.0	0.0
450	226.33333333333334	0.0
460	267.0	0.0
470	260.3333333333333	0.0
480	337.6666666666667	0.0
490	368.0	0.0
500	792.6666666666666	0.0
510	712.0	0.0
520	673.0	0.0
530	967.6666666666666	0.0
540	1013.6666666666666	0.0
550	1328.0	0.0
560	1304.6666666666667	0.0
570	1313.3333333333333	0.0
580	1834.6666666666667	0.0
590	1868.3333333333333	0.0
600	2151.5	0.0
610	1727.5	0.0
620	2351.0	0.0
630	2430.0	0.0
640	2079.3333333333335	0.0
650	2170.6666666666665	0.0
660	1746.0	0.0
670	1770.1666666666667	0.0
680	2033.0	0.0
690	2254.8333333333335	0.0
700	2298.6666666666665	0.0
710	2144.0	0.0
720	2345.6666666666665	0.0
730	2207.3333333333335	0.0
740	2216.3333333333335	0.0
750	2486.3333333333335	0.0
760	2583.3333333333335	0.0
770	2760.0	0.0
780	2229.0	0.0
790	2506.1666666666665	0.0
800	2519.6666666666665	0.0
