0	279.3333333333333	0.0
10	70.0	0.0
20	70.0	0.0
30	70.0	0.0
40	70.0	0.0
50	70.0	0.0
60	70.0	0.0
70	70.0	0.0
80	70.0	0.0
90	70.0	0.0
100	70.0	0.0
110	70.0	0.0
120	70.0	0.0
130	70.0	0.0
140	70.0	0.0
150	70.0	0.0
160	70.0	0.0
170	70.0	0.0
180	70.0	0.0
190	70.33333333333333	0.0
200	70.0	0.0
210	77.33333333333333	0.0
220	71.66666666666667	0.0
230	72.66666666666667	0.0
240	79.66666666666667	0.0
250	70.66666666666667	0.0
260	110.0	0.0
270	215.0	0.0
280	305.0	0.0
290	379.3333333333333	0.0
300	155.66666666666666	0.0
310	206.66666666666666	0.0
320	257.6666666666667	0.0
330	147.33333333333334	0.0
340	203.66666666666666	0.0
350	220.0	0.0
360	138.0	0.0
370	171.33333333333334	0.0
380	228.33333333333334	0.0
390	234.66666666666666	0.0
400	276.6666666666667	0.0
410	222.66666666666666	0.0
420	162.0	0.0
430	242.66666666666666	0.0
440	146.0	0.0
450	244.0	0.0
460	193.0	0.0
470	236.0	0.0
480	231.0	0.0
490	247.33333333333334	0.0
500	265.3333333333333	0.0
510	301.3333333333333	0.0
520	287.3333333333333	0.0
530	330.6666666666667	0.0
540	322.6666666666667	0.0
550	220.66666666666666	0.0
560	288.0	0.0
570	409.0	0.0
580	332.3333333333333	0.0
590	277.0	0.0
600	466.6666666666667	0.0
610	631.3333333333334	0.0
620	392.0	0.0
630	669.0	0.0
640	818.6666666666666	0.0
650	964.0	0.0
660	619.0	0.0
670	531.0	0.0
680	666.3333333333334	0.0
690	1054.1666666666667	0.0
700	1015.6666666666666	0.0
710	1224.6666666666667	0.0
720	2264.0	0.0
730	1997.3333333333333	0.0
740	2183.1666666666665	0.0
750	2176.0	0.0
760	1659.3333333333333	0.0
770	1245.6666666666667	0.0
780	1065.3333333333333	0.0
790	1295.6666666666667	0.0
800	1661.5	0.0
