0	268.3333333333333	0.0
10	70.0	0.0
20	70.0	0.0
30	70.0	0.0
40	70.0	0.0
50	70.0	0.0
60	70.0	0.0
70	70.0	0.0
80	70.0	0.0
90	70.0	0.0
100	70.0	0.0
110	70.0	0.0
120	70.0	0.0
130	70.0	0.0
140	70.0	0.0
150	70.0	0.0
160	70.0	0.0
170	70.0	0.0
180	70.33333333333333	0.0
190	70.66666666666667	0.0
200	70.66666666666667	0.0
210	71.33333333333333	0.0
220	76.33333333333333	0.0
230	74.0	0.0
240	94.33333333333333	0.0
250	195.33333333333334	0.0
260	152.33333333333334	0.0
270	285.3333333333333	0.0
280	166.0	0.0
290	180.33333333333334	0.0
300	163.0	0.0
310	130.0	0.0
320	130.0	0.0
330	130.0	0.0
340	130.0	0.0
350	146.0	0.0
360	266.3333333333333	0.0
370	287.3333333333333	0.0
380	210.0	0.0
390	226.66666666666666	0.0
400	175.66666666666666	0.0
410	239.0	0.0
420	138.66666666666666	0.0
430	459.3333333333333	0.0
440	679.6666666666666	0.0
450	665.3333333333334	0.0
460	736.0	0.0
470	1024.0	0.0
480	1457.3333333333333	0.0
490	1213.3333333333333	0.0
500	1488.0	0.0
510	1741.3333333333333	0.0
520	1480.6666666666667	0.0
530	1769.3333333333333	0.0
540	1855.6666666666667	0.0
550	1460.6666666666667	0.0
560	1532.0	0.0
570	2040.6666666666667	0.0
580	2248.1666666666665	0.0
590	2145.0	0.0
600	2081.8333333333335	0.0
610	2355.6666666666665	0.0
620	2109.0	0.0
630	2392.5	0.0
640	2304.6666666666665	0.0
650	2126.0	0.0
660	2380.6666666666665	0.0
670	2369.0	0.0
680	2381.6666666666665	0.0
690	2537.8333333333335	0.0
700	2068.3333333333335	0.0
710	2484.1666666666665	0.0
720	2414.0	0.0
730	2567.3333333333335	0.0
740	2671.1666666666665	0.0
750	2714.1666666666665	0.0
760	2295.1666666666665	0.0
770	2572.6666666666665	0.0
780	2628.0	0.0
790	2361.3333333333335	0.0
800	2589.6666666666665	0.0
