0	255.33333333333334	0.0
10	70.0	0.0
20	70.0	0.0
30	70.0	0.0
40	70.0	0.0
50	70.0	0.0
60	70.0	0.0
70	70.0	0.0
80	70.66666666666667	0.0
90	76.33333333333333	0.0
100	83.66666666666667	0.0
110	114.66666666666667	0.0
120	124.66666666666667	0.0
130	136.0	0.0
140	278.0	0.0
150	170.0	0.0
160	218.66666666666666	0.0
170	256.6666666666667	0.0
180	274.3333333333333	0.0
190	337.0	0.0
200	269.6666666666667	0.0
210	366.3333333333333	0.0
220	286.0	0.0
230	178.33333333333334	0.0
240	363.6666666666667	0.0
250	341.3333333333333	0.0
260	387.0	0.0
270	408.0	0.0
280	484.6666666666667	0.0
290	432.3333333333333	0.0
300	476.6666666666667	0.0
310	566.6666666666666	0.0
320	664.6666666666666	0.0
330	719.0	0.0
340	775.3333333333334	0.0
350	600.3333333333334	0.0
360	1146.8333333333333	0.0
370	897.6666666666666	0.0
380	1451.6666666666667	0.0
390	1491.8333333333333	0.0
400	1636.1666666666667	0.0
410	2116.8333333333335	0.0
420	1691.0	0.0
430	1648.8333333333333	0.0
440	2063.6666666666665	0.0
450	2465.6666666666665	0.0
460	2354.3333333333335	0.0
470	2705.8333333333335	0.0
480	1952.1666666666667	0.0
490	2532.8333333333335	0.0
500	2002.3333333333333	0.0
510	2465.0	0.0
520	2074.1666666666665	0.0
530	1745.6666666666667	0.0
540	2382.8333333333335	0.0
550	2448.0	0.0
560	1982.6666666666667	0.0
570	1996.6666666666667	0.0
580	2250.0	0.0
590	1957.6666666666667	0.0
600	2005.6666666666667	0.0
