0	242.66666666666666	0.0
10	70.0	0.0
20	70.0	0.0
30	70.0	0.0
40	70.0	0.0
50	70.0	0.0
60	70.0	0.0
70	70.0	0.0
80	79.0	0.0
90	70.33333333333333	0.0
100	72.33333333333333	0.0
110	94.66666666666667	0.0
120	168.66666666666666	0.0
130	92.0	0.0
140	484.5	0.0
150	340.3333333333333	0.0
160	603.0	0.0
170	382.0	0.0
180	403.6666666666667	0.0
190	85.33333333333333	0.0
200	199.33333333333334	0.0
210	298.3333333333333	0.0
220	331.6666666666667	0.0
230	441.3333333333333	0.0
240	395.6666666666667	0.0
250	517.6666666666666	0.0
260	573.3333333333334	0.0
270	617.3333333333334	0.0
280	495.6666666666667	0.0
290	713.6666666666666	0.0
300	738.0	0.0
310	802.0	0.0
320	849.6666666666666	0.0
330	600.3333333333334	0.0
340	1433.3333333333333	0.0
350	1334.6666666666667	0.0
360	1125.3333333333333	0.0
370	1148.3333333333333	0.0
380	1555.6666666666667	0.0
390	1004.8333333333334	0.0
400	1131.8333333333333	0.0
410	1665.6666666666667	0.0
420	895.3333333333334	0.0
430	2145.3333333333335	0.0
440	1951.0	0.0
450	1962.1666666666667	0.0
460	1580.6666666666667	0.0
470	1609.3333333333333	0.0
480	1420.6666666666667	0.0
490	1845.8333333333333	0.0
500	1585.3333333333333	0.0
510	1299.3333333333333	0.0
520	1763.8333333333333	0.0
530	1800.5	0.0
540	1590.6666666666667	0.0
550	1649.6666666666667	0.0
560	1653.8333333333333	0.0
570	1668.5	0.0
580	1523.3333333333333	0.0
590	1928.1666666666667	0.0
600	1711.0	0.0
610	1850.3333333333333	0.0
620	1950.3333333333333	0.0
630	1680.5	0.0
640	1960.6666666666667	0.0
650	1831.6666666666667	0.0
660	1588.6666666666667	0.0
670	1758.3333333333333	0.0
680	2064.6666666666665	0.0
690	1890.6666666666667	0.0
700	1917.6666666666667	0.0
710	1546.3333333333333	0.0
720	1387.3333333333333	0.0
730	1847.1666666666667	0.0
740	1932.3333333333333	0.0
750	1867.0	0.0
760	1830.1666666666667	0.0
770	2601.3333333333335	0.0
780	2561.3333333333335	0.0
790	2470.5	0.0
800	2534.5	0.0
810	2584.1666666666665	0.0
820	2420.6666666666665	0.0
830	2600.3333333333335	0.0
840	1619.0	0.0
850	1892.5	0.0
860	1933.3333333333333	0.0
870	2372.3333333333335	0.0
880	1808.6666666666667	0.0
890	1667.6666666666667	0.0
900	1970.5	0.0
910	2271.0	0.0
920	2563.8333333333335	0.0
930	2429.1666666666665	0.0
940	2589.8333333333335	0.0
950	1808.0	0.0
960	1726.6666666666667	0.0
970	1754.3333333333333	0.0
980	2472.6666666666665	0.0
990	2497.1666666666665	0.0
1000	2636.3333333333335	0.0
