0	273.3333333333333	0.0
10	70.0	0.0
20	70.0	0.0
30	70.0	0.0
40	70.0	0.0
50	70.0	0.0
60	70.0	0.0
70	70.0	0.0
80	72.66666666666667	0.0
90	72.0	0.0
100	82.0	0.0
110	194.33333333333334	0.0
120	77.0	0.0
130	355.0	0.0
140	72.0	0.0
150	150.33333333333334	0.0
160	204.0	0.0
170	321.6666666666667	0.0
180	448.6666666666667	0.0
190	205.33333333333334	0.0
200	263.6666666666667	0.0
210	313.0	0.0
220	320.0	0.0
230	476.6666666666667	0.0
240	346.3333333333333	0.0
250	350.3333333333333	0.0
260	335.3333333333333	0.0
270	483.3333333333333	0.0
280	626.6666666666666	0.0
290	614.3333333333334	0.0
300	642.3333333333334	0.0
310	1106.0	0.0
320	1056.6666666666667	0.0
330	573.0	0.0
340	1529.6666666666667	0.0
350	2484.3333333333335	0.0
360	2437.6666666666665	0.0
370	2652.5	0.0
380	1969.8333333333333	0.0
390	2556.8333333333335	0.0
400	2253.0	0.0
410	2483.8333333333335	0.0
420	2117.5	0.0
430	2430.3333333333335	0.0
440	2512.1666666666665	0.0
450	2218.0	0.0
460	2366.6666666666665	0.0
470	2394.6666666666665	0.0
480	2347.3333333333335	0.0
490	2338.0	0.0
500	1770.8333333333333	0.0
510	2428.0	0.0
520	2185.3333333333335	0.0
530	2367.6666666666665	0.0
540	2513.6666666666665	0.0
550	1803.3333333333333	0.0
560	1816.5	0.0
570	1780.6666666666667	0.0
580	1975.0	0.0
590	2442.6666666666665	0.0
600	2322.0	0.0
610	1662.6666666666667	0.0
620	2042.3333333333333	0.0
630	1807.1666666666667	0.0
640	1938.3333333333333	0.0
650	2185.8333333333335	0.0
660	2163.3333333333335	0.0
670	2624.6666666666665	0.0
680	2107.1666666666665	0.0
690	1832.3333333333333	0.0
700	2641.8333333333335	0.0
710	2430.6666666666665	0.0
720	2148.3333333333335	0.0
730	2514.6666666666665	0.0
740	2381.8333333333335	0.0
750	1987.0	0.0
760	2183.0	0.0
770	1945.0	0.0
780	1835.3333333333333	0.0
790	2346.6666666666665	0.0
800	2032.5	0.0
810	2512.1666666666665	0.0
820	2562.8333333333335	0.0
830	2426.5	0.0
840	2118.0	0.0
850	2344.6666666666665	0.0
860	2243.0	0.0
870	1829.0	0.0
880	2441.3333333333335	0.0
890	2390.3333333333335	0.0
900	2032.5	0.0
910	2097.6666666666665	0.0
920	1886.6666666666667	0.0
930	2436.6666666666665	0.0
940	2337.0	0.0
950	2428.6666666666665	0.0
960	2557.0	0.0
970	2538.6666666666665	0.0
980	2420.0	0.0
990	1823.3333333333333	0.0
1000	2040.5	0.0
