0	224.0	0.0
10	70.0	0.0
20	70.0	0.0
30	70.0	0.0
40	70.0	0.0
50	70.0	0.0
60	70.0	0.0
70	70.0	0.0
80	70.0	0.0
90	70.0	0.0
100	70.0	0.0
110	70.0	0.0
120	70.0	0.0
130	70.0	0.0
140	70.0	0.0
150	70.0	0.0
160	70.0	0.0
170	70.0	0.0
180	72.0	0.0
190	71.33333333333333	0.0
200	72.0	0.0
210	72.66666666666667	0.0
220	71.66666666666667	0.0
230	72.66666666666667	0.0
240	73.33333333333333	0.0
250	119.33333333333333	0.0
260	109.66666666666667	0.0
270	158.0	0.0
280	217.33333333333334	0.0
290	253.0	0.0
300	168.66666666666666	0.0
310	146.66666666666666	0.0
320	130.66666666666666	0.0
330	151.33333333333334	0.0
340	160.0	0.0
350	155.33333333333334	0.0
360	196.66666666666666	0.0
370	162.0	0.0
380	154.33333333333334	0.0
390	138.0	0.0
400	167.33333333333334	0.0
410	217.66666666666666	0.0
420	213.0	0.0
430	307.6666666666667	0.0
440	651.3333333333334	0.0
450	1078.0	0.0
460	906.6666666666666	0.0
470	1133.3333333333333	0.0
480	833.0	0.0
490	1044.3333333333333	0.0
500	1072.3333333333333	0.0
510	1411.5	0.0
520	1334.0	0.0
530	1236.3333333333333	0.0
540	1646.3333333333333	0.0
550	2216.3333333333335	0.0
560	2160.0	0.0
570	2341.6666666666665	0.0
580	2023.6666666666667	0.0
590	1843.0	0.0
600	2145.3333333333335	0.0
610	2376.0	0.0
620	2152.3333333333335	0.0
630	2124.3333333333335	0.0
640	2208.5	0.0
650	2338.6666666666665	0.0
660	2147.6666666666665	0.0
670	2362.5	0.0
680	2269.1666666666665	0.0
690	2556.8333333333335	0.0
700	2330.1666666666665	0.0
710	2460.6666666666665	0.0
720	2512.0	0.0
730	2552.8333333333335	0.0
740	2564.1666666666665	0.0
750	2599.8333333333335	0.0
760	2822.8333333333335	0.0
770	2569.8333333333335	0.0
780	2456.6666666666665	0.0
790	2547.8333333333335	0.0
800	2870.5	0.0
