0	267.3333333333333	0.0
10	70.0	0.0
20	70.0	0.0
30	70.0	0.0
40	70.0	0.0
50	70.0	0.0
60	70.0	0.0
70	70.0	0.0
80	70.0	0.0
90	70.0	0.0
100	70.0	0.0
110	70.0	0.0
120	70.0	0.0
130	70.0	0.0
140	70.0	0.0
150	70.0	0.0
160	70.0	0.0
170	70.0	0.0
180	70.0	0.0
190	70.33333333333333	0.0
200	71.66666666666667	0.0
210	72.66666666666667	0.0
220	72.33333333333333	0.0
230	70.66666666666667	0.0
240	141.66666666666666	0.0
250	164.66666666666666	0.0
260	137.33333333333334	0.0
270	117.33333333333333	0.0
280	170.33333333333334	0.0
290	171.66666666666666	0.0
300	155.33333333333334	0.0
310	130.0	0.0
320	130.0	0.0
330	162.66666666666666	0.0
340	146.33333333333334	0.0
350	130.0	0.0
360	194.33333333333334	0.0
370	138.0	0.0
380	237.66666666666666	0.0
390	138.0	0.0
400	261.0	0.0
410	237.0	0.0
420	328.0	0.0
430	218.33333333333334	0.0
440	786.3333333333334	0.0
450	587.0	0.0
460	1031.3333333333333	0.0
470	744.3333333333334	0.0
480	1104.8333333333333	0.0
490	1514.8333333333333	0.0
500	1656.0	0.0
510	1305.6666666666667	0.0
520	1706.6666666666667	0.0
530	2023.1666666666667	0.0
540	2325.6666666666665	0.0
550	2097.0	0.0
560	2236.0	0.0
570	2191.3333333333335	0.0
580	2070.6666666666665	0.0
590	2167.0	0.0
600	2209.5	0.0
610	2142.0	0.0
620	2136.6666666666665	0.0
630	2497.8333333333335	0.0
640	2316.3333333333335	0.0
650	2075.3333333333335	0.0
660	2028.6666666666667	0.0
670	2427.3333333333335	0.0
680	2322.3333333333335	0.0
690	2135.6666666666665	0.0
700	2311.0	0.0
710	2415.1666666666665	0.0
720	2273.0	0.0
730	2363.3333333333335	0.0
740	2401.3333333333335	0.0
750	2477.3333333333335	0.0
760	2600.0	0.0
770	2402.3333333333335	0.0
780	2559.6666666666665	0.0
790	2409.3333333333335	0.0
800	2676.0	0.0
