0	243.33333333333334	0.0
10	70.0	0.0
20	70.0	0.0
30	70.0	0.0
40	70.0	0.0
50	70.0	0.0
60	70.0	0.0
70	70.0	0.0
80	70.0	0.0
90	70.0	0.0
100	70.0	0.0
110	70.0	0.0
120	70.0	0.0
130	70.0	0.0
140	70.0	0.0
150	70.0	0.0
160	70.0	0.0
170	70.0	0.0
180	71.33333333333333	0.0
190	70.0	0.0
200	76.33333333333333	0.0
210	74.33333333333333	0.0
220	84.33333333333333	0.0
230	77.33333333333333	0.0
240	71.66666666666667	0.0
250	70.0	0.0
260	126.0	0.0
270	307.0	0.0
280	284.6666666666667	0.0
290	183.0	0.0
300	187.0	0.0
310	258.3333333333333	0.0
320	138.0	0.0
330	147.0	0.0
340	171.0	0.0
350	146.0	0.0
360	154.0	0.0
370	130.0	0.0
380	173.0	0.0
390	148.33333333333334	0.0
400	130.0	0.0
410	190.33333333333334	0.0
420	502.6666666666667	0.0
430	713.6666666666666	0.0
440	651.6666666666666	0.0
450	739.3333333333334	0.0
460	1064.0	0.0
470	882.0	0.0
480	1001.6666666666666	0.0
490	1166.6666666666667	0.0
500	1315.3333333333333	0.0
510	1275.0	0.0
520	1323.6666666666667	0.0
530	1737.6666666666667	0.0
540	2094.0	0.0
550	1902.3333333333333	0.0
560	2175.6666666666665	0.0
570	1940.6666666666667	0.0
580	2396.0	0.0
590	2091.3333333333335	0.0
600	1638.6666666666667	0.0
610	2197.5	0.0
620	1669.6666666666667	0.0
630	2135.6666666666665	0.0
640	2156.6666666666665	0.0
650	2252.6666666666665	0.0
660	2229.6666666666665	0.0
670	2364.5	0.0
680	2442.0	0.0
690	2447.5	0.0
700	2467.0	0.0
710	2520.0	0.0
720	2810.5	0.0
730	2542.5	0.0
740	2675.0	0.0
750	2682.5	0.0
760	2493.8333333333335	0.0
770	2349.5	0.0
780	2824.5	0.0
790	2635.6666666666665	0.0
800	2661.1666666666665	0.0
