0	230.66666666666666	0.0
10	70.0	0.0
20	70.0	0.0
30	70.0	0.0
40	70.0	0.0
50	70.0	0.0
60	70.0	0.0
70	70.0	0.0
80	70.0	0.0
90	70.0	0.0
100	70.0	0.0
110	70.0	0.0
120	70.0	0.0
130	70.0	0.0
140	70.0	0.0
150	70.0	0.0
160	70.0	0.0
170	70.0	0.0
180	70.33333333333333	0.0
190	71.0	0.0
200	71.66666666666667	0.0
210	76.0	0.0
220	75.0	0.0
230	72.0	0.0
240	140.0	0.0
250	191.66666666666666	0.0
260	195.33333333333334	0.0
270	211.0	0.0
280	208.33333333333334	0.0
290	161.33333333333334	0.0
300	155.0	0.0
310	147.33333333333334	0.0
320	146.66666666666666	0.0
330	140.33333333333334	0.0
340	146.0	0.0
350	138.0	0.0
360	146.0	0.0
370	171.0	0.0
380	147.33333333333334	0.0
390	172.66666666666666	0.0
400	153.0	0.0
410	280.0	0.0
420	269.3333333333333	0.0
430	250.66666666666666	0.0
440	364.6666666666667	0.0
450	391.3333333333333	0.0
460	525.0	0.0
470	585.0	0.0
480	686.6666666666666	0.0
490	866.0	0.0
500	1054.6666666666667	0.0
510	776.6666666666666	0.0
520	969.6666666666666	0.0
530	890.0	0.0
540	1608.3333333333333	0.0
550	2225.6666666666665	0.0
560	1679.3333333333333	0.0
570	2128.6666666666665	0.0
580	2022.3333333333333	0.0
590	2214.3333333333335	0.0
600	2206.1666666666665	0.0
610	1849.6666666666667	0.0
620	2128.3333333333335	0.0
630	2158.5	0.0
640	2132.6666666666665	0.0
650	2187.6666666666665	0.0
660	2194.1666666666665	0.0
670	2611.8333333333335	0.0
680	2438.0	0.0
690	2598.1666666666665	0.0
700	2472.6666666666665	0.0
710	2381.6666666666665	0.0
720	2336.6666666666665	0.0
730	2453.6666666666665	0.0
740	2323.6666666666665	0.0
750	2411.6666666666665	0.0
760	2599.8333333333335	0.0
770	2398.3333333333335	0.0
780	2459.0	0.0
790	2279.6666666666665	0.0
800	2660.5	0.0
