0	268.0	0.0
10	70.0	0.0
20	70.0	0.0
30	70.0	0.0
40	70.0	0.0
50	70.0	0.0
60	70.0	0.0
70	70.0	0.0
80	70.0	0.0
90	70.0	0.0
100	70.0	0.0
110	70.0	0.0
120	70.0	0.0
130	70.0	0.0
140	70.0	0.0
150	70.0	0.0
160	70.0	0.0
170	70.0	0.0
180	70.0	0.0
190	71.66666666666667	0.0
200	70.66666666666667	0.0
210	73.33333333333333	0.0
220	72.33333333333333	0.0
230	78.33333333333333	0.0
240	104.33333333333333	0.0
250	70.0	0.0
260	117.66666666666667	0.0
270	162.33333333333334	0.0
280	255.66666666666666	0.0
290	270.0	0.0
300	160.0	0.0
310	188.33333333333334	0.0
320	137.66666666666666	0.0
330	138.33333333333334	0.0
340	150.0	0.0
350	194.33333333333334	0.0
360	141.33333333333334	0.0
370	177.33333333333334	0.0
380	218.66666666666666	0.0
390	188.0	0.0
400	147.0	0.0
410	161.66666666666666	0.0
420	200.33333333333334	0.0
430	230.33333333333334	0.0
440	306.3333333333333	0.0
450	285.6666666666667	0.0
460	377.3333333333333	0.0
470	308.6666666666667	0.0
480	356.3333333333333	0.0
490	256.6666666666667	0.0
500	410.3333333333333	0.0
510	260.3333333333333	0.0
520	477.3333333333333	0.0
530	453.6666666666667	0.0
540	460.6666666666667	0.0
550	469.3333333333333	0.0
560	559.6666666666666	0.0
570	503.3333333333333	0.0
580	564.3333333333334	0.0
590	570.0	0.0
600	504.0	0.0
610	585.0	0.0
620	512.0	0.0
630	743.3333333333334	0.0
640	734.6666666666666	0.0
650	802.6666666666666	0.0
660	1277.6666666666667	0.0
670	1392.8333333333333	0.0
680	2058.5	0.0
690	1984.3333333333333	0.0
700	1856.3333333333333	0.0
710	2095.3333333333335	0.0
720	2626.1666666666665	0.0
730	2683.8333333333335	0.0
740	2356.6666666666665	0.0
750	2183.3333333333335	0.0
760	2508.1666666666665	0.0
770	2047.3333333333333	0.0
780	2506.5	0.0
790	2089.3333333333335	0.0
800	2456.3333333333335	0.0
