0	274.6666666666667	0.0
10	92.66666666666667	1000.0
20	70.0	0.0
30	70.0	0.0
40	70.66666666666667	0.0
50	112.66666666666667	0.0
60	871.3333333333334	0.0
70	1389.3333333333333	0.0
80	1764.0	0.0
90	1978.0	0.0
100	2084.6666666666665	0.0
110	1999.3333333333333	0.0
120	2093.3333333333335	0.0
130	2180.0	0.0
140	2255.0	0.0
150	2266.5	0.0
160	2333.3333333333335	0.0
170	2151.0	0.0
180	2106.3333333333335	0.0
190	2180.6666666666665	0.0
200	2398.3333333333335	0.0
210	2462.6666666666665	0.0
220	2173.5	0.0
230	2024.6666666666667	0.0
240	2057.0	0.0
250	2367.3333333333335	0.0
260	2377.0	0.0
270	2069.6666666666665	0.0
280	2679.3333333333335	0.0
290	2419.3333333333335	0.0
300	1920.6666666666667	0.0
310	2593.8333333333335	0.0
320	1835.6666666666667	0.0
330	2346.3333333333335	0.0
340	1844.6666666666667	0.0
350	2345.6666666666665	0.0
360	2207.1666666666665	0.0
370	1889.6666666666667	0.0
380	1756.8333333333333	0.0
390	2099.6666666666665	0.0
400	1645.8333333333333	0.0
410	2184.0	0.0
420	2417.3333333333335	0.0
430	2209.6666666666665	0.0
440	2333.6666666666665	0.0
450	1877.8333333333333	0.0
460	1655.6666666666667	0.0
470	2281.8333333333335	0.0
480	1956.5	0.0
490	2071.3333333333335	0.0
500	1667.6666666666667	0.0
510	2113.0	0.0
520	2173.0	0.0
530	2043.3333333333333	0.0
540	2564.3333333333335	0.0
550	1915.0	0.0
560	1544.3333333333333	0.0
570	1593.6666666666667	0.0
580	2270.5	0.0
590	2186.6666666666665	0.0
600	2196.1666666666665	0.0
