0	241.33333333333334	0.0
10	168.66666666666666	1000.0
20	100.66666666666667	0.0
30	70.0	0.0
40	72.66666666666667	0.0
50	510.0	0.0
60	1822.0	0.0
70	1870.3333333333333	0.0
80	1937.3333333333333	0.0
90	2159.6666666666665	0.0
100	2207.3333333333335	0.0
110	2173.1666666666665	0.0
120	2389.3333333333335	0.0
130	2161.0	0.0
140	2415.3333333333335	0.0
150	2223.0	0.0
160	2373.0	0.0
170	2331.3333333333335	0.0
180	2254.6666666666665	0.0
190	2497.6666666666665	0.0
200	2288.8333333333335	0.0
210	2292.6666666666665	0.0
220	2378.5	0.0
230	1689.5	0.0
240	1706.8333333333333	0.0
250	2393.3333333333335	0.0
260	2432.6666666666665	0.0
270	1765.3333333333333	0.0
280	1768.6666666666667	0.0
290	1827.0	0.0
300	1857.3333333333333	0.0
310	2018.8333333333333	0.0
320	2206.8333333333335	0.0
330	2343.0	0.0
340	1839.6666666666667	0.0
350	2180.3333333333335	0.0
360	2354.5	0.0
370	2332.5	0.0
380	2180.3333333333335	0.0
390	2246.6666666666665	0.0
400	2302.6666666666665	0.0
410	2279.1666666666665	0.0
420	2011.1666666666667	0.0
430	2425.5	0.0
440	1583.1666666666667	0.0
450	2228.6666666666665	0.0
460	2060.0	0.0
470	2383.0	0.0
480	2193.3333333333335	0.0
490	2583.3333333333335	0.0
500	2700.1666666666665	0.0
510	2304.6666666666665	0.0
520	2549.3333333333335	0.0
530	2294.0	0.0
540	2618.0	0.0
550	2410.0	0.0
560	1603.5	0.0
570	2198.3333333333335	0.0
580	2566.8333333333335	0.0
590	2013.0	0.0
600	1872.0	0.0
