0	249.33333333333334	0.0
10	100.0	1000.0
20	139.33333333333334	0.0
30	74.0	0.0
40	276.0	0.0
50	1250.8333333333333	0.0
60	1332.3333333333333	0.0
70	1780.6666666666667	0.0
80	2396.6666666666665	0.0
90	2176.0	0.0
100	1945.3333333333333	0.0
110	2051.3333333333335	0.0
120	2182.6666666666665	0.0
130	2255.0	0.0
140	2003.3333333333333	0.0
150	2327.3333333333335	0.0
160	2370.6666666666665	0.0
170	2432.0	0.0
180	2044.3333333333333	0.0
190	2206.3333333333335	0.0
200	2374.6666666666665	0.0
210	2353.8333333333335	0.0
220	2233.0	0.0
230	2477.1666666666665	0.0
240	2367.0	0.0
250	2384.3333333333335	0.0
260	2395.5	0.0
270	2413.6666666666665	0.0
280	2247.0	0.0
290	2498.8333333333335	0.0
300	1620.6666666666667	0.0
310	1569.3333333333333	0.0
320	1488.0	0.0
330	2002.3333333333333	0.0
340	1712.3333333333333	0.0
350	1695.6666666666667	0.0
360	1671.8333333333333	0.0
370	1709.3333333333333	0.0
380	1749.6666666666667	0.0
390	1931.5	0.0
400	2139.0	0.0
410	1930.0	0.0
420	1863.1666666666667	0.0
430	2044.6666666666667	0.0
440	1892.6666666666667	0.0
450	2053.1666666666665	0.0
460	1996.8333333333333	0.0
470	2058.3333333333335	0.0
480	2333.5	0.0
490	1967.3333333333333	0.0
500	2041.1666666666667	0.0
510	2166.3333333333335	0.0
520	1962.3333333333333	0.0
530	2435.0	0.0
540	1993.8333333333333	0.0
550	1690.3333333333333	0.0
560	2146.6666666666665	0.0
570	2555.1666666666665	0.0
580	2469.0	0.0
590	2440.6666666666665	0.0
600	1931.0	0.0
