0	249.66666666666666	0.0
10	133.0	1000.0
20	944.6666666666666	0.0
30	380.3333333333333	0.0
40	376.6666666666667	0.0
50	1070.6666666666667	0.0
60	1224.0	0.0
70	2005.0	0.0
80	2077.3333333333335	0.0
90	2026.6666666666667	0.0
100	2332.6666666666665	0.0
110	1958.3333333333333	0.0
120	2172.5	0.0
130	2280.6666666666665	0.0
140	2297.3333333333335	0.0
150	2327.6666666666665	0.0
160	2306.0	0.0
170	2058.3333333333335	0.0
180	1864.3333333333333	0.0
190	2258.8333333333335	0.0
200	2061.3333333333335	0.0
210	1959.3333333333333	0.0
220	2232.3333333333335	0.0
230	2078.0	0.0
240	2002.6666666666667	0.0
250	2523.6666666666665	0.0
260	1874.0	0.0
270	2543.0	0.0
280	2361.0	0.0
290	1898.1666666666667	0.0
300	1792.5	0.0
310	1813.0	0.0
320	2206.3333333333335	0.0
330	2161.3333333333335	0.0
340	1975.3333333333333	0.0
350	2026.6666666666667	0.0
360	1806.5	0.0
370	2442.1666666666665	0.0
380	2211.6666666666665	0.0
390	2219.6666666666665	0.0
400	2634.3333333333335	0.0
410	2026.6666666666667	0.0
420	2360.6666666666665	0.0
430	2378.5	0.0
440	2693.8333333333335	0.0
450	2352.3333333333335	0.0
460	2329.0	0.0
470	2268.0	0.0
480	2504.8333333333335	0.0
490	2555.0	0.0
500	2273.3333333333335	0.0
510	2477.1666666666665	0.0
520	2179.6666666666665	0.0
530	1986.0	0.0
540	2277.5	0.0
550	2164.3333333333335	0.0
560	1926.0	0.0
570	2433.6666666666665	0.0
580	2469.5	0.0
590	2496.0	0.0
600	2314.6666666666665	0.0
