0	269.3333333333333	0.0
10	70.0	0.0
20	70.0	0.0
30	70.0	0.0
40	70.0	0.0
50	70.0	0.0
60	70.0	0.0
70	70.0	0.0
80	70.0	0.0
90	70.0	0.0
100	70.0	0.0
110	70.0	0.0
120	70.0	0.0
130	70.0	0.0
140	70.0	0.0
150	70.0	0.0
160	70.0	0.0
170	70.0	0.0
180	70.0	0.0
190	71.0	0.0
200	70.33333333333333	0.0
210	74.66666666666667	0.0
220	71.66666666666667	0.0
230	133.66666666666666	0.0
240	155.66666666666666	0.0
250	185.66666666666666	15.0
260	188.33333333333334	0.0
270	165.0	0.0
280	138.33333333333334	0.0
290	130.0	0.0
300	130.0	0.0
310	170.0	0.0
320	130.0	0.0
330	130.66666666666666	0.0
340	162.0	18.0
350	197.33333333333334	0.0
360	162.0	19.0
370	169.33333333333334	63.0
380	157.66666666666666	0.0
390	182.66666666666666	0.0
400	503.3333333333333	0.0
410	805.6666666666666	13.0
420	588.8333333333334	31.0
430	706.6666666666666	0.0
440	1039.8333333333333	46.0
450	694.3333333333334	87.0
460	787.6666666666666	84.0
470	1377.6666666666667	75.0
480	1277.6666666666667	50.0
490	1075.3333333333333	109.0
500	1424.0	43.0
510	1505.6666666666667	191.0
520	1809.6666666666667	127.0
530	1596.6666666666667	29.0
540	1811.6666666666667	0.0
550	1971.6666666666667	0.0
560	1877.3333333333333	0.0
570	2039.0	0.0
580	1943.6666666666667	0.0
590	2226.0	0.0
600	2157.8333333333335	0.0
610	2009.8333333333333	0.0
620	1914.6666666666667	0.0
630	2136.6666666666665	0.0
640	2202.0	0.0
650	2327.6666666666665	0.0
660	2387.0	0.0
670	2345.3333333333335	0.0
680	2151.6666666666665	0.0
690	2249.3333333333335	0.0
700	2286.3333333333335	0.0
710	2291.6666666666665	0.0
720	2500.0	0.0
730	2753.5	0.0
740	2514.3333333333335	0.0
750	2312.0	0.0
760	2707.3333333333335	0.0
770	2442.6666666666665	0.0
780	2345.8333333333335	0.0
790	2684.8333333333335	0.0
800	2841.1666666666665	0.0
