0	234.66666666666666	0.0
10	140.0	1000.0
20	93.0	0.0
30	70.0	0.0
40	70.0	0.0
50	71.66666666666667	0.0
60	171.33333333333334	0.0
70	1862.3333333333333	0.0
80	1375.3333333333333	0.0
90	2029.6666666666667	0.0
100	2080.3333333333335	0.0
110	2343.5	0.0
120	2168.3333333333335	0.0
130	2198.3333333333335	0.0
140	2002.6666666666667	0.0
150	2404.1666666666665	0.0
160	2231.3333333333335	0.0
170	1907.0	0.0
180	2183.3333333333335	0.0
190	2294.0	0.0
200	2293.6666666666665	0.0
210	2253.6666666666665	0.0
220	2189.0	0.0
230	2388.6666666666665	0.0
240	2270.8333333333335	0.0
250	2293.6666666666665	0.0
260	2439.5	0.0
270	2312.0	0.0
280	2593.8333333333335	0.0
290	1754.3333333333333	0.0
300	1361.6666666666667	0.0
310	1573.6666666666667	0.0
320	1595.3333333333333	0.0
330	1538.6666666666667	0.0
340	2043.1666666666667	0.0
350	1992.8333333333333	0.0
360	1722.6666666666667	0.0
370	2013.1666666666667	0.0
380	2035.6666666666667	0.0
390	2134.0	0.0
400	2172.1666666666665	0.0
410	2039.6666666666667	0.0
420	2317.1666666666665	0.0
430	1769.0	0.0
440	2199.5	0.0
450	1607.8333333333333	0.0
460	1497.3333333333333	0.0
470	1977.0	0.0
480	2669.6666666666665	0.0
490	2666.3333333333335	0.0
500	2388.5	0.0
510	2422.0	0.0
520	2187.5	0.0
530	2599.6666666666665	0.0
540	1929.0	0.0
550	2405.5	0.0
560	2034.6666666666667	0.0
570	2101.0	0.0
580	1758.6666666666667	0.0
590	1817.6666666666667	0.0
600	2532.6666666666665	0.0
