0	284.0	0.0
10	70.0	0.0
20	70.0	0.0
30	70.0	0.0
40	70.0	0.0
50	70.0	0.0
60	70.0	0.0
70	71.0	0.0
80	70.0	0.0
90	76.66666666666667	0.0
100	74.33333333333333	0.0
110	297.3333333333333	0.0
120	141.0	1.0
130	263.0	0.0
140	333.3333333333333	0.0
150	143.33333333333334	0.0
160	312.0	0.0
170	327.6666666666667	3.0
180	189.33333333333334	0.0
190	319.6666666666667	0.0
200	268.3333333333333	0.0
210	298.3333333333333	0.0
220	358.3333333333333	8.0
230	592.3333333333334	9.0
240	712.0	0.0
250	568.0	0.0
260	554.6666666666666	0.0
270	589.6666666666666	0.0
280	637.6666666666666	27.0
290	1707.5	0.0
300	1337.3333333333333	0.0
310	1939.0	14.0
320	2005.1666666666667	8.0
330	1992.5	51.0
340	2288.3333333333335	55.0
350	1950.8333333333333	13.0
360	2511.0	21.0
370	2553.0	8.0
380	2248.8333333333335	15.0
390	2347.3333333333335	85.0
400	2639.6666666666665	22.0
410	2564.5	76.0
420	2325.0	8.0
430	2276.6666666666665	61.0
440	2216.6666666666665	20.0
450	2226.0	3.0
460	2374.6666666666665	74.0
470	2294.6666666666665	17.0
480	2340.3333333333335	13.0
490	2395.3333333333335	6.0
500	2192.6666666666665	2.0
510	1770.6666666666667	20.0
520	2514.3333333333335	7.0
530	2435.3333333333335	24.0
540	2197.3333333333335	3.0
550	2398.6666666666665	2.0
560	2354.0	7.0
570	2596.1666666666665	28.0
580	2404.0	99.0
590	2648.5	13.0
600	2198.6666666666665	8.0
610	2039.5	7.0
620	1792.1666666666667	64.0
630	1914.3333333333333	16.0
640	2256.1666666666665	23.0
650	2474.0	20.0
660	1950.0	24.0
670	2060.3333333333335	15.0
680	2063.6666666666665	0.0
690	2333.3333333333335	0.0
700	2597.8333333333335	0.0
710	2173.1666666666665	0.0
720	1926.0	0.0
730	1825.0	0.0
740	2099.8333333333335	0.0
750	1731.3333333333333	0.0
760	1885.3333333333333	0.0
770	1761.3333333333333	0.0
780	2169.0	0.0
790	2356.6666666666665	0.0
800	2461.3333333333335	0.0
810	1910.6666666666667	0.0
820	2247.6666666666665	0.0
830	1695.6666666666667	0.0
840	2162.3333333333335	0.0
850	2412.1666666666665	0.0
860	2259.0	0.0
870	2297.6666666666665	0.0
880	2234.1666666666665	0.0
890	2341.0	0.0
900	2060.1666666666665	0.0
910	2187.5	0.0
920	2594.5	0.0
930	2461.3333333333335	0.0
940	2118.1666666666665	0.0
950	1496.5	0.0
960	1662.6666666666667	0.0
970	1505.6666666666667	0.0
980	2360.6666666666665	0.0
990	1837.8333333333333	0.0
1000	2601.8333333333335	0.0
