0	236.66666666666666	0.0
10	70.0	0.0
20	70.0	0.0
30	70.0	0.0
40	70.0	0.0
50	70.0	0.0
60	70.0	0.0
70	70.0	0.0
80	70.0	0.0
90	70.0	0.0
100	84.66666666666667	0.0
110	98.66666666666667	0.0
120	163.0	0.0
130	266.0	0.0
140	164.0	0.0
150	120.33333333333333	8.0
160	120.66666666666667	0.0
170	360.6666666666667	0.0
180	258.0	0.0
190	385.0	12.0
200	358.3333333333333	0.0
210	168.33333333333334	0.0
220	229.0	0.0
230	253.0	14.0
240	373.0	24.0
250	461.0	13.0
260	413.0	0.0
270	626.3333333333334	22.0
280	472.0	0.0
290	656.0	25.0
300	1177.6666666666667	29.0
310	777.6666666666666	31.0
320	1895.3333333333333	66.0
330	788.3333333333334	9.0
340	2305.6666666666665	18.0
350	2061.3333333333335	17.0
360	2336.3333333333335	27.0
370	2204.0	57.0
380	2325.5	67.0
390	2293.1666666666665	40.0
400	2496.8333333333335	40.0
410	2291.3333333333335	105.0
420	2429.8333333333335	11.0
430	2463.5	1.0
440	2363.1666666666665	18.0
450	1822.3333333333333	0.0
460	2537.3333333333335	13.0
470	2335.3333333333335	55.0
480	2639.1666666666665	4.0
490	2460.0	32.0
500	2467.1666666666665	1.0
510	2293.1666666666665	7.0
520	2034.5	71.0
530	2109.3333333333335	110.0
540	2284.5	53.0
550	1648.3333333333333	0.0
560	1746.6666666666667	0.0
570	1907.6666666666667	0.0
580	2575.8333333333335	0.0
590	1960.6666666666667	0.0
600	2275.1666666666665	0.0
610	1199.6666666666667	0.0
620	2401.0	0.0
630	2510.1666666666665	0.0
640	2122.5	0.0
650	2431.1666666666665	0.0
660	2336.6666666666665	0.0
670	2358.6666666666665	0.0
680	2543.1666666666665	0.0
690	2453.1666666666665	0.0
700	2570.8333333333335	0.0
710	2035.0	0.0
720	1743.3333333333333	0.0
730	1853.0	0.0
740	1776.3333333333333	0.0
750	2337.0	0.0
760	1902.5	0.0
770	2025.8333333333333	0.0
780	1786.6666666666667	0.0
790	1666.3333333333333	0.0
800	1675.1666666666667	0.0
810	2491.6666666666665	0.0
820	2648.6666666666665	0.0
830	2341.8333333333335	0.0
840	2255.3333333333335	0.0
850	2428.8333333333335	0.0
860	2502.0	0.0
870	2179.6666666666665	0.0
880	2450.6666666666665	0.0
890	2610.6666666666665	0.0
900	2177.0	0.0
910	2462.0	0.0
920	2505.3333333333335	0.0
930	2496.1666666666665	0.0
940	2349.0	0.0
950	2574.5	0.0
960	2391.0	0.0
970	2401.0	0.0
980	2441.0	0.0
990	2561.0	0.0
1000	2225.3333333333335	0.0
