0	243.33333333333334	0.0
10	70.0	0.0
20	70.0	0.0
30	70.0	0.0
40	70.0	0.0
50	70.0	0.0
60	70.0	0.0
70	70.0	0.0
80	70.0	0.0
90	70.66666666666667	0.0
100	111.33333333333333	0.0
110	124.66666666666667	0.0
120	159.0	0.0
130	157.0	0.0
140	231.33333333333334	0.0
150	222.66666666666666	0.0
160	181.0	0.0
170	286.0	0.0
180	145.66666666666666	0.0
190	289.3333333333333	0.0
200	271.0	5.0
210	336.6666666666667	0.0
220	340.0	11.0
230	288.6666666666667	1.0
240	266.0	7.0
250	424.6666666666667	0.0
260	416.3333333333333	56.0
270	512.0	1.0
280	659.3333333333334	45.0
290	657.0	38.0
300	604.3333333333334	9.0
310	836.0	45.0
320	1400.0	19.0
330	1378.0	6.0
340	2442.3333333333335	24.0
350	1955.0	76.0
360	2059.6666666666665	157.0
370	2533.5	40.0
380	2581.0	64.0
390	2672.6666666666665	46.0
400	2391.6666666666665	34.0
410	2376.1666666666665	35.0
420	2296.0	49.0
430	2320.0	54.0
440	2504.3333333333335	15.0
450	2253.3333333333335	12.0
460	2147.0	4.0
470	1905.0	91.0
480	2429.5	56.0
490	1677.6666666666667	0.0
500	1775.3333333333333	0.0
510	2064.0	0.0
520	2006.3333333333333	0.0
530	1998.0	0.0
540	1792.6666666666667	0.0
550	2114.3333333333335	0.0
560	1855.0	0.0
570	1894.3333333333333	0.0
580	2123.6666666666665	0.0
590	2308.3333333333335	0.0
600	1848.0	0.0
610	1906.0	0.0
620	1601.8333333333333	0.0
630	1890.3333333333333	0.0
640	2559.3333333333335	0.0
650	2584.5	0.0
660	2495.6666666666665	0.0
670	1731.5	0.0
680	1895.6666666666667	0.0
690	1986.3333333333333	0.0
700	2264.6666666666665	0.0
710	2581.3333333333335	0.0
720	2356.0	0.0
730	2478.1666666666665	0.0
740	2671.6666666666665	0.0
750	2509.1666666666665	0.0
760	2537.0	0.0
770	2352.3333333333335	0.0
780	2459.3333333333335	0.0
790	2333.8333333333335	0.0
800	2268.6666666666665	0.0
810	2400.0	0.0
820	2338.8333333333335	0.0
830	2458.3333333333335	0.0
840	2232.1666666666665	0.0
850	2489.6666666666665	0.0
860	1791.3333333333333	0.0
870	2383.8333333333335	0.0
880	2491.0	0.0
890	2264.3333333333335	0.0
900	2396.3333333333335	0.0
910	2306.1666666666665	0.0
920	2256.0	0.0
930	2505.6666666666665	0.0
940	2482.3333333333335	0.0
950	2321.3333333333335	0.0
960	2611.3333333333335	0.0
970	2339.0	0.0
980	2279.6666666666665	0.0
990	2381.6666666666665	0.0
1000	2165.3333333333335	0.0
