0	263.70000000000005	0.0
10	70.0	236.86666666666667
20	70.0	494.23333333333335
30	70.0	261.1666666666667
40	70.0	7.733333333333333
50	70.0	0.0
60	70.0	0.0
70	70.04444444444444	0.0
80	71.03333333333335	0.0
90	75.28888888888888	0.0
100	87.11111111111111	0.0
110	165.17777777777778	0.0
120	183.54444444444442	0.0
130	193.25555555555556	0.0
140	204.13333333333333	0.0
150	255.6444444444445	0.0
160	234.5	0.0
170	242.14444444444447	0.0
180	271.28888888888895	0.0
190	336.29999999999995	0.0
200	299.9777777777779	0.0
210	329.7666666666667	0.0
220	329.56666666666666	0.0
230	327.25555555555553	0.0
240	357.7444444444444	0.0
250	365.6944444444445	0.0
260	392.97777777777776	0.0
270	416.75555555555553	0.0
280	488.8888888888888	0.0
290	538.5333333333334	0.0
300	684.1833333333333	0.0
310	805.6111111111113	0.0
320	966.9999999999998	0.0
330	1104.1944444444443	0.0
340	1194.1944444444446	0.0
350	1396.8055555555557	0.0
360	1560.0833333333328	0.0
370	1590.122222222222	0.0
380	1837.561111111111	0.0
390	2019.9666666666672	0.0
400	1959.4277777777775	0.0
410	2055.027777777778	0.0
420	2033.25	0.0
430	2040.9055555555556	0.0
440	2029.25	0.0
450	2044.8444444444442	0.0
460	2062.805555555555	0.0
470	2018.738888888889	0.0
480	2111.0444444444447	0.0
490	1997.5388888888888	0.0
500	2042.0999999999997	0.0
510	2067.5222222222224	0.0
520	2069.622222222222	0.0
530	2025.138888888889	0.0
540	1996.9666666666665	0.0
550	2107.5555555555557	0.0
560	2090.5777777777776	0.0
570	2016.2833333333333	0.0
580	1984.133333333334	0.0
590	2100.094444444444	0.0
600	2086.3499999999995	0.0
610	2093.0555555555557	0.0
620	2036.5444444444445	0.0
630	2000.0277777777783	0.0
640	2030.7222222222222	0.0
650	2059.4444444444443	0.0
660	2115.561111111111	0.0
670	2107.838888888889	0.0
680	2089.755555555556	0.0
690	2134.611111111111	0.0
700	2200.8888888888887	0.0
710	2207.311111111111	0.0
720	2132.188888888889	0.0
730	2250.2055555555557	0.0
740	2293.95	0.0
750	2225.4	0.0
760	2253.522222222222	0.0
770	2232.5444444444447	0.0
780	2225.572222222222	0.0
790	2279.8	0.0
800	2260.9888888888886	0.0
810	2151.027777777778	0.0
820	2209.722222222222	0.0
830	2209.7944444444443	0.0
840	2207.127777777778	0.0
850	2230.511111111111	0.0
860	2191.694444444445	0.0
870	2289.7166666666667	0.0
880	2341.4222222222224	0.0
890	2301.25	0.0
900	2245.422222222222	0.0
910	2245.094444444445	0.0
920	2201.361111111111	0.0
930	2176.3722222222223	0.0
940	2228.516666666667	0.0
950	2264.5444444444443	0.0
960	2256.7	0.0
970	2272.5666666666666	0.0
980	2276.855555555556	0.0
990	2220.4388888888893	0.0
1000	2169.661111111111	0.0
