0	256.0	0.0
10	70.0	210.0
20	70.0	607.0
30	70.0	183.0
40	70.0	0.0
50	70.0	0.0
60	70.0	0.0
70	70.0	0.0
80	70.0	0.0
90	81.66666666666667	0.0
100	78.66666666666667	0.0
110	209.0	0.0
120	72.0	0.0
130	86.66666666666667	0.0
140	413.3333333333333	0.0
150	469.6666666666667	0.0
160	292.0	0.0
170	108.66666666666667	0.0
180	488.3333333333333	0.0
190	513.6666666666666	0.0
200	359.3333333333333	0.0
210	394.0	0.0
220	482.6666666666667	0.0
230	331.6666666666667	0.0
240	265.6666666666667	0.0
250	297.3333333333333	0.0
260	282.6666666666667	0.0
270	270.0	0.0
280	448.0	0.0
290	569.0	0.0
300	504.0	0.0
310	659.6666666666666	0.0
320	603.0	0.0
330	635.0	0.0
340	805.0	0.0
350	1020.0	0.0
360	1076.8333333333333	0.0
370	1419.3333333333333	0.0
380	1566.6666666666667	0.0
390	2187.3333333333335	0.0
400	1748.0	0.0
410	1859.0	0.0
420	1634.8333333333333	0.0
430	1023.8333333333334	0.0
440	1753.8333333333333	0.0
450	1641.0	0.0
460	1783.0	0.0
470	1948.8333333333333	0.0
480	1726.1666666666667	0.0
490	1846.0	0.0
500	1681.1666666666667	0.0
510	1850.0	0.0
520	2108.6666666666665	0.0
530	1885.6666666666667	0.0
540	1763.8333333333333	0.0
550	1973.0	0.0
560	2392.1666666666665	0.0
570	1794.3333333333333	0.0
580	1711.0	0.0
590	1817.3333333333333	0.0
600	2587.6666666666665	0.0
610	1774.3333333333333	0.0
620	1751.3333333333333	0.0
630	1841.6666666666667	0.0
640	2012.1666666666667	0.0
650	1379.3333333333333	0.0
660	1985.0	0.0
670	2333.0	0.0
680	2363.8333333333335	0.0
690	2458.0	0.0
700	2125.5	0.0
710	2390.6666666666665	0.0
720	1702.1666666666667	0.0
730	2195.3333333333335	0.0
740	2456.1666666666665	0.0
750	1611.6666666666667	0.0
760	2391.0	0.0
770	2463.0	0.0
780	2352.0	0.0
790	2587.6666666666665	0.0
800	2384.6666666666665	0.0
810	2269.6666666666665	0.0
820	1822.0	0.0
830	1571.8333333333333	0.0
840	1942.1666666666667	0.0
850	2020.1666666666667	0.0
860	1826.8333333333333	0.0
870	1841.3333333333333	0.0
880	2046.6666666666667	0.0
890	2245.0	0.0
900	2354.1666666666665	0.0
910	2011.3333333333333	0.0
920	2290.1666666666665	0.0
930	1785.6666666666667	0.0
940	2425.3333333333335	0.0
950	2536.0	0.0
960	2277.5	0.0
970	2481.0	0.0
980	2310.3333333333335	0.0
990	2218.6666666666665	0.0
1000	2325.1666666666665	0.0
