0	278.0	0.0
10	70.0	245.0
20	70.0	211.0
30	70.0	511.0
40	70.0	33.0
50	70.0	0.0
60	70.0	0.0
70	70.0	0.0
80	70.0	0.0
90	70.33333333333333	0.0
100	109.33333333333333	0.0
110	183.33333333333334	0.0
120	72.66666666666667	0.0
130	150.66666666666666	0.0
140	98.66666666666667	0.0
150	76.66666666666667	0.0
160	414.0	0.0
170	144.33333333333334	0.0
180	99.0	0.0
190	290.3333333333333	0.0
200	317.3333333333333	0.0
210	257.6666666666667	0.0
220	336.0	0.0
230	205.0	0.0
240	472.3333333333333	0.0
250	729.0	0.0
260	553.6666666666666	0.0
270	740.6666666666666	0.0
280	838.0	0.0
290	572.6666666666666	0.0
300	766.6666666666666	0.0
310	1052.3333333333333	0.0
320	1475.0	0.0
330	1477.3333333333333	0.0
340	2056.6666666666665	0.0
350	2592.1666666666665	0.0
360	2326.5	0.0
370	2388.3333333333335	0.0
380	2666.0	0.0
390	2400.6666666666665	0.0
400	2554.8333333333335	0.0
410	2631.3333333333335	0.0
420	2505.8333333333335	0.0
430	2594.6666666666665	0.0
440	2087.6666666666665	0.0
450	2397.6666666666665	0.0
460	2032.1666666666667	0.0
470	1719.6666666666667	0.0
480	2193.0	0.0
490	2482.3333333333335	0.0
500	1964.0	0.0
510	2118.8333333333335	0.0
520	2121.0	0.0
530	1721.3333333333333	0.0
540	1698.6666666666667	0.0
550	2253.1666666666665	0.0
560	1942.0	0.0
570	1811.5	0.0
580	1112.1666666666667	0.0
590	2242.1666666666665	0.0
600	1593.8333333333333	0.0
610	2099.8333333333335	0.0
620	2009.6666666666667	0.0
630	1624.0	0.0
640	2009.8333333333333	0.0
650	1635.1666666666667	0.0
660	1517.3333333333333	0.0
670	1542.0	0.0
680	2159.0	0.0
690	2298.0	0.0
700	2362.6666666666665	0.0
710	2190.8333333333335	0.0
720	2448.6666666666665	0.0
730	2445.6666666666665	0.0
740	2300.3333333333335	0.0
750	2376.0	0.0
760	2403.0	0.0
770	2218.5	0.0
780	2422.1666666666665	0.0
790	2668.3333333333335	0.0
800	2397.5	0.0
810	2366.1666666666665	0.0
820	2420.3333333333335	0.0
830	2301.8333333333335	0.0
840	1750.1666666666667	0.0
850	1615.6666666666667	0.0
860	1813.5	0.0
870	1799.6666666666667	0.0
880	1860.8333333333333	0.0
890	2194.3333333333335	0.0
900	2120.8333333333335	0.0
910	1792.5	0.0
920	2472.8333333333335	0.0
930	1889.0	0.0
940	1879.0	0.0
950	1898.6666666666667	0.0
960	1899.3333333333333	0.0
970	1990.0	0.0
980	2119.3333333333335	0.0
990	2169.1666666666665	0.0
1000	1932.0	0.0
