0	254.66666666666666	0.0
10	70.0	291.0
20	70.0	577.0
30	70.0	132.0
40	70.0	0.0
50	70.0	0.0
60	70.0	0.0
70	70.0	0.0
80	70.66666666666667	0.0
90	73.66666666666667	0.0
100	81.66666666666667	0.0
110	125.0	0.0
120	389.3333333333333	0.0
130	387.0	0.0
140	94.66666666666667	0.0
150	92.0	0.0
160	82.0	0.0
170	396.3333333333333	0.0
180	119.33333333333333	0.0
190	191.33333333333334	0.0
200	94.33333333333333	0.0
210	193.66666666666666	0.0
220	465.3333333333333	0.0
230	322.6666666666667	0.0
240	462.3333333333333	0.0
250	494.0	0.0
260	464.6666666666667	0.0
270	360.0	0.0
280	442.0	0.0
290	638.8333333333334	0.0
300	1344.1666666666667	0.0
310	1966.6666666666667	0.0
320	1509.3333333333333	0.0
330	2020.3333333333333	0.0
340	2084.0	0.0
350	2159.8333333333335	0.0
360	2447.8333333333335	0.0
370	2142.8333333333335	0.0
380	2835.1666666666665	0.0
390	2367.6666666666665	0.0
400	2572.0	0.0
410	2276.3333333333335	0.0
420	2237.5	0.0
430	2675.1666666666665	0.0
440	2526.6666666666665	0.0
450	2460.0	0.0
460	2419.6666666666665	0.0
470	2436.3333333333335	0.0
480	2315.0	0.0
490	2358.0	0.0
500	2718.0	0.0
510	2249.3333333333335	0.0
520	2558.3333333333335	0.0
530	2103.6666666666665	0.0
540	1609.8333333333333	0.0
550	1977.5	0.0
560	2041.1666666666667	0.0
570	1885.6666666666667	0.0
580	2153.0	0.0
590	1852.6666666666667	0.0
600	1982.6666666666667	0.0
610	1948.3333333333333	0.0
620	2052.3333333333335	0.0
630	2153.8333333333335	0.0
640	2089.3333333333335	0.0
650	2169.8333333333335	0.0
660	1897.8333333333333	0.0
670	2642.1666666666665	0.0
680	2197.0	0.0
690	2257.3333333333335	0.0
700	2576.5	0.0
710	2354.5	0.0
720	2173.6666666666665	0.0
730	2241.3333333333335	0.0
740	2783.6666666666665	0.0
750	2622.5	0.0
760	2243.6666666666665	0.0
770	2464.8333333333335	0.0
780	2434.1666666666665	0.0
790	2425.3333333333335	0.0
800	2456.0	0.0
810	2415.0	0.0
820	2484.0	0.0
830	2195.6666666666665	0.0
840	2328.0	0.0
850	1698.8333333333333	0.0
860	1985.3333333333333	0.0
870	1843.8333333333333	0.0
880	2391.6666666666665	0.0
890	2214.1666666666665	0.0
900	2530.8333333333335	0.0
910	1989.3333333333333	0.0
920	1891.6666666666667	0.0
930	1658.3333333333333	0.0
940	1183.6666666666667	0.0
950	1764.6666666666667	0.0
960	2428.0	0.0
970	2380.3333333333335	0.0
980	2618.8333333333335	0.0
990	2292.3333333333335	0.0
1000	2395.3333333333335	0.0
