0	279.3333333333333	0.0
10	100.0	635.0
20	95.33333333333333	365.0
30	93.0	0.0
40	96.0	0.0
50	94.33333333333333	0.0
60	95.33333333333333	0.0
70	92.66666666666667	0.0
80	94.0	0.0
90	94.0	0.0
100	94.33333333333333	0.0
110	101.0	0.0
120	103.66666666666667	0.0
130	137.0	0.0
140	234.33333333333334	0.0
150	979.3333333333334	0.0
160	803.6666666666666	0.0
170	251.66666666666666	0.0
180	267.6666666666667	0.0
190	476.0	0.0
200	1142.0	0.0
210	1092.3333333333333	0.0
220	1012.0	0.0
230	1653.6666666666667	0.0
240	1663.3333333333333	0.0
250	1852.6666666666667	0.0
260	2202.3333333333335	0.0
270	2333.6666666666665	0.0
280	1799.0	0.0
290	2418.8333333333335	0.0
300	2115.0	0.0
310	2352.5	0.0
320	2266.6666666666665	0.0
330	2525.6666666666665	0.0
340	2115.3333333333335	0.0
350	2307.8333333333335	0.0
360	1819.6666666666667	0.0
370	2199.1666666666665	0.0
380	2576.1666666666665	0.0
390	2267.3333333333335	0.0
400	2429.8333333333335	0.0
410	2430.0	0.0
420	2468.8333333333335	0.0
430	2331.0	0.0
440	2360.0	0.0
450	2559.1666666666665	0.0
460	2485.1666666666665	0.0
470	2658.1666666666665	0.0
480	2457.6666666666665	0.0
490	2513.3333333333335	0.0
500	2406.3333333333335	0.0
510	2513.8333333333335	0.0
520	2533.5	0.0
530	2474.5	0.0
540	2738.8333333333335	0.0
550	2650.5	0.0
560	2364.6666666666665	0.0
570	2869.3333333333335	0.0
580	2543.3333333333335	0.0
590	2608.3333333333335	0.0
600	2543.0	0.0
610	2574.1666666666665	0.0
620	2707.6666666666665	0.0
630	2804.0	0.0
640	2673.0	0.0
650	2608.6666666666665	0.0
660	2673.5	0.0
670	2895.3333333333335	0.0
680	2526.0	0.0
690	2538.6666666666665	0.0
700	2640.5	0.0
710	2865.1666666666665	0.0
720	2652.3333333333335	0.0
730	2606.6666666666665	0.0
740	2340.6666666666665	0.0
750	2492.3333333333335	0.0
760	2524.5	0.0
770	2625.0	0.0
780	2584.0	0.0
790	2726.6666666666665	0.0
800	2551.0	0.0
810	2394.5	0.0
820	2503.8333333333335	0.0
830	2522.3333333333335	0.0
840	2595.5	0.0
850	2455.8333333333335	0.0
860	2593.5	0.0
870	2484.3333333333335	0.0
880	2658.1666666666665	0.0
890	2256.3333333333335	0.0
900	2550.8333333333335	0.0
910	2215.1666666666665	0.0
920	2120.3333333333335	0.0
930	1925.0	0.0
940	1684.0	0.0
950	2371.8333333333335	0.0
960	2040.6666666666667	0.0
970	2525.0	0.0
980	2140.0	0.0
990	1975.0	0.0
1000	2350.6666666666665	0.0
