0	278.0	0.0
10	70.0	559.0
20	70.0	441.0
30	70.0	0.0
40	70.0	0.0
50	70.0	0.0
60	70.0	0.0
70	70.0	0.0
80	70.0	0.0
90	70.0	0.0
100	70.0	0.0
110	70.0	0.0
120	73.0	0.0
130	106.66666666666667	0.0
140	182.66666666666666	0.0
150	1408.3333333333333	0.0
160	144.0	0.0
170	289.6666666666667	0.0
180	252.33333333333334	0.0
190	339.3333333333333	0.0
200	1093.3333333333333	0.0
210	1913.0	0.0
220	1962.3333333333333	0.0
230	1814.3333333333333	0.0
240	1601.3333333333333	0.0
250	1806.3333333333333	0.0
260	2000.3333333333333	0.0
270	2339.0	0.0
280	2251.6666666666665	0.0
290	1961.0	0.0
300	1895.6666666666667	0.0
310	2220.1666666666665	0.0
320	2106.5	0.0
330	2057.0	0.0
340	2095.3333333333335	0.0
350	2144.6666666666665	0.0
360	2362.8333333333335	0.0
370	2362.0	0.0
380	2012.6666666666667	0.0
390	2323.5	0.0
400	2281.0	0.0
410	2106.3333333333335	0.0
420	2348.6666666666665	0.0
430	2458.3333333333335	0.0
440	2233.8333333333335	0.0
450	2522.8333333333335	0.0
460	2264.6666666666665	0.0
470	2533.6666666666665	0.0
480	2525.6666666666665	0.0
490	2480.0	0.0
500	2421.3333333333335	0.0
510	2271.0	0.0
520	2375.5	0.0
530	2500.1666666666665	0.0
540	2608.0	0.0
550	2263.0	0.0
560	2684.0	0.0
570	2492.6666666666665	0.0
580	2295.3333333333335	0.0
590	2425.8333333333335	0.0
600	2501.0	0.0
610	2193.3333333333335	0.0
620	2327.6666666666665	0.0
630	2774.0	0.0
640	2236.5	0.0
650	2649.0	0.0
660	2494.3333333333335	0.0
670	2429.3333333333335	0.0
680	2357.3333333333335	0.0
690	2454.6666666666665	0.0
700	2563.3333333333335	0.0
710	2485.0	0.0
720	2456.6666666666665	0.0
730	2547.6666666666665	0.0
740	2450.6666666666665	0.0
750	2463.6666666666665	0.0
760	2531.8333333333335	0.0
770	2511.0	0.0
780	2499.6666666666665	0.0
790	2420.5	0.0
800	2413.0	0.0
810	2654.0	0.0
820	2253.6666666666665	0.0
830	2359.0	0.0
840	2455.6666666666665	0.0
850	2635.0	0.0
860	2280.0	0.0
870	2353.3333333333335	0.0
880	1898.0	0.0
890	2125.3333333333335	0.0
900	1980.3333333333333	0.0
910	1843.8333333333333	0.0
920	1640.3333333333333	0.0
930	1614.3333333333333	0.0
940	1927.3333333333333	0.0
950	1552.1666666666667	0.0
960	2373.1666666666665	0.0
970	2500.3333333333335	0.0
980	2231.3333333333335	0.0
990	1791.5	0.0
1000	2197.0	0.0
