0	251.66666666666666	0.0
10	71.33333333333333	1000.0
20	70.0	0.0
30	70.0	0.0
40	107.0	0.0
50	1034.6666666666667	0.0
60	1425.0	0.0
70	1275.0	0.0
80	1742.3333333333333	0.0
90	1633.6666666666667	0.0
100	2097.0	0.0
110	2229.6666666666665	0.0
120	2076.3333333333335	0.0
130	2132.1666666666665	0.0
140	2517.6666666666665	0.0
150	2277.3333333333335	0.0
160	2311.6666666666665	0.0
170	2419.0	0.0
180	2172.6666666666665	0.0
190	2418.6666666666665	0.0
200	2302.6666666666665	0.0
210	2188.3333333333335	0.0
220	2314.6666666666665	0.0
230	2379.0	0.0
240	2245.0	0.0
250	2065.1666666666665	0.0
260	1993.8333333333333	0.0
270	2482.6666666666665	0.0
280	2387.6666666666665	0.0
290	1507.0	0.0
300	1850.5	0.0
310	2223.0	0.0
320	1919.1666666666667	0.0
330	2111.8333333333335	0.0
340	2043.0	0.0
350	1882.6666666666667	0.0
360	2105.3333333333335	0.0
370	2006.6666666666667	0.0
380	2201.1666666666665	0.0
390	1726.1666666666667	0.0
400	1747.6666666666667	0.0
410	2352.6666666666665	0.0
420	1785.0	0.0
430	1725.3333333333333	0.0
440	1650.8333333333333	0.0
450	2534.5	0.0
460	2028.1666666666667	0.0
470	1896.0	0.0
480	2297.8333333333335	0.0
490	2483.0	0.0
500	2341.3333333333335	0.0
510	2447.1666666666665	0.0
520	2327.0	0.0
530	1879.6666666666667	0.0
540	2314.3333333333335	0.0
550	2362.6666666666665	0.0
560	2372.3333333333335	0.0
570	2483.5	0.0
580	2384.0	0.0
590	1682.1666666666667	0.0
600	1912.0	0.0
610	1933.8333333333333	0.0
620	2055.0	0.0
630	1584.3333333333333	0.0
640	2432.3333333333335	0.0
650	2135.8333333333335	0.0
660	1469.5	0.0
670	1825.1666666666667	0.0
680	1795.3333333333333	0.0
690	2115.0	0.0
700	2179.3333333333335	0.0
710	1623.6666666666667	0.0
720	2236.3333333333335	0.0
730	2621.0	0.0
740	2271.8333333333335	0.0
750	1905.6666666666667	0.0
760	2426.0	0.0
770	2396.6666666666665	0.0
780	2586.3333333333335	0.0
790	2539.0	0.0
800	1626.1666666666667	0.0
810	2529.5	0.0
820	2411.3333333333335	0.0
830	2272.3333333333335	0.0
840	2159.0	0.0
850	2254.1666666666665	0.0
860	2225.0	0.0
870	1812.0	0.0
880	2078.6666666666665	0.0
890	1926.1666666666667	0.0
900	2051.1666666666665	0.0
910	1865.0	0.0
920	2057.6666666666665	0.0
930	1775.0	0.0
940	2413.0	0.0
950	2445.6666666666665	0.0
960	2425.3333333333335	0.0
970	2504.5	0.0
980	2495.0	0.0
990	2396.6666666666665	0.0
1000	2275.0	0.0
