0	273.3333333333333	0.0
10	70.0	299.0
20	70.0	0.0
30	70.0	0.0
40	70.0	0.0
50	70.0	0.0
60	70.0	0.0
70	70.0	0.0
80	70.0	0.0
90	70.0	0.0
100	70.0	0.0
110	70.0	0.0
120	70.0	0.0
130	70.0	0.0
140	70.0	0.0
150	70.0	0.0
160	70.0	0.0
170	70.0	0.0
180	71.0	0.0
190	70.66666666666667	0.0
200	70.33333333333333	0.0
210	80.66666666666667	0.0
220	128.0	0.0
230	119.66666666666667	0.0
240	383.0	0.0
250	282.3333333333333	0.0
260	230.33333333333334	0.0
270	147.33333333333334	0.0
280	146.0	0.0
290	171.0	0.0
300	146.0	0.0
310	222.0	0.0
320	186.66666666666666	0.0
330	218.66666666666666	0.0
340	211.33333333333334	0.0
350	234.0	0.0
360	242.66666666666666	0.0
370	294.6666666666667	0.0
380	170.0	0.0
390	130.0	0.0
400	346.3333333333333	0.0
410	281.6666666666667	0.0
420	304.0	0.0
430	342.3333333333333	0.0
440	234.33333333333334	0.0
450	353.3333333333333	0.0
460	872.0	0.0
470	851.6666666666666	0.0
480	837.0	0.0
490	799.0	0.0
500	1204.3333333333333	0.0
510	1431.8333333333333	0.0
520	1501.6666666666667	0.0
530	1647.0	0.0
540	1489.6666666666667	0.0
550	1736.0	0.0
560	1476.0	0.0
570	2101.0	0.0
580	2174.1666666666665	0.0
590	2071.6666666666665	0.0
600	2093.6666666666665	0.0
610	2160.3333333333335	0.0
620	2190.0	0.0
630	2087.6666666666665	0.0
640	2217.6666666666665	0.0
650	2198.0	0.0
660	2179.5	0.0
670	2078.8333333333335	0.0
680	2546.6666666666665	0.0
690	2516.5	0.0
700	2474.8333333333335	0.0
710	2500.3333333333335	0.0
720	2359.8333333333335	0.0
730	2475.6666666666665	0.0
740	2571.0	0.0
750	2407.1666666666665	0.0
760	2643.8333333333335	0.0
770	2437.0	0.0
780	2619.1666666666665	0.0
790	2684.0	0.0
800	2397.3333333333335	0.0
810	2509.3333333333335	0.0
820	2571.3333333333335	0.0
830	2556.6666666666665	0.0
840	2571.3333333333335	0.0
850	2593.6666666666665	0.0
860	2438.6666666666665	0.0
870	2688.8333333333335	0.0
880	2560.1666666666665	0.0
890	2662.3333333333335	0.0
900	2442.6666666666665	0.0
910	2532.5	0.0
920	2633.3333333333335	0.0
930	2869.8333333333335	0.0
940	2523.3333333333335	0.0
950	2537.0	0.0
960	2752.0	0.0
970	2543.0	0.0
980	2563.5	0.0
990	2573.5	0.0
1000	2504.3333333333335	0.0
