0	262.0	0.0
10	144.66666666666666	459.0
20	112.33333333333333	405.0
30	100.0	136.0
40	94.66666666666667	0.0
50	91.33333333333333	0.0
60	93.33333333333333	0.0
70	71.66666666666667	0.0
80	72.0	0.0
90	70.66666666666667	0.0
100	70.66666666666667	0.0
110	70.66666666666667	0.0
120	70.66666666666667	0.0
130	116.33333333333333	0.0
140	78.33333333333333	0.0
150	682.3333333333334	0.0
160	991.6666666666666	0.0
170	783.3333333333334	0.0
180	1568.6666666666667	0.0
190	1885.6666666666667	0.0
200	1968.0	0.0
210	1903.6666666666667	0.0
220	1480.6666666666667	0.0
230	1736.6666666666667	0.0
240	1575.3333333333333	0.0
250	1282.0	0.0
260	1168.6666666666667	0.0
270	1773.3333333333333	0.0
280	1720.3333333333333	0.0
290	1723.6666666666667	0.0
300	2056.1666666666665	0.0
310	2161.5	0.0
320	2034.1666666666667	0.0
330	2104.3333333333335	0.0
340	2138.3333333333335	0.0
350	2158.6666666666665	0.0
360	2285.6666666666665	0.0
370	2146.3333333333335	0.0
380	2161.0	0.0
390	2296.8333333333335	0.0
400	2248.0	0.0
410	2250.5	0.0
420	2361.3333333333335	0.0
430	2636.0	0.0
440	2455.5	0.0
450	2327.3333333333335	0.0
460	2668.8333333333335	0.0
470	2828.1666666666665	0.0
480	2672.3333333333335	0.0
490	2691.0	0.0
500	2716.3333333333335	0.0
510	2766.0	0.0
520	2567.3333333333335	0.0
530	2616.3333333333335	0.0
540	2474.0	0.0
550	2425.6666666666665	0.0
560	2553.8333333333335	0.0
570	2219.6666666666665	0.0
580	2537.6666666666665	0.0
590	2614.1666666666665	0.0
600	2409.3333333333335	0.0
610	2538.5	0.0
620	2349.0	0.0
630	2635.0	0.0
640	2367.3333333333335	0.0
650	2809.3333333333335	0.0
660	2815.1666666666665	0.0
670	2681.0	0.0
680	2571.3333333333335	0.0
690	2492.3333333333335	0.0
700	2357.0	0.0
710	2579.3333333333335	0.0
720	2749.5	0.0
730	1935.1666666666667	0.0
740	3031.0	0.0
750	2619.0	0.0
760	2137.3333333333335	0.0
770	2724.5	0.0
780	2630.0	0.0
790	2668.0	0.0
800	2638.3333333333335	0.0
