0	218.66666666666666	0.0
10	70.0	0.0
20	70.0	0.0
30	70.0	0.0
40	70.0	0.0
50	70.0	0.0
60	70.0	0.0
70	70.0	0.0
80	73.33333333333333	0.0
90	74.66666666666667	0.0
100	199.33333333333334	0.0
110	192.66666666666666	0.0
120	109.66666666666667	0.0
130	219.33333333333334	0.0
140	220.33333333333334	0.0
150	401.3333333333333	0.0
160	227.33333333333334	0.0
170	133.0	0.0
180	284.6666666666667	0.0
190	202.0	0.0
200	260.0	0.0
210	374.0	0.0
220	369.0	0.0
230	397.3333333333333	0.0
240	330.0	0.0
250	413.6666666666667	0.0
260	423.0	0.0
270	401.6666666666667	0.0
280	333.3333333333333	0.0
290	452.0	0.0
300	633.0	0.0
310	1238.3333333333333	0.0
320	1042.0	0.0
330	671.3333333333334	0.0
340	1022.6666666666666	0.0
350	1822.0	0.0
360	2285.3333333333335	0.0
370	2149.8333333333335	0.0
380	1643.8333333333333	0.0
390	2350.5	0.0
400	2442.3333333333335	0.0
410	2392.6666666666665	0.0
420	1967.6666666666667	0.0
430	2596.5	0.0
440	2425.0	0.0
450	2613.8333333333335	0.0
460	2601.8333333333335	0.0
470	2469.6666666666665	0.0
480	2464.5	0.0
490	2347.3333333333335	0.0
500	2278.3333333333335	0.0
510	2722.3333333333335	0.0
520	2132.8333333333335	0.0
530	2319.0	0.0
540	2658.0	0.0
550	1795.8333333333333	0.0
560	2515.1666666666665	0.0
570	2592.6666666666665	0.0
580	2573.6666666666665	0.0
590	2631.6666666666665	0.0
600	2550.5	0.0
610	2433.3333333333335	0.0
620	2527.0	0.0
630	2337.6666666666665	0.0
640	1838.3333333333333	0.0
650	1619.0	0.0
660	2361.3333333333335	0.0
670	2192.6666666666665	0.0
680	2297.3333333333335	0.0
690	2602.5	0.0
700	1693.0	0.0
710	1913.0	0.0
720	1776.3333333333333	0.0
730	1863.0	0.0
740	1530.0	0.0
750	1675.3333333333333	0.0
760	1666.3333333333333	0.0
770	2146.0	0.0
780	2287.1666666666665	0.0
790	2491.1666666666665	0.0
800	1995.8333333333333	0.0
810	2214.0	0.0
820	2063.3333333333335	0.0
830	2007.0	0.0
840	1622.3333333333333	0.0
850	2030.8333333333333	0.0
860	2308.3333333333335	0.0
870	1714.5	0.0
880	1763.0	0.0
890	2221.6666666666665	0.0
900	1660.3333333333333	0.0
910	1757.0	0.0
920	1556.5	0.0
930	2601.3333333333335	0.0
940	2725.3333333333335	0.0
950	2389.5	0.0
960	2335.0	0.0
970	2581.1666666666665	0.0
980	2329.6666666666665	0.0
990	2378.3333333333335	0.0
1000	2442.3333333333335	0.0
