0	228.0
10	2069.6666666666665
20	2022.0
30	1961.1666666666667
40	2105.0
50	2175.6666666666665
60	2105.5
70	2126.0
80	2209.3333333333335
90	2011.1666666666667
100	2144.0
110	2017.6666666666667
120	2086.6666666666665
130	2024.8333333333333
140	2226.1666666666665
150	2164.8333333333335
160	2382.6666666666665
170	2237.1666666666665
180	2106.5
190	2251.8333333333335
200	2427.8333333333335
210	2294.6666666666665
220	2240.5
230	2181.8333333333335
240	2356.1666666666665
250	2089.0
260	2366.0
270	2499.6666666666665
280	2392.5
290	2269.3333333333335
300	2421.6666666666665
310	2367.3333333333335
320	2572.3333333333335
330	2397.8333333333335
340	2569.6666666666665
350	2620.8333333333335
360	2441.8333333333335
370	2388.6666666666665
380	2378.5
390	2362.0
400	2451.3333333333335
410	2524.3333333333335
420	2389.5
430	2567.3333333333335
440	2806.8333333333335
450	2635.1666666666665
460	2529.8333333333335
470	2799.5
480	2642.3333333333335
490	2428.3333333333335
500	2724.6666666666665
