0	249.33333333333334	0.0
10	70.0	268.0
20	70.0	607.0
30	70.0	125.0
40	70.0	0.0
50	70.0	0.0
60	70.0	0.0
70	70.33333333333333	0.0
80	74.0	0.0
90	73.33333333333333	0.0
100	80.66666666666667	0.0
110	146.0	0.0
120	134.66666666666666	0.0
130	316.3333333333333	0.0
140	530.0	0.0
150	375.0	0.0
160	168.66666666666666	0.0
170	84.0	0.0
180	428.3333333333333	0.0
190	158.66666666666666	0.0
200	332.0	0.0
210	516.0	0.0
220	622.0	0.0
230	718.0	0.0
240	427.3333333333333	0.0
250	257.0	0.0
260	214.66666666666666	0.0
270	345.6666666666667	0.0
280	926.5	0.0
290	1149.0	0.0
300	1512.0	0.0
310	1170.1666666666667	0.0
320	1475.6666666666667	0.0
330	2339.1666666666665	0.0
340	2104.0	0.0
350	1613.8333333333333	0.0
360	2162.0	0.0
370	2501.1666666666665	0.0
380	2005.0	0.0
390	2458.0	0.0
400	2360.0	0.0
410	2286.3333333333335	0.0
420	2559.0	0.0
430	2392.3333333333335	0.0
440	2623.0	0.0
450	2692.6666666666665	0.0
460	2590.0	0.0
470	2731.3333333333335	0.0
480	1997.8333333333333	0.0
490	2194.6666666666665	0.0
500	1765.3333333333333	0.0
510	1958.0	0.0
520	1872.1666666666667	0.0
530	2487.6666666666665	0.0
540	2262.0	0.0
550	1703.6666666666667	0.0
560	1795.0	0.0
570	2169.5	0.0
580	1849.6666666666667	0.0
590	1683.0	0.0
600	2231.1666666666665	0.0
610	2392.6666666666665	0.0
620	2263.8333333333335	0.0
630	2234.6666666666665	0.0
640	2486.3333333333335	0.0
650	1984.0	0.0
660	2119.0	0.0
670	1946.8333333333333	0.0
680	2455.0	0.0
690	2284.8333333333335	0.0
700	1926.0	0.0
710	2429.3333333333335	0.0
720	2241.3333333333335	0.0
730	2397.6666666666665	0.0
740	2725.5	0.0
750	2515.6666666666665	0.0
760	2490.6666666666665	0.0
770	2412.8333333333335	0.0
780	2409.3333333333335	0.0
790	2466.3333333333335	0.0
800	2438.6666666666665	0.0
810	2563.0	0.0
820	2325.6666666666665	0.0
830	2523.8333333333335	0.0
840	2435.6666666666665	0.0
850	2691.3333333333335	0.0
860	2367.5	0.0
870	1910.0	0.0
880	1750.6666666666667	0.0
890	2013.1666666666667	0.0
900	2108.1666666666665	0.0
910	2551.3333333333335	0.0
920	1986.0	0.0
930	1905.5	0.0
940	2102.1666666666665	0.0
950	2120.1666666666665	0.0
960	1876.6666666666667	0.0
970	2036.0	0.0
980	1985.5	0.0
990	2277.0	0.0
1000	2008.5	0.0
