0	260.6666666666667	0.0
10	70.0	258.0
20	70.0	530.0
30	70.0	212.0
40	70.0	0.0
50	70.0	0.0
60	70.0	0.0
70	70.0	0.0
80	70.0	0.0
90	83.0	0.0
100	75.0	0.0
110	330.0	0.0
120	115.33333333333333	0.0
130	131.66666666666666	0.0
140	334.3333333333333	0.0
150	153.33333333333334	0.0
160	305.3333333333333	0.0
170	468.6666666666667	0.0
180	310.6666666666667	0.0
190	199.33333333333334	0.0
200	262.0	0.0
210	268.3333333333333	0.0
220	324.6666666666667	0.0
230	369.6666666666667	0.0
240	411.3333333333333	0.0
250	442.0	0.0
260	319.6666666666667	0.0
270	424.6666666666667	0.0
280	460.0	0.0
290	522.3333333333334	0.0
300	465.3333333333333	0.0
310	607.3333333333334	0.0
320	375.0	0.0
330	354.6666666666667	0.0
340	594.3333333333334	0.0
350	631.0	0.0
360	898.5	0.0
370	744.8333333333334	0.0
380	843.3333333333334	0.0
390	830.0	0.0
400	1081.3333333333333	0.0
410	1119.6666666666667	0.0
420	1714.3333333333333	0.0
430	1597.1666666666667	0.0
440	1706.0	0.0
450	1660.6666666666667	0.0
460	2402.0	0.0
470	2403.3333333333335	0.0
480	1979.6666666666667	0.0
490	2281.0	0.0
500	2282.6666666666665	0.0
510	2086.3333333333335	0.0
520	1860.1666666666667	0.0
530	2450.6666666666665	0.0
540	2033.1666666666667	0.0
550	2182.3333333333335	0.0
560	1838.6666666666667	0.0
570	1936.1666666666667	0.0
580	1597.1666666666667	0.0
590	1413.1666666666667	0.0
600	1386.3333333333333	0.0
610	1806.8333333333333	0.0
620	1908.0	0.0
630	2298.6666666666665	0.0
640	2179.5	0.0
650	1940.3333333333333	0.0
660	2016.1666666666667	0.0
670	1957.3333333333333	0.0
680	2206.3333333333335	0.0
690	1802.3333333333333	0.0
700	2073.1666666666665	0.0
710	2226.6666666666665	0.0
720	1941.6666666666667	0.0
730	2300.3333333333335	0.0
740	2332.3333333333335	0.0
750	2436.8333333333335	0.0
760	2294.0	0.0
770	2305.6666666666665	0.0
780	2540.6666666666665	0.0
790	1880.8333333333333	0.0
800	1947.3333333333333	0.0
810	1547.0	0.0
820	2053.3333333333335	0.0
830	2503.0	0.0
840	2347.3333333333335	0.0
850	2516.1666666666665	0.0
860	2330.5	0.0
870	2261.6666666666665	0.0
880	2356.1666666666665	0.0
890	2397.3333333333335	0.0
900	2261.3333333333335	0.0
910	2113.3333333333335	0.0
920	2469.3333333333335	0.0
930	2359.8333333333335	0.0
940	2656.3333333333335	0.0
950	2627.8333333333335	0.0
960	2523.1666666666665	0.0
970	2546.0	0.0
980	2471.0	0.0
990	2337.6666666666665	0.0
1000	2551.8333333333335	0.0
