0	243.33333333333334	0.0
10	70.0	260.0
20	70.0	595.0
30	70.0	145.0
40	70.0	0.0
50	70.0	0.0
60	70.0	0.0
70	70.0	0.0
80	70.33333333333333	0.0
90	70.0	0.0
100	76.0	0.0
110	158.66666666666666	0.0
120	73.33333333333333	0.0
130	354.0	0.0
140	427.0	0.0
150	519.3333333333334	0.0
160	265.0	0.0
170	162.33333333333334	0.0
180	241.66666666666666	0.0
190	215.0	0.0
200	211.0	0.0
210	337.3333333333333	0.0
220	340.3333333333333	0.0
230	110.0	0.0
240	287.0	0.0
250	335.6666666666667	0.0
260	401.0	0.0
270	306.0	0.0
280	336.0	0.0
290	324.0	0.0
300	253.66666666666666	0.0
310	321.6666666666667	0.0
320	578.6666666666666	0.0
330	566.3333333333334	0.0
340	465.0	0.0
350	401.6666666666667	0.0
360	580.6666666666666	0.0
370	600.3333333333334	0.0
380	643.3333333333334	0.0
390	1062.6666666666667	0.0
400	1003.6666666666666	0.0
410	1015.3333333333334	0.0
420	1131.0	0.0
430	1288.0	0.0
440	1459.6666666666667	0.0
450	1544.6666666666667	0.0
460	1976.8333333333333	0.0
470	1655.5	0.0
480	2007.6666666666667	0.0
490	1703.5	0.0
500	1461.6666666666667	0.0
510	1542.1666666666667	0.0
520	1589.6666666666667	0.0
530	1901.3333333333333	0.0
540	1868.3333333333333	0.0
550	2114.5	0.0
560	1754.3333333333333	0.0
570	1991.6666666666667	0.0
580	2511.1666666666665	0.0
590	1964.1666666666667	0.0
600	2158.0	0.0
610	1988.0	0.0
620	2489.3333333333335	0.0
630	2090.1666666666665	0.0
640	2044.6666666666667	0.0
650	2211.6666666666665	0.0
660	2223.5	0.0
670	1969.0	0.0
680	1721.3333333333333	0.0
690	1802.5	0.0
700	1857.5	0.0
710	1891.6666666666667	0.0
720	2040.3333333333333	0.0
730	1910.3333333333333	0.0
740	1904.6666666666667	0.0
750	2106.5	0.0
760	1912.6666666666667	0.0
770	1849.1666666666667	0.0
780	2736.3333333333335	0.0
790	1648.0	0.0
800	2657.3333333333335	0.0
810	2334.0	0.0
820	2297.6666666666665	0.0
830	2281.3333333333335	0.0
840	2331.6666666666665	0.0
850	2353.8333333333335	0.0
860	2554.6666666666665	0.0
870	2438.6666666666665	0.0
880	2550.5	0.0
890	2668.1666666666665	0.0
900	2338.0	0.0
910	2463.5	0.0
920	2537.6666666666665	0.0
930	2493.6666666666665	0.0
940	2134.6666666666665	0.0
950	2371.6666666666665	0.0
960	2170.0	0.0
970	2446.8333333333335	0.0
980	1590.5	0.0
990	1803.1666666666667	0.0
1000	2060.0	0.0
