0	249.33333333333334	0.0
10	70.0	1000.0
20	70.33333333333333	0.0
30	518.6666666666666	0.0
40	209.0	0.0
50	854.0	0.0
60	1639.3333333333333	0.0
70	1058.0	0.0
80	1230.6666666666667	0.0
90	2083.6666666666665	0.0
100	2312.0	0.0
110	2274.0	0.0
120	2320.8333333333335	0.0
130	2373.6666666666665	0.0
140	2355.0	0.0
150	2269.6666666666665	0.0
160	2385.8333333333335	0.0
170	2271.6666666666665	0.0
180	2252.3333333333335	0.0
190	2261.1666666666665	0.0
200	2229.5	0.0
210	2513.0	0.0
220	2351.3333333333335	0.0
230	2408.1666666666665	0.0
240	2400.6666666666665	0.0
250	2400.0	0.0
260	2277.3333333333335	0.0
270	2382.3333333333335	0.0
280	2464.6666666666665	0.0
290	2468.0	0.0
300	2232.6666666666665	0.0
310	2092.3333333333335	0.0
320	2379.3333333333335	0.0
330	1916.5	0.0
340	1653.3333333333333	0.0
350	1818.3333333333333	0.0
360	1517.0	0.0
370	1664.8333333333333	0.0
380	1822.6666666666667	0.0
390	1732.0	0.0
400	1982.5	0.0
410	1362.8333333333333	0.0
420	1377.1666666666667	0.0
430	1916.0	0.0
440	2106.8333333333335	0.0
450	2188.8333333333335	0.0
460	1549.3333333333333	0.0
470	1870.5	0.0
480	1786.0	0.0
490	2188.6666666666665	0.0
500	2176.1666666666665	0.0
510	1639.0	0.0
520	2404.6666666666665	0.0
530	2471.5	0.0
540	1903.6666666666667	0.0
550	1612.0	0.0
560	1635.3333333333333	0.0
570	2498.3333333333335	0.0
580	1655.3333333333333	0.0
590	2393.0	0.0
600	1891.6666666666667	0.0
610	1799.5	0.0
620	1763.3333333333333	0.0
630	1919.8333333333333	0.0
640	1811.0	0.0
650	1947.0	0.0
660	1607.6666666666667	0.0
670	2482.3333333333335	0.0
680	2399.3333333333335	0.0
690	2387.0	0.0
700	1837.0	0.0
710	1769.0	0.0
720	1888.8333333333333	0.0
730	2303.5	0.0
740	1852.5	0.0
750	2102.6666666666665	0.0
760	2544.0	0.0
770	2645.3333333333335	0.0
780	2437.6666666666665	0.0
790	2718.0	0.0
800	2433.0	0.0
810	2499.8333333333335	0.0
820	2274.1666666666665	0.0
830	2522.6666666666665	0.0
840	2493.6666666666665	0.0
850	2481.3333333333335	0.0
860	2355.3333333333335	0.0
870	2557.1666666666665	0.0
880	2555.5	0.0
890	2584.0	0.0
900	2700.1666666666665	0.0
910	2475.8333333333335	0.0
920	2465.6666666666665	0.0
930	2428.0	0.0
940	2520.0	0.0
950	2395.0	0.0
960	2365.0	0.0
970	2489.3333333333335	0.0
980	1866.6666666666667	0.0
990	1805.5	0.0
1000	2211.6666666666665	0.0
