0	253.33333333333334	0.0
10	1429.3333333333333	1000.0
20	1120.3333333333333	0.0
30	1727.3333333333333	0.0
40	2277.8333333333335	0.0
50	2100.3333333333335	0.0
60	2101.1666666666665	0.0
70	2222.0	0.0
80	2398.0	0.0
90	2417.0	0.0
100	2283.5	0.0
110	1989.3333333333333	0.0
120	1923.6666666666667	0.0
130	2478.3333333333335	0.0
140	2548.8333333333335	0.0
150	2336.0	0.0
160	2511.0	0.0
170	2392.3333333333335	0.0
180	2337.0	0.0
190	2635.0	0.0
200	2525.3333333333335	0.0
210	2336.0	0.0
220	2434.3333333333335	0.0
230	2300.6666666666665	0.0
240	1720.1666666666667	0.0
250	1883.5	0.0
260	1739.6666666666667	0.0
270	1530.6666666666667	0.0
280	1826.0	0.0
290	2079.6666666666665	0.0
300	1963.3333333333333	0.0
310	1832.1666666666667	0.0
320	2029.0	0.0
330	2184.0	0.0
340	2063.6666666666665	0.0
350	2016.6666666666667	0.0
360	1888.6666666666667	0.0
370	2232.0	0.0
380	2236.3333333333335	0.0
390	2005.6666666666667	0.0
400	2682.3333333333335	0.0
410	1975.8333333333333	0.0
420	2131.3333333333335	0.0
430	1978.6666666666667	0.0
440	2087.6666666666665	0.0
450	1803.3333333333333	0.0
460	1998.3333333333333	0.0
470	2246.3333333333335	0.0
480	2395.0	0.0
490	2554.5	0.0
500	2378.0	0.0
510	2409.1666666666665	0.0
520	2340.8333333333335	0.0
530	2477.0	0.0
540	1897.3333333333333	0.0
550	2173.0	0.0
560	1752.3333333333333	0.0
570	1993.6666666666667	0.0
580	2386.0	0.0
590	2177.8333333333335	0.0
600	2023.6666666666667	0.0
610	2170.6666666666665	0.0
620	1931.3333333333333	0.0
630	1967.3333333333333	0.0
640	2401.8333333333335	0.0
650	2313.5	0.0
660	1768.8333333333333	0.0
670	1870.0	0.0
680	2220.3333333333335	0.0
690	2425.3333333333335	0.0
700	2536.1666666666665	0.0
710	2509.5	0.0
720	2310.3333333333335	0.0
730	2429.3333333333335	0.0
740	2218.0	0.0
750	2560.3333333333335	0.0
760	2245.8333333333335	0.0
770	2575.5	0.0
780	2348.0	0.0
790	2674.0	0.0
800	2585.6666666666665	0.0
810	2684.8333333333335	0.0
820	2317.5	0.0
830	2511.0	0.0
840	1785.3333333333333	0.0
850	2133.8333333333335	0.0
860	1979.6666666666667	0.0
870	2105.1666666666665	0.0
880	2179.3333333333335	0.0
890	1997.1666666666667	0.0
900	1709.6666666666667	0.0
910	1969.0	0.0
920	2530.0	0.0
930	2406.6666666666665	0.0
940	2440.3333333333335	0.0
950	2360.8333333333335	0.0
960	2762.0	0.0
970	2384.0	0.0
980	2493.8333333333335	0.0
990	2478.5	0.0
1000	2500.6666666666665	0.0
