0	291.3333333333333	0.0
10	70.0	0.0
20	70.0	58.0
30	70.0	6.0
40	70.0	0.0
50	70.0	23.0
60	71.0	0.0
70	73.33333333333333	3.0
80	135.33333333333334	0.0
90	341.0	6.0
100	488.3333333333333	8.0
110	1020.0	2.0
120	1262.0	1.0
130	1214.6666666666667	2.0
140	1040.6666666666667	17.0
150	2176.6666666666665	7.0
160	1709.6666666666667	25.0
170	1824.0	14.0
180	2129.5	7.0
190	2266.8333333333335	10.0
200	2395.3333333333335	7.0
210	2277.6666666666665	5.0
220	2169.3333333333335	9.0
230	2260.3333333333335	16.0
240	2236.6666666666665	20.0
250	2259.0	14.0
260	2537.6666666666665	22.0
270	2397.6666666666665	19.0
280	2471.3333333333335	12.0
290	2453.6666666666665	16.0
300	2685.1666666666665	6.0
310	1777.8333333333333	11.0
320	2360.1666666666665	16.0
330	2429.6666666666665	12.0
340	2699.6666666666665	6.0
350	2459.0	8.0
360	2603.8333333333335	5.0
370	2555.0	6.0
380	2480.3333333333335	8.0
390	2422.3333333333335	8.0
400	2138.6666666666665	7.0
410	2016.3333333333333	22.0
420	1578.0	18.0
430	2433.6666666666665	6.0
440	1428.3333333333333	9.0
450	1946.8333333333333	14.0
460	2281.1666666666665	21.0
470	2049.0	25.0
480	2005.3333333333333	21.0
490	2090.0	32.0
500	1894.3333333333333	15.0
510	1921.5	20.0
520	1983.3333333333333	17.0
530	1801.8333333333333	28.0
540	1895.6666666666667	23.0
550	1817.3333333333333	28.0
560	2015.6666666666667	14.0
570	1871.6666666666667	32.0
580	1977.3333333333333	23.0
590	2269.0	28.0
600	2022.0	13.0
610	2259.1666666666665	23.0
620	1748.6666666666667	17.0
630	1926.0	4.0
640	2368.6666666666665	8.0
650	2308.3333333333335	15.0
660	1788.3333333333333	6.0
670	1992.3333333333333	14.0
680	2110.5	11.0
690	1752.3333333333333	20.0
700	2286.3333333333335	11.0
710	1935.1666666666667	8.0
720	2340.6666666666665	12.0
730	2125.8333333333335	11.0
740	2625.6666666666665	9.0
750	2323.3333333333335	0.0
760	2222.3333333333335	0.0
770	2540.8333333333335	0.0
780	2520.6666666666665	0.0
790	1625.3333333333333	0.0
800	2404.0	0.0
810	2377.6666666666665	0.0
820	2436.8333333333335	0.0
830	2681.8333333333335	0.0
840	2476.0	0.0
850	2305.3333333333335	0.0
860	2349.3333333333335	0.0
870	2524.6666666666665	0.0
880	2493.5	0.0
890	2505.3333333333335	0.0
900	2340.3333333333335	0.0
910	2296.6666666666665	0.0
920	2065.8333333333335	0.0
930	2105.5	0.0
940	1990.5	0.0
950	1978.6666666666667	0.0
960	2327.3333333333335	0.0
970	2025.5	0.0
980	2238.3333333333335	0.0
990	2056.3333333333335	0.0
1000	1780.8333333333333	0.0
