0	281.3333333333333	0.0
10	70.0	1.0
20	70.0	6.0
30	70.0	0.0
40	70.0	5.0
50	70.0	36.0
60	70.0	3.0
70	70.0	0.0
80	72.0	0.0
90	70.33333333333333	21.0
100	94.0	7.0
110	371.0	4.0
120	74.0	5.0
130	242.33333333333334	0.0
140	180.0	6.0
150	610.6666666666666	6.0
160	1592.0	8.0
170	2112.8333333333335	8.0
180	2324.6666666666665	13.0
190	2265.3333333333335	6.0
200	1719.0	21.0
210	2195.1666666666665	10.0
220	2204.1666666666665	13.0
230	2094.1666666666665	9.0
240	2380.1666666666665	22.0
250	2282.6666666666665	8.0
260	2609.5	17.0
270	2231.6666666666665	15.0
280	2092.5	5.0
290	2252.5	10.0
300	2205.6666666666665	10.0
310	2451.6666666666665	12.0
320	1667.6666666666667	2.0
330	2484.0	24.0
340	2063.1666666666665	5.0
350	1906.3333333333333	11.0
360	1247.6666666666667	18.0
370	1426.6666666666667	7.0
380	2000.6666666666667	21.0
390	2034.3333333333333	23.0
400	1950.5	15.0
410	2315.6666666666665	3.0
420	2113.0	6.0
430	2581.8333333333335	17.0
440	2045.8333333333333	11.0
450	2311.3333333333335	9.0
460	2464.5	14.0
470	2426.0	7.0
480	2030.3333333333333	13.0
490	1762.1666666666667	24.0
500	1865.6666666666667	19.0
510	1981.5	11.0
520	2254.3333333333335	21.0
530	2444.1666666666665	19.0
540	1815.8333333333333	19.0
550	2053.8333333333335	14.0
560	2572.3333333333335	8.0
570	2266.0	15.0
580	2299.3333333333335	11.0
590	2156.6666666666665	17.0
600	1610.3333333333333	16.0
610	2144.3333333333335	38.0
620	1849.8333333333333	17.0
630	2366.0	31.0
640	2232.3333333333335	14.0
650	2336.3333333333335	10.0
660	2476.5	9.0
670	2372.3333333333335	7.0
680	2280.0	4.0
690	2217.6666666666665	13.0
700	2469.1666666666665	10.0
710	2054.0	6.0
720	2478.0	18.0
730	2683.3333333333335	20.0
740	2568.3333333333335	28.0
750	2607.1666666666665	9.0
760	2423.3333333333335	22.0
770	2094.0	9.0
780	2564.0	14.0
790	2080.5	12.0
800	2390.0	9.0
810	2367.0	7.0
820	2410.1666666666665	6.0
830	1913.0	0.0
840	2314.3333333333335	0.0
850	2224.1666666666665	0.0
860	2389.3333333333335	0.0
870	2184.0	0.0
880	2116.6666666666665	0.0
890	1996.0	0.0
900	1852.3333333333333	0.0
910	2521.6666666666665	0.0
920	2525.6666666666665	0.0
930	2467.6666666666665	0.0
940	2433.8333333333335	0.0
950	1960.3333333333333	0.0
960	2604.3333333333335	0.0
970	1642.0	0.0
980	2043.3333333333333	0.0
990	2287.3333333333335	0.0
1000	2317.1666666666665	0.0
