0	262.0	0.0
10	70.0	0.0
20	70.0	0.0
30	70.0	4.0
40	70.0	5.0
50	70.0	6.0
60	70.0	0.0
70	70.0	26.0
80	70.0	49.0
90	75.0	1.0
100	84.0	0.0
110	71.66666666666667	18.0
120	625.6666666666666	3.0
130	1281.6666666666667	7.0
140	2038.3333333333333	7.0
150	1922.0	13.0
160	2082.3333333333335	19.0
170	2118.6666666666665	8.0
180	2349.8333333333335	14.0
190	2666.6666666666665	10.0
200	2381.6666666666665	27.0
210	2474.3333333333335	7.0
220	2279.0	18.0
230	2374.0	11.0
240	2453.6666666666665	20.0
250	2473.6666666666665	13.0
260	2310.3333333333335	17.0
270	2623.1666666666665	20.0
280	2493.0	30.0
290	2260.3333333333335	20.0
300	2417.3333333333335	19.0
310	2380.3333333333335	21.0
320	2310.0	16.0
330	2555.0	5.0
340	2493.3333333333335	13.0
350	2383.8333333333335	11.0
360	1241.1666666666667	7.0
370	1501.0	5.0
380	2020.0	10.0
390	2016.3333333333333	12.0
400	2030.1666666666667	9.0
410	1936.0	23.0
420	2088.0	23.0
430	2202.3333333333335	25.0
440	2209.0	24.0
450	2223.1666666666665	6.0
460	2394.5	3.0
470	1717.0	13.0
480	2220.6666666666665	13.0
490	1856.6666666666667	15.0
500	2074.6666666666665	31.0
510	2129.3333333333335	33.0
520	2131.3333333333335	22.0
530	2124.0	15.0
540	2192.3333333333335	22.0
550	2075.6666666666665	18.0
560	2182.6666666666665	22.0
570	2024.3333333333333	11.0
580	2352.0	24.0
590	2231.0	25.0
600	1899.3333333333333	15.0
610	2140.6666666666665	14.0
620	2628.8333333333335	20.0
630	2163.8333333333335	24.0
640	1959.5	15.0
650	1777.5	23.0
660	1528.6666666666667	9.0
670	2184.3333333333335	11.0
680	2341.1666666666665	0.0
690	2359.1666666666665	0.0
700	2366.3333333333335	0.0
710	2498.0	0.0
720	1862.6666666666667	0.0
730	2451.5	0.0
740	2123.6666666666665	0.0
750	2439.1666666666665	0.0
760	2457.3333333333335	0.0
770	1874.6666666666667	0.0
780	2526.6666666666665	0.0
790	2547.6666666666665	0.0
800	2472.1666666666665	0.0
810	2631.8333333333335	0.0
820	2393.0	0.0
830	2474.5	0.0
840	2358.0	0.0
850	2251.8333333333335	0.0
860	2360.1666666666665	0.0
870	2279.6666666666665	0.0
880	2351.3333333333335	0.0
890	1825.0	0.0
900	1865.8333333333333	0.0
910	1848.5	0.0
920	1839.0	0.0
930	1682.0	0.0
940	1856.6666666666667	0.0
950	2509.0	0.0
960	1897.1666666666667	0.0
970	1919.6666666666667	0.0
980	2512.3333333333335	0.0
990	2291.8333333333335	0.0
1000	2442.3333333333335	0.0
