0	268.0	0.0
10	70.0	3.0
20	70.0	0.0
30	70.0	1.0
40	70.0	1.0
50	70.0	36.0
60	70.0	0.0
70	70.0	26.0
80	70.0	0.0
90	71.33333333333333	0.0
100	79.33333333333333	1.0
110	170.33333333333334	18.0
120	112.66666666666667	8.0
130	577.3333333333334	2.0
140	851.6666666666666	12.0
150	337.0	8.0
160	1073.6666666666667	3.0
170	1836.0	6.0
180	2007.3333333333333	11.0
190	1856.6666666666667	23.0
200	2169.1666666666665	23.0
210	2267.8333333333335	25.0
220	2159.6666666666665	10.0
230	1983.0	19.0
240	2537.0	8.0
250	2541.5	9.0
260	2505.8333333333335	5.0
270	2391.6666666666665	7.0
280	2312.3333333333335	6.0
290	2277.0	4.0
300	2476.8333333333335	17.0
310	1404.3333333333333	20.0
320	1799.3333333333333	10.0
330	1902.6666666666667	12.0
340	1666.6666666666667	17.0
350	1847.1666666666667	17.0
360	1777.5	13.0
370	2040.0	23.0
380	1948.0	13.0
390	1807.6666666666667	22.0
400	2001.0	20.0
410	1859.0	25.0
420	1582.3333333333333	8.0
430	2469.8333333333335	20.0
440	1984.0	10.0
450	2262.0	23.0
460	2088.6666666666665	31.0
470	1866.0	24.0
480	2051.6666666666665	23.0
490	2576.6666666666665	14.0
500	1807.6666666666667	22.0
510	2161.3333333333335	16.0
520	1919.0	23.0
530	1944.3333333333333	33.0
540	2262.0	10.0
550	2157.3333333333335	18.0
560	2401.3333333333335	21.0
570	2162.6666666666665	10.0
580	2554.5	11.0
590	2492.3333333333335	18.0
600	2288.6666666666665	15.0
610	2603.3333333333335	6.0
620	2453.3333333333335	8.0
630	2213.1666666666665	4.0
640	2338.3333333333335	15.0
650	2292.3333333333335	12.0
660	2378.0	11.0
670	2342.5	3.0
680	2641.6666666666665	11.0
690	2506.5	16.0
700	2484.6666666666665	7.0
710	2302.0	20.0
720	2720.0	12.0
730	2500.3333333333335	9.0
740	2505.3333333333335	20.0
750	2318.0	6.0
760	2287.6666666666665	6.0
770	2344.0	0.0
780	2217.0	0.0
790	2370.3333333333335	0.0
800	1603.0	0.0
810	2393.8333333333335	0.0
820	2317.8333333333335	0.0
830	2340.0	0.0
840	2362.6666666666665	0.0
850	2431.1666666666665	0.0
860	2596.3333333333335	0.0
870	2460.5	0.0
880	2381.3333333333335	0.0
890	2644.3333333333335	0.0
900	2673.5	0.0
910	2264.5	0.0
920	2055.3333333333335	0.0
930	2160.5	0.0
940	2327.3333333333335	0.0
950	1752.8333333333333	0.0
960	2353.5	0.0
970	2142.8333333333335	0.0
980	2235.5	0.0
990	2109.0	0.0
1000	1935.8333333333333	0.0
