0	281.6666666666667	0.0
10	70.0	0.0
20	70.0	0.0
30	70.0	0.0
40	70.0	0.0
50	70.0	0.0
60	70.0	0.0
70	70.0	0.0
80	70.0	0.0
90	70.0	0.0
100	70.0	0.0
110	70.0	0.0
120	70.0	0.0
130	70.0	0.0
140	70.0	0.0
150	70.0	0.0
160	70.0	0.0
170	70.0	0.0
180	70.0	0.0
190	70.0	0.0
200	71.66666666666667	0.0
210	77.33333333333333	0.0
220	71.0	0.0
230	75.66666666666667	0.0
240	171.66666666666666	0.0
250	170.66666666666666	0.0
260	143.66666666666666	0.0
270	287.6666666666667	0.0
280	215.33333333333334	0.0
290	173.33333333333334	0.0
300	148.33333333333334	0.0
310	228.0	0.0
320	179.66666666666666	0.0
330	163.33333333333334	0.0
340	147.0	0.0
350	171.0	0.0
360	161.33333333333334	0.0
370	187.0	0.0
380	163.0	0.0
390	328.3333333333333	0.0
400	343.6666666666667	0.0
410	471.3333333333333	0.0
420	467.6666666666667	0.0
430	868.6666666666666	0.0
440	732.3333333333334	0.0
450	992.3333333333334	0.0
460	1101.0	0.0
470	1158.6666666666667	0.0
480	1394.0	0.0
490	1558.3333333333333	0.0
500	2209.0	0.0
510	2059.3333333333335	0.0
520	1555.0	0.0
530	2053.0	0.0
540	1716.0	0.0
550	2065.0	0.0
560	1783.0	0.0
570	2068.8333333333335	0.0
580	2187.8333333333335	0.0
590	2298.0	0.0
600	1994.3333333333333	0.0
610	2127.3333333333335	0.0
620	2206.6666666666665	0.0
630	2065.3333333333335	0.0
640	2053.3333333333335	0.0
650	2088.0	0.0
660	2380.0	0.0
670	2289.0	0.0
680	2295.0	0.0
690	2672.1666666666665	0.0
700	2293.6666666666665	0.0
710	2358.3333333333335	0.0
720	2405.0	0.0
730	2508.6666666666665	0.0
740	2695.5	0.0
750	2524.8333333333335	0.0
760	2749.1666666666665	0.0
770	2684.6666666666665	0.0
780	2717.5	0.0
790	2572.1666666666665	0.0
800	2284.3333333333335	0.0
