0	256.0	0.0
10	70.0	0.0
20	70.0	0.0
30	70.0	0.0
40	70.0	0.0
50	70.0	0.0
60	70.0	0.0
70	70.0	0.0
80	70.0	0.0
90	70.0	0.0
100	70.0	0.0
110	70.0	0.0
120	70.0	0.0
130	70.0	0.0
140	70.0	0.0
150	70.0	0.0
160	70.0	0.0
170	70.0	0.0
180	71.33333333333333	0.0
190	71.0	0.0
200	70.0	0.0
210	72.0	0.0
220	73.0	0.0
230	72.33333333333333	0.0
240	144.66666666666666	0.0
250	163.66666666666666	0.0
260	154.33333333333334	0.0
270	150.66666666666666	0.0
280	156.0	0.0
290	138.33333333333334	0.0
300	155.66666666666666	0.0
310	130.33333333333334	0.0
320	130.33333333333334	0.0
330	130.0	0.0
340	151.33333333333334	0.0
350	171.0	0.0
360	146.0	0.0
370	136.66666666666666	0.0
380	199.0	0.0
390	164.0	0.0
400	221.0	0.0
410	209.66666666666666	0.0
420	262.6666666666667	0.0
430	288.0	0.0
440	353.3333333333333	0.0
450	339.6666666666667	0.0
460	717.0	0.0
470	1125.6666666666667	0.0
480	1431.6666666666667	0.0
490	560.6666666666666	0.0
500	1088.6666666666667	0.0
510	1453.0	0.0
520	1214.8333333333333	0.0
530	1497.0	0.0
540	1955.6666666666667	0.0
550	1965.3333333333333	0.0
560	1541.6666666666667	0.0
570	1546.1666666666667	0.0
580	1832.0	0.0
590	2251.0	0.0
600	2359.3333333333335	0.0
610	1899.6666666666667	0.0
620	2095.0	0.0
630	1831.3333333333333	0.0
640	1617.0	0.0
650	2549.1666666666665	0.0
660	2514.0	0.0
670	2246.6666666666665	0.0
680	2422.0	0.0
690	2294.0	0.0
700	2354.1666666666665	0.0
710	2271.6666666666665	0.0
720	2248.3333333333335	0.0
730	2490.1666666666665	0.0
740	2515.8333333333335	0.0
750	2460.1666666666665	0.0
760	2712.6666666666665	0.0
770	2602.8333333333335	0.0
780	2639.3333333333335	0.0
790	2893.8333333333335	0.0
800	2689.1666666666665	0.0
