0	243.33333333333334	0.0
10	70.0	0.0
20	70.0	0.0
30	70.0	0.0
40	70.0	0.0
50	70.0	0.0
60	70.0	0.0
70	70.0	0.0
80	70.0	0.0
90	70.0	0.0
100	70.0	0.0
110	70.0	0.0
120	70.0	0.0
130	70.0	0.0
140	70.0	0.0
150	70.0	0.0
160	70.0	0.0
170	70.33333333333333	0.0
180	70.66666666666667	0.0
190	76.66666666666667	0.0
200	71.33333333333333	0.0
210	71.33333333333333	0.0
220	72.33333333333333	0.0
230	74.66666666666667	0.0
240	129.33333333333334	0.0
250	112.0	0.0
260	153.66666666666666	0.0
270	165.0	0.0
280	168.0	0.0
290	178.33333333333334	0.0
300	163.33333333333334	0.0
310	146.33333333333334	0.0
320	154.0	0.0
330	151.0	0.0
340	153.66666666666666	0.0
350	274.3333333333333	0.0
360	146.0	0.0
370	162.33333333333334	0.0
380	171.33333333333334	0.0
390	148.33333333333334	0.0
400	190.33333333333334	0.0
410	167.0	0.0
420	461.6666666666667	0.0
430	812.6666666666666	0.0
440	908.0	0.0
450	846.3333333333334	0.0
460	775.3333333333334	0.0
470	1088.0	0.0
480	1421.1666666666667	0.0
490	1257.3333333333333	0.0
500	1321.6666666666667	0.0
510	1535.3333333333333	0.0
520	2106.0	0.0
530	1666.6666666666667	0.0
540	1839.0	0.0
550	2314.0	0.0
560	1873.6666666666667	0.0
570	2002.3333333333333	0.0
580	2324.1666666666665	0.0
590	2136.0	0.0
600	2273.6666666666665	0.0
610	2284.0	0.0
620	2467.3333333333335	0.0
630	2275.8333333333335	0.0
640	2205.5	0.0
650	2355.3333333333335	0.0
660	2084.8333333333335	0.0
670	2321.5	0.0
680	2341.0	0.0
690	2369.3333333333335	0.0
700	2105.0	0.0
710	2466.5	0.0
720	2495.8333333333335	0.0
730	2466.1666666666665	0.0
740	2694.6666666666665	0.0
750	2598.5	0.0
760	2582.0	0.0
770	2670.8333333333335	0.0
780	2304.5	0.0
790	2838.3333333333335	0.0
800	2600.3333333333335	0.0
