0	307.6666666666667	0.0
10	70.0	0.0
20	70.0	0.0
30	70.0	0.0
40	70.0	0.0
50	70.0	0.0
60	70.0	0.0
70	70.0	0.0
80	70.0	0.0
90	70.0	0.0
100	70.0	0.0
110	70.0	0.0
120	70.0	0.0
130	70.0	0.0
140	70.0	0.0
150	70.0	0.0
160	70.0	0.0
170	70.0	0.0
180	70.33333333333333	0.0
190	70.0	0.0
200	71.0	0.0
210	70.0	0.0
220	72.0	0.0
230	75.0	0.0
240	71.33333333333333	0.0
250	70.0	0.0
260	140.66666666666666	0.0
270	312.0	0.0
280	147.0	0.0
290	106.0	0.0
300	148.66666666666666	0.0
310	176.66666666666666	0.0
320	169.66666666666666	0.0
330	195.0	0.0
340	151.66666666666666	0.0
350	152.0	0.0
360	205.66666666666666	0.0
370	138.0	0.0
380	144.0	0.0
390	154.66666666666666	0.0
400	247.33333333333334	0.0
410	231.33333333333334	0.0
420	235.0	0.0
430	219.66666666666666	0.0
440	230.0	0.0
450	313.6666666666667	0.0
460	221.66666666666666	0.0
470	229.66666666666666	0.0
480	335.3333333333333	0.0
490	413.6666666666667	0.0
500	281.0	0.0
510	345.3333333333333	0.0
520	254.0	0.0
530	208.0	0.0
540	335.0	0.0
550	329.6666666666667	0.0
560	572.0	0.0
570	462.3333333333333	0.0
580	566.3333333333334	0.0
590	666.0	0.0
600	370.0	0.0
610	511.3333333333333	0.0
620	448.3333333333333	0.0
630	605.6666666666666	0.0
640	543.3333333333334	0.0
650	544.0	0.0
660	598.6666666666666	0.0
670	825.5	0.0
680	761.0	0.0
690	767.3333333333334	0.0
700	816.3333333333334	0.0
710	707.0	0.0
720	1071.6666666666667	0.0
730	1838.1666666666667	0.0
740	995.6666666666666	0.0
750	1234.3333333333333	0.0
760	2341.5	0.0
770	1946.1666666666667	0.0
780	2027.6666666666667	0.0
790	1743.0	0.0
800	1927.6666666666667	0.0
