0	264.3333333333333	0.0
10	70.0	1000.0
20	70.0	0.0
30	70.66666666666667	0.0
40	251.0	0.0
50	858.6666666666666	0.0
60	846.3333333333334	0.0
70	217.0	0.0
80	961.1666666666666	0.0
90	398.6666666666667	0.0
100	102.33333333333333	0.0
110	1810.8333333333333	0.0
120	1800.0	0.0
130	1429.0	0.0
140	1883.0	0.0
150	2150.3333333333335	0.0
160	2032.6666666666667	0.0
170	2301.5	0.0
180	2482.0	0.0
190	2434.3333333333335	0.0
200	2597.0	0.0
210	2301.6666666666665	0.0
220	2178.6666666666665	0.0
230	2524.6666666666665	0.0
240	2466.6666666666665	0.0
250	2433.6666666666665	0.0
260	2288.6666666666665	0.0
270	2354.0	0.0
280	2512.3333333333335	0.0
290	1801.5	0.0
300	1796.0	0.0
310	2194.5	0.0
320	2259.0	0.0
330	2201.6666666666665	0.0
340	1905.1666666666667	0.0
350	1680.8333333333333	0.0
360	1570.0	0.0
370	1951.8333333333333	0.0
380	2270.6666666666665	0.0
390	2196.8333333333335	0.0
400	2320.6666666666665	0.0
410	1894.1666666666667	0.0
420	2001.1666666666667	0.0
430	2122.5	0.0
440	2147.6666666666665	0.0
450	2126.3333333333335	0.0
460	1987.3333333333333	0.0
470	2208.6666666666665	0.0
480	1813.5	0.0
490	1806.5	0.0
500	1866.3333333333333	0.0
510	1790.0	0.0
520	2188.3333333333335	0.0
530	2346.6666666666665	0.0
540	2411.0	0.0
550	1902.8333333333333	0.0
560	2589.3333333333335	0.0
570	1715.3333333333333	0.0
580	2289.0	0.0
590	1803.8333333333333	0.0
600	1924.3333333333333	0.0
610	1747.3333333333333	0.0
620	2377.6666666666665	0.0
630	2548.6666666666665	0.0
640	1694.5	0.0
650	2120.3333333333335	0.0
660	2402.0	0.0
670	2359.1666666666665	0.0
680	2637.8333333333335	0.0
690	1616.0	0.0
700	1650.3333333333333	0.0
710	2315.3333333333335	0.0
720	2397.6666666666665	0.0
730	1967.3333333333333	0.0
740	1636.6666666666667	0.0
750	1964.0	0.0
760	1878.1666666666667	0.0
770	2497.3333333333335	0.0
780	2444.3333333333335	0.0
790	2504.6666666666665	0.0
800	2507.5	0.0
810	2239.3333333333335	0.0
820	2468.6666666666665	0.0
830	2602.0	0.0
840	1726.6666666666667	0.0
850	2085.3333333333335	0.0
860	2234.8333333333335	0.0
870	1820.6666666666667	0.0
880	1888.8333333333333	0.0
890	1990.3333333333333	0.0
900	1819.5	0.0
910	2106.3333333333335	0.0
920	1747.1666666666667	0.0
930	1901.6666666666667	0.0
940	1601.8333333333333	0.0
950	1865.1666666666667	0.0
960	2189.8333333333335	0.0
970	1881.0	0.0
980	1613.1666666666667	0.0
990	2144.6666666666665	0.0
1000	2073.1666666666665	0.0
