0	267.3333333333333	0.0
10	70.0	1000.0
20	70.0	0.0
30	70.0	0.0
40	70.0	0.0
50	70.0	0.0
60	174.33333333333334	0.0
70	87.0	0.0
80	372.3333333333333	0.0
90	377.6666666666667	0.0
100	449.6666666666667	0.0
110	271.6666666666667	0.0
120	1121.3333333333333	0.0
130	2083.0	0.0
140	1965.3333333333333	0.0
150	1312.3333333333333	0.0
160	2091.6666666666665	0.0
170	1954.8333333333333	0.0
180	2224.0	0.0
190	2108.6666666666665	0.0
200	2181.8333333333335	0.0
210	2121.3333333333335	0.0
220	2436.6666666666665	0.0
230	2183.6666666666665	0.0
240	2335.3333333333335	0.0
250	2369.6666666666665	0.0
260	1864.8333333333333	0.0
270	2376.3333333333335	0.0
280	2587.0	0.0
290	2313.8333333333335	0.0
300	2635.3333333333335	0.0
310	2164.6666666666665	0.0
320	2591.3333333333335	0.0
330	1951.5	0.0
340	2319.5	0.0
350	2248.0	0.0
360	2305.8333333333335	0.0
370	2354.0	0.0
380	2643.3333333333335	0.0
390	2686.3333333333335	0.0
400	2615.6666666666665	0.0
410	2639.3333333333335	0.0
420	2651.6666666666665	0.0
430	2402.8333333333335	0.0
440	2679.6666666666665	0.0
450	2580.6666666666665	0.0
460	1712.3333333333333	0.0
470	2114.0	0.0
480	1458.6666666666667	0.0
490	1817.3333333333333	0.0
500	1831.6666666666667	0.0
510	1880.1666666666667	0.0
520	2244.6666666666665	0.0
530	2188.6666666666665	0.0
540	2449.5	0.0
550	2256.0	0.0
560	1946.3333333333333	0.0
570	2363.5	0.0
580	2214.6666666666665	0.0
590	2512.0	0.0
600	2315.6666666666665	0.0
610	2219.0	0.0
620	2539.5	0.0
630	2373.0	0.0
640	1953.6666666666667	0.0
650	2474.8333333333335	0.0
660	2304.3333333333335	0.0
670	2429.3333333333335	0.0
680	2224.3333333333335	0.0
690	2466.3333333333335	0.0
700	2312.8333333333335	0.0
710	2391.1666666666665	0.0
720	2520.1666666666665	0.0
730	2467.6666666666665	0.0
740	2437.5	0.0
750	2603.1666666666665	0.0
760	1601.6666666666667	0.0
770	2252.0	0.0
780	2350.3333333333335	0.0
790	2341.1666666666665	0.0
800	2297.3333333333335	0.0
810	2292.3333333333335	0.0
820	2516.0	0.0
830	2511.0	0.0
840	1726.0	0.0
850	1986.0	0.0
860	1774.6666666666667	0.0
870	2592.3333333333335	0.0
880	1884.0	0.0
890	1798.6666666666667	0.0
900	1594.3333333333333	0.0
910	2045.3333333333333	0.0
920	1666.3333333333333	0.0
930	2394.3333333333335	0.0
940	1853.6666666666667	0.0
950	1893.8333333333333	0.0
960	1707.6666666666667	0.0
970	2085.5	0.0
980	2066.3333333333335	0.0
990	2072.3333333333335	0.0
1000	2474.5	0.0
