0	239.0	0.0
10	70.0	0.0
20	70.0	0.0
30	70.0	0.0
40	70.0	0.0
50	70.0	0.0
60	70.0	0.0
70	70.0	0.0
80	71.66666666666667	0.0
90	77.33333333333333	0.0
100	75.66666666666667	0.0
110	200.0	0.0
120	278.0	0.0
130	77.33333333333333	0.0
140	136.0	0.0
150	344.0	0.0
160	247.33333333333334	0.0
170	109.0	0.0
180	171.66666666666666	0.0
190	134.0	0.0
200	498.6666666666667	0.0
210	347.3333333333333	0.0
220	304.3333333333333	0.0
230	432.6666666666667	0.0
240	595.3333333333334	0.0
250	568.6666666666666	0.0
260	469.3333333333333	0.0
270	545.6666666666666	0.0
280	416.6666666666667	0.0
290	674.0	0.0
300	793.3333333333334	0.0
310	1208.3333333333333	0.0
320	1965.3333333333333	0.0
330	1753.1666666666667	0.0
340	1922.3333333333333	0.0
350	2413.3333333333335	0.0
360	2421.3333333333335	0.0
370	2493.0	0.0
380	2574.8333333333335	0.0
390	2572.6666666666665	0.0
400	2457.3333333333335	0.0
410	2261.6666666666665	0.0
420	2218.0	0.0
430	2175.0	0.0
440	2757.5	0.0
450	2470.3333333333335	0.0
460	2502.5	0.0
470	1737.5	0.0
480	2261.6666666666665	0.0
490	1792.1666666666667	0.0
500	2224.3333333333335	0.0
510	1938.3333333333333	0.0
520	1709.3333333333333	0.0
530	1786.6666666666667	0.0
540	2121.3333333333335	0.0
550	1936.6666666666667	0.0
560	2080.0	0.0
570	2066.6666666666665	0.0
580	2117.3333333333335	0.0
590	1888.1666666666667	0.0
600	2201.6666666666665	0.0
610	2127.6666666666665	0.0
620	1952.8333333333333	0.0
630	1991.0	0.0
640	2025.3333333333333	0.0
650	1892.6666666666667	0.0
660	2382.1666666666665	0.0
670	2177.6666666666665	0.0
680	2330.3333333333335	0.0
690	2468.0	0.0
700	2480.1666666666665	0.0
710	2396.5	0.0
720	2312.8333333333335	0.0
730	2465.5	0.0
740	2622.0	0.0
750	2711.1666666666665	0.0
760	2542.0	0.0
770	1787.0	0.0
780	1759.0	0.0
790	2011.3333333333333	0.0
800	2040.5	0.0
810	1875.1666666666667	0.0
820	2371.6666666666665	0.0
830	2302.3333333333335	0.0
840	2304.1666666666665	0.0
850	2100.1666666666665	0.0
860	1827.3333333333333	0.0
870	2235.1666666666665	0.0
880	1892.6666666666667	0.0
890	1841.3333333333333	0.0
900	1805.6666666666667	0.0
910	2330.6666666666665	0.0
920	2421.0	0.0
930	2407.3333333333335	0.0
940	2409.0	0.0
950	2575.6666666666665	0.0
960	2575.3333333333335	0.0
970	2433.5	0.0
980	2398.0	0.0
990	2540.6666666666665	0.0
1000	2500.0	0.0
