0	265.3333333333333	0.0
10	70.0	0.0
20	70.0	0.0
30	70.0	0.0
40	70.0	0.0
50	70.0	0.0
60	70.0	0.0
70	70.0	0.0
80	70.66666666666667	0.0
90	70.66666666666667	0.0
100	167.66666666666666	0.0
110	78.0	0.0
120	79.33333333333333	0.0
130	422.0	0.0
140	339.3333333333333	0.0
150	438.6666666666667	0.0
160	194.66666666666666	0.0
170	285.3333333333333	0.0
180	296.0	0.0
190	302.6666666666667	0.0
200	258.3333333333333	0.0
210	305.6666666666667	0.0
220	346.6666666666667	0.0
230	348.0	0.0
240	287.0	0.0
250	362.3333333333333	0.0
260	322.0	0.0
270	209.33333333333334	0.0
280	288.0	0.0
290	328.0	0.0
300	319.0	0.0
310	602.3333333333334	0.0
320	391.6666666666667	0.0
330	570.6666666666666	0.0
340	505.0	0.0
350	494.3333333333333	0.0
360	790.6666666666666	0.0
370	943.3333333333334	0.0
380	765.3333333333334	0.0
390	1497.6666666666667	0.0
400	1196.3333333333333	0.0
410	1521.1666666666667	0.0
420	1724.6666666666667	0.0
430	1927.1666666666667	0.0
440	2084.8333333333335	0.0
450	1468.1666666666667	0.0
460	2291.8333333333335	0.0
470	2693.8333333333335	0.0
480	2670.3333333333335	0.0
490	2535.1666666666665	0.0
500	2467.3333333333335	0.0
510	2523.5	0.0
520	2049.6666666666665	0.0
530	1710.6666666666667	0.0
540	2007.6666666666667	0.0
550	1988.0	0.0
560	2322.6666666666665	0.0
570	1886.3333333333333	0.0
580	1756.1666666666667	0.0
590	2213.3333333333335	0.0
600	2503.0	0.0
