0	257.6666666666667	0.0
10	70.0	0.0
20	70.0	0.0
30	70.0	0.0
40	70.0	0.0
50	70.0	0.0
60	70.0	0.0
70	70.0	0.0
80	70.66666666666667	0.0
90	74.66666666666667	0.0
100	83.0	0.0
110	144.66666666666666	0.0
120	94.0	0.0
130	153.66666666666666	0.0
140	301.0	0.0
150	262.0	0.0
160	363.0	0.0
170	185.33333333333334	0.0
180	414.3333333333333	0.0
190	362.0	0.0
200	262.6666666666667	0.0
210	157.0	0.0
220	463.0	0.0
230	360.0	0.0
240	578.0	0.0
250	351.6666666666667	0.0
260	455.3333333333333	0.0
270	699.6666666666666	0.0
280	665.3333333333334	0.0
290	908.3333333333334	0.0
300	948.3333333333334	0.0
310	1639.1666666666667	0.0
320	1575.1666666666667	0.0
330	1939.0	0.0
340	1618.0	0.0
350	2260.6666666666665	0.0
360	1312.6666666666667	0.0
370	2524.0	0.0
380	2349.8333333333335	0.0
390	2721.3333333333335	0.0
400	1389.6666666666667	0.0
410	2726.0	0.0
420	2378.3333333333335	0.0
430	2645.6666666666665	0.0
440	1888.3333333333333	0.0
450	2078.8333333333335	0.0
460	1955.3333333333333	0.0
470	2253.1666666666665	0.0
480	1636.6666666666667	0.0
490	2384.3333333333335	0.0
500	2349.8333333333335	0.0
510	1868.0	0.0
520	2359.0	0.0
530	2278.8333333333335	0.0
540	2069.5	0.0
550	2073.0	0.0
560	2122.1666666666665	0.0
570	2549.6666666666665	0.0
580	2168.5	0.0
590	1894.3333333333333	0.0
600	2379.6666666666665	0.0
