0	224.0	0.0
10	70.0	0.0
20	70.0	0.0
30	70.0	0.0
40	70.0	2.0
50	70.0	1.0
60	70.0	0.0
70	70.0	0.0
80	72.66666666666667	0.0
90	73.0	0.0
100	104.0	0.0
110	86.33333333333333	2.0
120	81.33333333333333	68.0
130	120.0	18.0
140	219.66666666666666	38.0
150	74.33333333333333	55.0
160	322.3333333333333	11.0
170	338.6666666666667	0.0
180	72.33333333333333	144.0
190	498.3333333333333	26.0
200	79.0	83.0
210	792.3333333333334	25.0
220	1050.0	107.0
230	1005.0	56.0
240	1625.3333333333333	107.0
250	2531.6666666666665	103.0
260	2300.3333333333335	154.0
270	2252.3333333333335	0.0
280	2241.3333333333335	0.0
290	2502.6666666666665	0.0
300	2475.3333333333335	0.0
310	2424.0	0.0
320	2354.3333333333335	0.0
330	2198.6666666666665	0.0
340	2139.5	0.0
350	2335.6666666666665	0.0
360	2125.6666666666665	0.0
370	2264.0	0.0
380	2228.8333333333335	0.0
390	2447.3333333333335	0.0
400	2007.5	0.0
410	1903.0	0.0
420	1902.1666666666667	0.0
430	1026.6666666666667	0.0
440	2001.6666666666667	0.0
450	1368.8333333333333	0.0
460	1870.3333333333333	0.0
470	1847.8333333333333	0.0
480	1975.3333333333333	0.0
490	1832.6666666666667	0.0
500	2111.3333333333335	0.0
510	2022.0	0.0
520	1798.3333333333333	0.0
530	1722.3333333333333	0.0
540	1947.5	0.0
550	2346.3333333333335	0.0
560	2032.3333333333333	0.0
570	2017.0	0.0
580	2032.0	0.0
590	2202.3333333333335	0.0
600	2277.6666666666665	0.0
610	1991.0	0.0
620	2300.6666666666665	0.0
630	2285.6666666666665	0.0
640	2582.6666666666665	0.0
650	2229.6666666666665	0.0
660	2512.6666666666665	0.0
670	2312.0	0.0
680	2612.0	0.0
690	2417.6666666666665	0.0
700	2578.6666666666665	0.0
710	2523.6666666666665	0.0
720	2262.0	0.0
730	2354.6666666666665	0.0
740	2245.3333333333335	0.0
750	2796.5	0.0
760	2524.6666666666665	0.0
770	2511.6666666666665	0.0
780	2196.6666666666665	0.0
790	2373.1666666666665	0.0
800	1892.0	0.0
810	2229.1666666666665	0.0
820	1826.5	0.0
830	2083.6666666666665	0.0
840	2498.5	0.0
850	2037.0	0.0
860	2073.0	0.0
870	2295.1666666666665	0.0
880	2119.6666666666665	0.0
890	1952.6666666666667	0.0
900	1857.6666666666667	0.0
910	2229.8333333333335	0.0
920	1829.6666666666667	0.0
930	1729.0	0.0
940	2436.5	0.0
950	2403.6666666666665	0.0
960	2399.1666666666665	0.0
970	2410.6666666666665	0.0
980	2223.3333333333335	0.0
990	2217.3333333333335	0.0
1000	2347.6666666666665	0.0
