0	284.0	0.0
10	70.0	3.0
20	70.0	1.0
30	70.0	1.0
40	70.0	0.0
50	70.0	1.0
60	70.0	0.0
70	70.0	1.0
80	71.0	0.0
90	72.66666666666667	0.0
100	73.33333333333333	0.0
110	72.0	9.0
120	112.33333333333333	0.0
130	305.6666666666667	28.0
140	158.33333333333334	25.0
150	164.66666666666666	0.0
160	377.0	104.0
170	211.66666666666666	30.0
180	373.6666666666667	2.0
190	1026.3333333333333	103.0
200	1034.0	68.0
210	1416.6666666666667	189.0
220	2025.3333333333333	119.0
230	2392.6666666666665	140.0
240	2090.6666666666665	176.0
250	2390.1666666666665	0.0
260	1996.6666666666667	0.0
270	2605.6666666666665	0.0
280	2371.3333333333335	0.0
290	2427.3333333333335	0.0
300	2260.1666666666665	0.0
310	2468.1666666666665	0.0
320	2462.6666666666665	0.0
330	2499.0	0.0
340	2309.3333333333335	0.0
350	2505.3333333333335	0.0
360	2288.3333333333335	0.0
370	2398.6666666666665	0.0
380	2293.5	0.0
390	1994.1666666666667	0.0
400	2601.8333333333335	0.0
410	2361.3333333333335	0.0
420	2320.6666666666665	0.0
430	1792.3333333333333	0.0
440	2127.0	0.0
450	1834.0	0.0
460	2305.6666666666665	0.0
470	1743.3333333333333	0.0
480	2476.3333333333335	0.0
490	2293.8333333333335	0.0
500	2449.0	0.0
510	2332.0	0.0
520	2449.0	0.0
530	2311.0	0.0
540	2156.6666666666665	0.0
550	2172.3333333333335	0.0
560	2314.0	0.0
570	2321.6666666666665	0.0
580	2357.6666666666665	0.0
590	2651.8333333333335	0.0
600	2401.6666666666665	0.0
610	2272.0	0.0
620	2055.5	0.0
630	1800.6666666666667	0.0
640	2020.5	0.0
650	1886.1666666666667	0.0
660	2357.6666666666665	0.0
670	2503.3333333333335	0.0
680	2396.3333333333335	0.0
690	2460.0	0.0
700	2548.8333333333335	0.0
710	1913.3333333333333	0.0
720	2143.3333333333335	0.0
730	2205.1666666666665	0.0
740	2387.1666666666665	0.0
750	2084.8333333333335	0.0
760	2277.8333333333335	0.0
770	2083.5	0.0
780	1987.5	0.0
790	2329.0	0.0
800	2472.8333333333335	0.0
810	2312.3333333333335	0.0
820	1626.3333333333333	0.0
830	1474.3333333333333	0.0
840	2440.6666666666665	0.0
850	2158.3333333333335	0.0
860	2320.3333333333335	0.0
870	2278.3333333333335	0.0
880	2459.0	0.0
890	2459.5	0.0
900	2410.6666666666665	0.0
910	1909.0	0.0
920	2479.1666666666665	0.0
930	1940.1666666666667	0.0
940	2303.8333333333335	0.0
950	2305.6666666666665	0.0
960	2578.0	0.0
970	2467.6666666666665	0.0
980	2502.6666666666665	0.0
990	2471.0	0.0
1000	2402.6666666666665	0.0
