0	264.3333333333333	0.0
10	70.0	0.0
20	70.0	0.0
30	70.0	0.0
40	70.0	1.0
50	70.0	0.0
60	70.0	0.0
70	70.0	0.0
80	70.0	0.0
90	74.0	1.0
100	86.0	0.0
110	202.33333333333334	0.0
120	92.33333333333333	23.0
130	392.6666666666667	6.0
140	285.0	0.0
150	149.33333333333334	3.0
160	222.0	2.0
170	374.0	5.0
180	641.0	5.0
190	734.6666666666666	6.0
200	556.0	10.0
210	927.3333333333334	7.0
220	1507.6666666666667	4.0
230	2444.0	9.0
240	1687.6666666666667	7.0
250	2157.3333333333335	2.0
260	2447.6666666666665	6.0
270	2466.3333333333335	15.0
280	2282.3333333333335	22.0
290	2610.3333333333335	12.0
300	2320.3333333333335	4.0
310	2447.6666666666665	14.0
320	2593.6666666666665	2.0
330	2605.0	21.0
340	2468.0	5.0
350	2066.5	9.0
360	2315.0	9.0
370	2384.3333333333335	8.0
380	1820.3333333333333	4.0
390	2508.3333333333335	10.0
400	1751.3333333333333	4.0
410	1829.3333333333333	7.0
420	1700.5	7.0
430	2202.6666666666665	4.0
440	1907.1666666666667	2.0
450	1640.8333333333333	6.0
460	1760.0	6.0
470	2031.3333333333333	18.0
480	2233.5	9.0
490	2151.1666666666665	7.0
500	2246.8333333333335	12.0
510	2037.6666666666667	10.0
520	1935.5	8.0
530	2391.0	15.0
540	2524.0	9.0
550	1793.6666666666667	10.0
560	2459.3333333333335	13.0
570	2150.1666666666665	7.0
580	2593.0	3.0
590	1993.1666666666667	8.0
600	1692.5	10.0
610	2556.6666666666665	10.0
620	2613.0	10.0
630	2531.3333333333335	7.0
640	2484.0	8.0
650	2389.5	9.0
660	2390.6666666666665	5.0
670	2429.5	12.0
680	2379.0	8.0
690	2601.8333333333335	15.0
700	2358.3333333333335	16.0
710	2467.3333333333335	5.0
720	2468.3333333333335	5.0
730	2335.6666666666665	8.0
740	2312.6666666666665	2.0
750	2721.6666666666665	3.0
760	2426.0	2.0
770	2461.6666666666665	8.0
780	2397.5	5.0
790	2343.6666666666665	1.0
800	2448.1666666666665	7.0
810	2512.3333333333335	8.0
820	2382.3333333333335	6.0
830	2332.1666666666665	4.0
840	2381.0	2.0
850	2761.3333333333335	3.0
860	2771.3333333333335	8.0
870	1772.6666666666667	4.0
880	1962.8333333333333	4.0
890	1677.0	8.0
900	2157.1666666666665	17.0
910	2216.8333333333335	6.0
920	1901.0	8.0
930	1811.6666666666667	7.0
940	2534.0	4.0
950	2466.0	10.0
960	1966.6666666666667	5.0
970	1729.6666666666667	1.0
980	1738.8333333333333	20.0
990	2055.3333333333335	11.0
1000	2077.6666666666665	5.0
