0	252.33333333333334	0.0
10	70.0	0.0
20	70.0	0.0
30	70.0	0.0
40	70.0	0.0
50	70.0	0.0
60	70.0	0.0
70	70.0	0.0
80	70.33333333333333	1.0
90	73.0	0.0
100	75.66666666666667	0.0
110	74.0	1.0
120	93.66666666666667	2.0
130	253.33333333333334	2.0
140	254.66666666666666	0.0
150	72.0	17.0
160	89.66666666666667	0.0
170	402.6666666666667	1.0
180	332.6666666666667	23.0
190	386.3333333333333	4.0
200	311.0	1.0
210	515.3333333333334	4.0
220	639.0	1.0
230	584.6666666666666	8.0
240	697.6666666666666	3.0
250	919.5	3.0
260	1054.0	11.0
270	1581.6666666666667	9.0
280	1933.1666666666667	14.0
290	2056.6666666666665	8.0
300	2214.3333333333335	8.0
310	2382.0	3.0
320	2316.0	10.0
330	2417.1666666666665	11.0
340	2490.3333333333335	11.0
350	2303.3333333333335	2.0
360	2531.5	11.0
370	2391.0	3.0
380	2436.6666666666665	9.0
390	2490.6666666666665	4.0
400	2331.3333333333335	7.0
410	2333.6666666666665	4.0
420	2295.3333333333335	8.0
430	2376.3333333333335	9.0
440	2062.8333333333335	18.0
450	2388.1666666666665	9.0
460	2580.3333333333335	9.0
470	2615.3333333333335	4.0
480	2049.1666666666665	18.0
490	1838.3333333333333	6.0
500	1867.0	5.0
510	2250.8333333333335	2.0
520	2483.0	11.0
530	1576.0	2.0
540	1272.3333333333333	9.0
550	1827.3333333333333	6.0
560	1553.1666666666667	6.0
570	1914.0	4.0
580	1570.6666666666667	8.0
590	2290.8333333333335	6.0
600	1361.1666666666667	1.0
610	2234.6666666666665	0.0
620	1723.6666666666667	5.0
630	1885.5	7.0
640	1625.0	9.0
650	1601.3333333333333	10.0
660	1961.0	9.0
670	1851.3333333333333	4.0
680	1589.5	2.0
690	1744.6666666666667	3.0
700	1528.6666666666667	3.0
710	1888.1666666666667	5.0
720	1999.0	12.0
730	1760.6666666666667	22.0
740	2127.3333333333335	8.0
750	2478.6666666666665	13.0
760	1752.1666666666667	14.0
770	1954.0	3.0
780	2339.3333333333335	10.0
790	1858.3333333333333	5.0
800	2078.5	7.0
810	2224.0	11.0
820	2004.5	17.0
830	2224.6666666666665	7.0
840	2266.5	5.0
850	2369.6666666666665	5.0
860	2287.3333333333335	14.0
870	2258.3333333333335	17.0
880	2160.0	4.0
890	2103.5	7.0
900	2172.6666666666665	4.0
910	2409.6666666666665	8.0
920	2547.3333333333335	6.0
930	2306.0	8.0
940	2544.3333333333335	10.0
950	2517.3333333333335	8.0
960	2705.6666666666665	3.0
970	2441.0	6.0
980	2448.0	14.0
990	2618.3333333333335	6.0
1000	2434.8333333333335	12.0
