0	234.66666666666666	0.0
10	70.0	0.0
20	70.0	0.0
30	70.0	0.0
40	70.0	0.0
50	70.0	0.0
60	70.0	0.0
70	70.0	0.0
80	71.0	0.0
90	71.33333333333333	0.0
100	77.0	0.0
110	109.0	0.0
120	116.0	0.0
130	84.66666666666667	0.0
140	293.3333333333333	0.0
150	138.0	0.0
160	127.66666666666667	0.0
170	114.33333333333333	0.0
180	524.3333333333334	0.0
190	297.6666666666667	0.0
200	198.0	0.0
210	322.3333333333333	0.0
220	403.0	0.0
230	299.3333333333333	0.0
240	444.3333333333333	0.0
250	517.6666666666666	0.0
260	478.0	0.0
270	560.6666666666666	0.0
280	656.0	0.0
290	529.6666666666666	0.0
300	670.6666666666666	0.0
310	571.6666666666666	0.0
320	824.3333333333334	0.0
330	1271.0	0.0
340	1494.8333333333333	0.0
350	1238.6666666666667	0.0
360	1237.3333333333333	0.0
370	2298.5	0.0
380	2153.3333333333335	0.0
390	2551.5	0.0
400	1734.0	0.0
410	2361.3333333333335	0.0
420	2171.0	0.0
430	1443.3333333333333	0.0
440	1644.5	0.0
450	2209.5	0.0
460	1802.0	0.0
470	1731.6666666666667	0.0
480	1781.1666666666667	0.0
490	1990.8333333333333	0.0
500	1608.0	0.0
510	1339.6666666666667	0.0
520	1729.0	0.0
530	1706.5	0.0
540	1940.3333333333333	0.0
550	1897.0	0.0
560	1712.1666666666667	0.0
570	1871.0	0.0
580	1847.6666666666667	0.0
590	2259.6666666666665	0.0
600	2318.3333333333335	0.0
610	2341.5	0.0
620	2161.3333333333335	0.0
630	1872.6666666666667	0.0
640	2332.0	0.0
650	2547.3333333333335	0.0
660	1924.6666666666667	0.0
670	2300.5	0.0
680	2463.5	0.0
690	2404.8333333333335	0.0
700	2213.3333333333335	0.0
710	2508.5	0.0
720	2357.0	0.0
730	1979.3333333333333	0.0
740	2397.1666666666665	0.0
750	2486.8333333333335	0.0
760	2596.6666666666665	0.0
770	2551.0	0.0
780	2329.3333333333335	0.0
790	2419.5	0.0
800	2265.3333333333335	0.0
810	2265.5	0.0
820	2464.6666666666665	0.0
830	2394.3333333333335	0.0
840	2195.0	0.0
850	2404.3333333333335	0.0
860	1796.1666666666667	0.0
870	1913.0	0.0
880	1796.3333333333333	0.0
890	2236.3333333333335	0.0
900	1704.8333333333333	0.0
910	2090.5	0.0
920	1890.3333333333333	0.0
930	1839.0	0.0
940	2191.0	0.0
950	2264.6666666666665	0.0
960	2402.0	0.0
970	2344.6666666666665	0.0
980	2542.5	0.0
990	2672.3333333333335	0.0
1000	2569.0	0.0
