0	245.0	0.0
10	70.0	0.0
20	70.0	0.0
30	70.0	0.0
40	70.0	0.0
50	70.0	0.0
60	70.0	0.0
70	70.0	0.0
80	71.0	0.0
90	86.0	0.0
100	107.66666666666667	0.0
110	272.6666666666667	0.0
120	333.0	0.0
130	179.33333333333334	0.0
140	508.0	0.0
150	675.6666666666666	0.0
160	295.3333333333333	0.0
170	313.0	0.0
180	144.0	0.0
190	271.3333333333333	0.0
200	234.33333333333334	0.0
210	199.0	0.0
220	290.0	0.0
230	351.3333333333333	0.0
240	180.66666666666666	0.0
250	476.3333333333333	0.0
260	284.6666666666667	0.0
270	350.0	0.0
280	368.6666666666667	0.0
290	364.6666666666667	0.0
300	380.6666666666667	0.0
310	378.0	0.0
320	407.0	0.0
330	717.6666666666666	0.0
340	756.6666666666666	0.0
350	865.6666666666666	0.0
360	559.3333333333334	0.0
370	1249.1666666666667	0.0
380	1232.0	0.0
390	1261.6666666666667	0.0
400	1565.0	0.0
410	1806.0	0.0
420	1684.8333333333333	0.0
430	1822.6666666666667	0.0
440	2278.6666666666665	0.0
450	2122.3333333333335	0.0
460	2507.6666666666665	0.0
470	2012.0	0.0
480	2079.5	0.0
490	1683.3333333333333	0.0
500	1436.0	0.0
510	1196.5	0.0
520	1107.3333333333333	0.0
530	1935.3333333333333	0.0
540	1716.3333333333333	0.0
550	2205.8333333333335	0.0
560	2036.6666666666667	0.0
570	1955.3333333333333	0.0
580	1520.0	0.0
590	1736.3333333333333	0.0
600	1761.3333333333333	0.0
610	1856.1666666666667	0.0
620	1786.5	0.0
630	1460.1666666666667	0.0
640	1810.8333333333333	0.0
650	1715.5	0.0
660	1716.5	0.0
670	1697.5	0.0
680	1967.0	0.0
690	1703.6666666666667	0.0
700	1771.6666666666667	0.0
710	1781.1666666666667	0.0
720	2212.5	0.0
730	1973.3333333333333	0.0
740	2243.3333333333335	0.0
750	2195.3333333333335	0.0
760	2211.6666666666665	0.0
770	2320.0	0.0
780	2335.3333333333335	0.0
790	2552.6666666666665	0.0
800	2235.0	0.0
810	2252.0	0.0
820	2065.8333333333335	0.0
830	2529.3333333333335	0.0
840	2491.8333333333335	0.0
850	2425.0	0.0
860	2331.6666666666665	0.0
870	2657.6666666666665	0.0
880	2380.0	0.0
890	2572.5	0.0
900	2683.3333333333335	0.0
910	2244.5	0.0
920	2533.8333333333335	0.0
930	2308.3333333333335	0.0
940	2668.1666666666665	0.0
950	2683.0	0.0
960	2347.3333333333335	0.0
970	2605.6666666666665	0.0
980	2235.6666666666665	0.0
990	2318.0	0.0
1000	2311.6666666666665	0.0
