0	257.0	0.0
10	70.0	0.0
20	70.0	0.0
30	70.0	0.0
40	70.0	0.0
50	70.0	0.0
60	70.0	0.0
70	70.0	0.0
80	70.0	0.0
90	75.33333333333333	0.0
100	76.33333333333333	0.0
110	73.66666666666667	0.0
120	83.33333333333333	0.0
130	135.33333333333334	0.0
140	232.33333333333334	0.0
150	353.0	0.0
160	181.0	0.0
170	289.3333333333333	0.0
180	383.6666666666667	0.0
190	255.66666666666666	0.0
200	310.0	0.0
210	314.6666666666667	0.0
220	296.6666666666667	0.0
230	188.66666666666666	0.0
240	268.6666666666667	0.0
250	121.0	0.0
260	282.0	0.0
270	305.6666666666667	0.0
280	514.3333333333334	0.0
290	569.3333333333334	0.0
300	496.3333333333333	0.0
310	579.6666666666666	0.0
320	458.6666666666667	0.0
330	883.0	0.0
340	484.0	0.0
350	867.3333333333334	0.0
360	1802.0	0.0
370	1153.3333333333333	0.0
380	1396.1666666666667	0.0
390	2638.3333333333335	0.0
400	2353.6666666666665	0.0
410	2067.1666666666665	0.0
420	2426.0	0.0
430	2358.6666666666665	0.0
440	2517.0	0.0
450	2552.6666666666665	0.0
460	2471.3333333333335	0.0
470	2240.0	0.0
480	2371.0	0.0
490	2456.1666666666665	0.0
500	2505.6666666666665	0.0
510	2601.3333333333335	0.0
520	2642.0	0.0
530	2276.0	0.0
540	2601.6666666666665	0.0
550	2451.0	0.0
560	2411.3333333333335	0.0
570	2399.1666666666665	0.0
580	2495.6666666666665	0.0
590	2656.5	0.0
600	2399.3333333333335	0.0
610	2080.6666666666665	0.0
620	1922.5	0.0
630	2305.5	0.0
640	1836.3333333333333	0.0
650	1841.0	0.0
660	1947.8333333333333	0.0
670	2381.6666666666665	0.0
680	1793.6666666666667	0.0
690	2074.1666666666665	0.0
700	1624.6666666666667	0.0
710	1030.6666666666667	0.0
720	1281.0	0.0
730	2092.5	0.0
740	2441.0	0.0
750	2129.1666666666665	0.0
760	2184.1666666666665	0.0
770	2389.0	0.0
780	2486.5	0.0
790	2568.0	0.0
800	2434.8333333333335	0.0
810	2462.5	0.0
820	2410.0	0.0
830	2529.3333333333335	0.0
840	2505.0	0.0
850	2335.5	0.0
860	2355.3333333333335	0.0
870	2581.3333333333335	0.0
880	2049.6666666666665	0.0
890	1692.0	0.0
900	1918.0	0.0
910	2395.3333333333335	0.0
920	1919.6666666666667	0.0
930	2203.0	0.0
940	1914.3333333333333	0.0
950	2297.6666666666665	0.0
960	2516.0	0.0
970	2607.6666666666665	0.0
980	2498.6666666666665	0.0
990	2348.0	0.0
1000	2372.8333333333335	0.0
