0	258.3333333333333	0.0
10	70.0	0.0
20	70.0	0.0
30	70.0	0.0
40	70.0	0.0
50	70.0	0.0
60	70.0	0.0
70	70.0	0.0
80	70.0	0.0
90	77.0	0.0
100	78.33333333333333	0.0
110	81.0	0.0
120	131.33333333333334	0.0
130	115.33333333333333	0.0
140	257.3333333333333	0.0
150	153.0	0.0
160	152.66666666666666	0.0
170	195.33333333333334	0.0
180	371.6666666666667	0.0
190	386.3333333333333	0.0
200	103.33333333333333	0.0
210	301.3333333333333	0.0
220	518.6666666666666	0.0
230	498.3333333333333	0.0
240	332.6666666666667	0.0
250	375.3333333333333	0.0
260	483.3333333333333	0.0
270	396.0	0.0
280	355.0	0.0
290	298.3333333333333	0.0
300	773.6666666666666	0.0
310	1108.0	0.0
320	897.8333333333334	0.0
330	819.3333333333334	0.0
340	685.6666666666666	0.0
350	1176.0	0.0
360	1258.0	0.0
370	1055.3333333333333	0.0
380	1335.1666666666667	0.0
390	1350.1666666666667	0.0
400	1738.8333333333333	0.0
410	1448.8333333333333	0.0
420	1223.1666666666667	0.0
430	1919.6666666666667	0.0
440	1793.0	0.0
450	1515.6666666666667	0.0
460	1693.0	0.0
470	1440.8333333333333	0.0
480	1158.1666666666667	0.0
490	1733.0	0.0
500	1757.0	0.0
510	1725.1666666666667	0.0
520	1739.3333333333333	0.0
530	1854.0	0.0
540	1799.6666666666667	0.0
550	1730.0	0.0
560	1730.3333333333333	0.0
570	1554.0	0.0
580	2246.5	0.0
590	1659.3333333333333	0.0
600	1640.8333333333333	0.0
610	1693.6666666666667	0.0
620	1974.6666666666667	0.0
630	1580.8333333333333	0.0
640	1993.3333333333333	0.0
650	1895.8333333333333	0.0
660	1487.8333333333333	0.0
670	1817.6666666666667	0.0
680	1611.0	0.0
690	1709.0	0.0
700	1562.0	0.0
710	1782.5	0.0
720	1797.0	0.0
730	2058.0	0.0
740	2101.1666666666665	0.0
750	1848.1666666666667	0.0
760	1835.8333333333333	0.0
770	1707.0	0.0
780	2376.1666666666665	0.0
790	2227.6666666666665	0.0
800	2567.0	0.0
810	2108.1666666666665	0.0
820	2439.1666666666665	0.0
830	2481.3333333333335	0.0
840	2384.6666666666665	0.0
850	2542.3333333333335	0.0
860	2402.3333333333335	0.0
870	2495.0	0.0
880	2267.0	0.0
890	2430.6666666666665	0.0
900	2347.8333333333335	0.0
910	2364.3333333333335	0.0
920	2375.6666666666665	0.0
930	2294.6666666666665	0.0
940	2437.5	0.0
950	2400.3333333333335	0.0
960	2665.0	0.0
970	2788.6666666666665	0.0
980	2674.6666666666665	0.0
990	2225.3333333333335	0.0
1000	1797.1666666666667	0.0
