0	266.6666666666667	0.0
10	70.0	0.0
20	70.0	0.0
30	70.0	0.0
40	70.0	0.0
50	70.0	0.0
60	70.0	0.0
70	70.0	0.0
80	70.0	0.0
90	70.0	0.0
100	70.0	0.0
110	70.0	0.0
120	70.0	0.0
130	70.0	0.0
140	70.0	0.0
150	70.0	0.0
160	70.0	0.0
170	70.0	0.0
180	70.0	0.0
190	70.33333333333333	0.0
200	71.0	0.0
210	80.66666666666667	0.0
220	72.66666666666667	0.0
230	73.66666666666667	0.0
240	73.66666666666667	0.0
250	102.66666666666667	0.0
260	128.66666666666666	0.0
270	296.3333333333333	0.0
280	247.66666666666666	0.0
290	291.0	0.0
300	199.33333333333334	0.0
310	153.0	0.0
320	212.66666666666666	0.0
330	138.0	0.0
340	130.0	0.0
350	154.66666666666666	0.0
360	189.66666666666666	0.0
370	146.33333333333334	0.0
380	244.33333333333334	0.0
390	147.0	0.0
400	130.0	0.0
410	155.33333333333334	0.0
420	230.33333333333334	0.0
430	275.6666666666667	0.0
440	324.3333333333333	0.0
450	289.0	0.0
460	288.6666666666667	0.0
470	262.6666666666667	0.0
480	283.3333333333333	0.0
490	243.66666666666666	0.0
500	385.0	0.0
510	410.3333333333333	0.0
520	502.8333333333333	0.0
530	597.0	0.0
540	799.6666666666666	0.0
550	883.3333333333334	0.0
560	1227.3333333333333	0.0
570	1359.5	0.0
580	1149.3333333333333	0.0
590	1459.3333333333333	0.0
600	1187.6666666666667	0.0
610	1800.1666666666667	0.0
620	2276.6666666666665	0.0
630	1009.0	0.0
640	1360.6666666666667	0.0
650	2151.6666666666665	0.0
660	2068.0	0.0
670	2019.0	0.0
680	2027.6666666666667	0.0
690	2346.3333333333335	0.0
700	2659.0	0.0
710	2175.6666666666665	0.0
720	2396.5	0.0
730	2228.3333333333335	0.0
740	2344.6666666666665	0.0
750	2340.0	0.0
760	2589.0	0.0
770	2499.6666666666665	0.0
780	2206.0	0.0
790	2738.3333333333335	0.0
800	2391.3333333333335	0.0
810	2581.3333333333335	0.0
820	2397.6666666666665	0.0
830	2537.0	1.0
840	2583.8333333333335	0.0
850	2888.6666666666665	0.0
860	2289.0	0.0
870	2578.0	0.0
880	2629.3333333333335	0.0
890	2538.5	0.0
900	2922.8333333333335	0.0
910	2562.1666666666665	0.0
920	2565.6666666666665	0.0
930	2776.8333333333335	0.0
940	2983.5	0.0
950	2628.0	0.0
960	2603.5	0.0
970	2793.5	0.0
980	2675.5	0.0
990	2634.6666666666665	0.0
1000	2330.3333333333335	0.0
