0	254.0	0.0
10	70.0	0.0
20	70.0	0.0
30	70.0	0.0
40	70.0	0.0
50	70.0	0.0
60	70.0	0.0
70	70.0	0.0
80	70.0	0.0
90	70.0	0.0
100	70.0	0.0
110	70.0	0.0
120	70.0	0.0
130	70.0	0.0
140	70.0	0.0
150	70.0	0.0
160	70.0	0.0
170	70.0	0.0
180	70.33333333333333	0.0
190	70.0	0.0
200	70.66666666666667	0.0
210	70.33333333333333	0.0
220	74.33333333333333	0.0
230	70.0	0.0
240	84.66666666666667	0.0
250	167.0	0.0
260	78.66666666666667	0.0
270	149.33333333333334	0.0
280	204.0	0.0
290	526.3333333333334	0.0
300	361.0	0.0
310	175.66666666666666	0.0
320	161.66666666666666	0.0
330	179.0	0.0
340	163.0	0.0
350	130.0	0.0
360	130.0	0.0
370	162.0	0.0
380	193.66666666666666	0.0
390	166.0	0.0
400	313.0	0.0
410	237.0	0.0
420	258.3333333333333	0.0
430	261.3333333333333	0.0
440	281.3333333333333	0.0
450	282.0	0.0
460	214.33333333333334	9.0
470	325.3333333333333	0.0
480	636.3333333333334	0.0
490	903.3333333333334	0.0
500	867.6666666666666	0.0
510	771.3333333333334	0.0
520	815.3333333333334	0.0
530	874.3333333333334	0.0
540	1188.3333333333333	0.0
550	1390.6666666666667	0.0
560	2056.3333333333335	0.0
570	2052.5	0.0
580	1670.0	0.0
590	2153.6666666666665	0.0
600	2346.8333333333335	0.0
610	2205.0	0.0
620	2015.6666666666667	0.0
630	2223.6666666666665	0.0
640	2247.3333333333335	0.0
650	2398.3333333333335	0.0
660	2016.3333333333333	0.0
670	2462.3333333333335	0.0
680	2162.6666666666665	0.0
690	2077.0	0.0
700	2398.3333333333335	0.0
710	2153.3333333333335	0.0
720	2243.5	0.0
730	2406.6666666666665	0.0
740	2332.0	0.0
750	2759.0	0.0
760	2633.6666666666665	0.0
770	2704.0	0.0
780	2751.0	0.0
790	2953.5	0.0
800	2746.5	0.0
810	2711.6666666666665	0.0
820	2775.6666666666665	0.0
830	2664.1666666666665	0.0
840	2668.1666666666665	0.0
850	2525.3333333333335	0.0
860	2888.6666666666665	0.0
870	2676.5	0.0
880	2525.3333333333335	0.0
890	2618.6666666666665	0.0
900	2271.6666666666665	0.0
910	2427.0	0.0
920	2747.5	0.0
930	2719.3333333333335	0.0
940	2755.0	0.0
950	2583.3333333333335	0.0
960	2607.8333333333335	0.0
970	2767.8333333333335	0.0
980	1818.5	0.0
990	1932.3333333333333	0.0
1000	2360.0	0.0
