0	281.0	0.0
10	2096.3333333333335	1000.0
20	2015.5	0.0
30	1994.3333333333333	0.0
40	2153.5	0.0
50	2058.0	0.0
60	2066.3333333333335	0.0
70	2191.8333333333335	0.0
80	2069.1666666666665	0.0
90	2068.0	0.0
100	2058.5	0.0
110	2078.1666666666665	0.0
120	2210.3333333333335	0.0
130	2019.8333333333333	0.0
140	2234.0	0.0
150	2014.3333333333333	0.0
160	2264.6666666666665	0.0
170	1914.0	0.0
180	2175.8333333333335	0.0
190	2328.3333333333335	0.0
200	2284.1666666666665	0.0
210	2185.6666666666665	0.0
220	2304.8333333333335	0.0
230	2448.3333333333335	0.0
240	2301.3333333333335	0.0
250	2530.0	0.0
260	2509.6666666666665	0.0
270	2362.3333333333335	0.0
280	2170.0	0.0
290	2506.0	0.0
300	2536.3333333333335	0.0
310	2445.6666666666665	0.0
320	2256.8333333333335	0.0
330	2466.1666666666665	0.0
340	2243.8333333333335	0.0
350	2199.5	0.0
360	2409.5	0.0
370	2498.6666666666665	0.0
380	2592.0	0.0
390	2569.8333333333335	0.0
400	2549.8333333333335	0.0
410	2649.3333333333335	0.0
420	2368.1666666666665	0.0
430	2396.0	0.0
440	2612.8333333333335	0.0
450	2540.6666666666665	0.0
460	2566.8333333333335	0.0
470	2486.0	0.0
480	2333.3333333333335	0.0
490	2854.5	0.0
500	2387.5	0.0
