0	234.66666666666666	0.0
10	70.0	0.0
20	70.0	0.0
30	70.0	0.0
40	70.0	0.0
50	70.0	0.0
60	70.0	0.0
70	70.0	0.0
80	70.0	0.0
90	70.0	0.0
100	70.0	0.0
110	70.0	0.0
120	70.0	0.0
130	70.0	0.0
140	70.0	0.0
150	70.0	0.0
160	70.0	0.0
170	70.0	0.0
180	70.0	0.0
190	71.66666666666667	0.0
200	70.0	0.0
210	70.66666666666667	0.0
220	79.0	0.0
230	73.66666666666667	0.0
240	72.33333333333333	0.0
250	104.66666666666667	0.0
260	105.0	0.0
270	163.33333333333334	0.0
280	174.33333333333334	0.0
290	221.0	0.0
300	163.0	0.0
310	130.0	0.0
320	138.0	0.0
330	131.0	0.0
340	143.66666666666666	0.0
350	155.66666666666666	0.0
360	171.0	0.0
370	163.0	0.0
380	211.66666666666666	0.0
390	253.66666666666666	0.0
400	261.0	0.0
410	345.6666666666667	0.0
420	654.0	0.0
430	836.6666666666666	0.0
440	941.3333333333334	0.0
450	1066.6666666666667	0.0
460	1116.0	0.0
470	1465.1666666666667	0.0
480	1199.0	0.0
490	1505.8333333333333	0.0
500	1966.3333333333333	0.0
510	1836.0	0.0
520	1894.6666666666667	0.0
530	1709.6666666666667	0.0
540	2553.3333333333335	0.0
550	1668.6666666666667	0.0
560	2094.5	0.0
570	2221.3333333333335	0.0
580	1984.6666666666667	0.0
590	2309.0	0.0
600	2211.6666666666665	0.0
610	2204.0	0.0
620	2141.0	0.0
630	2257.6666666666665	0.0
640	2256.3333333333335	0.0
650	2348.3333333333335	0.0
660	2179.3333333333335	0.0
670	2247.0	0.0
680	2437.6666666666665	0.0
690	2486.5	0.0
700	2287.0	0.0
710	2507.3333333333335	0.0
720	2492.1666666666665	0.0
730	2527.3333333333335	0.0
740	2426.5	0.0
750	2622.6666666666665	0.0
760	2335.3333333333335	0.0
770	2587.0	0.0
780	2493.3333333333335	0.0
790	2510.0	0.0
800	2667.0	0.0
