0	251.66666666666666	0.0
10	70.0	0.0
20	70.0	0.0
30	70.0	0.0
40	70.0	0.0
50	70.0	0.0
60	70.0	0.0
70	70.0	0.0
80	70.0	0.0
90	70.0	0.0
100	70.0	0.0
110	70.0	0.0
120	70.0	0.0
130	70.0	0.0
140	70.0	0.0
150	70.0	0.0
160	70.0	0.0
170	70.0	0.0
180	70.0	0.0
190	70.0	0.0
200	71.33333333333333	0.0
210	71.66666666666667	0.0
220	70.33333333333333	0.0
230	71.33333333333333	0.0
240	120.33333333333333	0.0
250	124.66666666666667	0.0
260	329.3333333333333	0.0
270	299.6666666666667	0.0
280	177.33333333333334	0.0
290	180.66666666666666	0.0
300	162.33333333333334	0.0
310	164.0	0.0
320	172.66666666666666	0.0
330	130.0	0.0
340	154.33333333333334	0.0
350	130.0	0.0
360	131.0	0.0
370	146.33333333333334	0.0
380	130.0	0.0
390	130.33333333333334	0.0
400	177.66666666666666	0.0
410	145.66666666666666	0.0
420	211.66666666666666	0.0
430	210.33333333333334	0.0
440	246.66666666666666	0.0
450	254.66666666666666	0.0
460	551.6666666666666	0.0
470	679.3333333333334	0.0
480	965.0	0.0
490	846.3333333333334	0.0
500	772.0	0.0
510	1114.6666666666667	0.0
520	1097.3333333333333	0.0
530	1304.6666666666667	0.0
540	1727.6666666666667	0.0
550	1423.0	0.0
560	1696.3333333333333	0.0
570	1833.3333333333333	0.0
580	1574.3333333333333	0.0
590	1836.0	0.0
600	2207.3333333333335	0.0
610	2385.3333333333335	0.0
620	2102.6666666666665	0.0
630	2009.0	0.0
640	1805.3333333333333	0.0
650	2421.1666666666665	0.0
660	2216.6666666666665	0.0
670	2056.6666666666665	0.0
680	2185.6666666666665	0.0
690	2188.6666666666665	0.0
700	2264.6666666666665	0.0
710	2424.0	0.0
720	2605.0	0.0
730	2535.0	0.0
740	2310.0	0.0
750	2345.3333333333335	0.0
760	2628.6666666666665	0.0
770	2296.5	0.0
780	2347.0	0.0
790	2426.3333333333335	0.0
800	2616.1666666666665	0.0
