0	283.0	0.0
10	70.0	0.0
20	70.0	0.0
30	70.0	0.0
40	70.0	0.0
50	70.0	0.0
60	70.0	0.0
70	70.0	0.0
80	70.0	0.0
90	70.0	0.0
100	70.0	0.0
110	70.0	0.0
120	70.0	0.0
130	70.0	0.0
140	70.0	0.0
150	70.0	0.0
160	70.0	0.0
170	70.33333333333333	0.0
180	70.33333333333333	0.0
190	70.33333333333333	0.0
200	70.66666666666667	0.0
210	70.66666666666667	0.0
220	72.33333333333333	0.0
230	70.66666666666667	0.0
240	150.0	0.0
250	109.33333333333333	0.0
260	93.0	0.0
270	284.3333333333333	0.0
280	147.66666666666666	0.0
290	198.33333333333334	0.0
300	138.66666666666666	0.0
310	196.33333333333334	0.0
320	146.0	0.0
330	171.0	0.0
340	130.0	0.0
350	163.33333333333334	0.0
360	138.0	0.0
370	193.33333333333334	0.0
380	154.0	0.0
390	197.33333333333334	0.0
400	155.0	0.0
410	148.0	0.0
420	178.66666666666666	0.0
430	253.66666666666666	0.0
440	268.3333333333333	0.0
450	433.3333333333333	0.0
460	604.3333333333334	0.0
470	470.6666666666667	0.0
480	608.6666666666666	0.0
490	419.0	0.0
500	982.1666666666666	0.0
510	1043.6666666666667	0.0
520	1000.0	0.0
530	654.6666666666666	0.0
540	1197.3333333333333	0.0
550	1351.8333333333333	0.0
560	1465.3333333333333	0.0
570	1278.3333333333333	0.0
580	1426.3333333333333	0.0
590	1953.0	0.0
600	1982.6666666666667	0.0
610	1949.6666666666667	0.0
620	1981.6666666666667	0.0
630	2223.0	0.0
640	2006.3333333333333	0.0
650	1791.6666666666667	0.0
660	2122.3333333333335	0.0
670	1966.6666666666667	0.0
680	2193.3333333333335	0.0
690	2162.6666666666665	0.0
700	2235.3333333333335	0.0
710	2252.1666666666665	0.0
720	2309.3333333333335	0.0
730	2311.6666666666665	0.0
740	2697.0	0.0
750	2702.0	0.0
760	2536.3333333333335	0.0
770	2602.3333333333335	0.0
780	2421.6666666666665	0.0
790	2776.0	0.0
800	2606.5	0.0
