0	239.0	0.0
10	70.0	0.0
20	70.0	0.0
30	70.0	0.0
40	70.0	0.0
50	70.0	0.0
60	70.0	0.0
70	70.0	0.0
80	70.0	0.0
90	70.0	0.0
100	70.0	0.0
110	70.0	0.0
120	70.0	0.0
130	70.0	0.0
140	70.0	0.0
150	70.0	0.0
160	70.0	0.0
170	70.0	0.0
180	71.33333333333333	0.0
190	71.0	0.0
200	70.0	0.0
210	74.0	0.0
220	75.0	0.0
230	79.66666666666667	0.0
240	129.66666666666666	0.0
250	147.33333333333334	0.0
260	172.66666666666666	0.0
270	168.66666666666666	0.0
280	130.0	0.0
290	155.66666666666666	0.0
300	172.66666666666666	0.0
310	139.0	0.0
320	131.0	0.0
330	162.66666666666666	0.0
340	146.33333333333334	0.0
350	148.33333333333334	0.0
360	155.0	0.0
370	165.0	0.0
380	138.33333333333334	0.0
390	179.0	0.0
400	284.3333333333333	0.0
410	187.33333333333334	0.0
420	300.3333333333333	0.0
430	228.33333333333334	0.0
440	274.6666666666667	0.0
450	262.6666666666667	0.0
460	230.33333333333334	0.0
470	237.0	0.0
480	280.0	0.0
490	312.3333333333333	0.0
500	322.0	0.0
510	410.0	0.0
520	410.6666666666667	0.0
530	442.3333333333333	0.0
540	540.0	0.0
550	366.6666666666667	0.0
560	664.3333333333334	0.0
570	1043.0	0.0
580	1009.5	0.0
590	1058.0	0.0
600	914.0	0.0
610	1466.3333333333333	0.0
620	743.6666666666666	0.0
630	1673.1666666666667	0.0
640	1861.6666666666667	0.0
650	2223.3333333333335	0.0
660	1152.6666666666667	0.0
670	1856.0	0.0
680	2137.6666666666665	0.0
690	2469.3333333333335	0.0
700	2137.0	0.0
710	2411.3333333333335	0.0
720	2098.3333333333335	0.0
730	2146.3333333333335	0.0
740	2326.8333333333335	0.0
750	2492.0	0.0
760	2356.6666666666665	0.0
770	2023.0	0.0
780	2428.5	0.0
790	2471.5	0.0
800	2569.5	0.0
