0	274.6666666666667	0.0
10	99.0	1000.0
20	100.0	0.0
30	100.66666666666667	0.0
40	101.0	0.0
50	101.33333333333333	0.0
60	100.66666666666667	0.0
70	100.66666666666667	0.0
80	117.33333333333333	0.0
90	119.33333333333333	0.0
100	132.0	0.0
110	132.0	0.0
120	130.66666666666666	0.0
130	130.0	0.0
140	130.0	0.0
150	130.0	0.0
160	130.0	0.0
170	130.0	0.0
180	131.0	0.0
190	130.66666666666666	0.0
200	169.33333333333334	0.0
210	151.0	0.0
220	151.66666666666666	0.0
230	154.33333333333334	0.0
240	166.66666666666666	0.0
250	517.6666666666666	0.0
260	522.0	0.0
270	616.0	0.0
280	627.0	0.0
290	834.0	0.0
300	800.6666666666666	0.0
310	1042.3333333333333	0.0
320	1304.0	0.0
330	1445.0	0.0
340	1445.0	0.0
350	1336.3333333333333	0.0
360	1828.0	0.0
370	1787.6666666666667	0.0
380	2025.3333333333333	0.0
390	2165.3333333333335	0.0
400	1994.6666666666667	0.0
410	1940.0	0.0
420	1921.6666666666667	0.0
430	2056.3333333333335	0.0
440	2100.3333333333335	0.0
450	1827.0	0.0
460	2273.8333333333335	0.0
470	2135.3333333333335	0.0
480	2651.0	0.0
490	2533.6666666666665	0.0
500	2370.0	0.0
510	2320.6666666666665	0.0
520	2389.6666666666665	0.0
530	2505.0	0.0
540	2406.0	0.0
550	2396.5	0.0
560	2410.6666666666665	0.0
570	2400.1666666666665	0.0
580	2530.8333333333335	0.0
590	2719.6666666666665	0.0
600	2550.6666666666665	0.0
610	2568.5	0.0
620	2682.3333333333335	0.0
630	2598.6666666666665	0.0
640	2791.1666666666665	0.0
650	2268.8333333333335	0.0
660	2821.6666666666665	0.0
670	2615.0	0.0
680	2637.3333333333335	0.0
690	2390.1666666666665	0.0
700	2481.3333333333335	0.0
710	2678.8333333333335	0.0
720	2374.0	0.0
730	2735.6666666666665	0.0
740	2544.3333333333335	0.0
750	2554.3333333333335	0.0
760	2515.0	0.0
770	2570.3333333333335	0.0
780	2439.8333333333335	0.0
790	2666.0	0.0
800	2559.3333333333335	0.0
810	2507.3333333333335	0.0
820	2542.8333333333335	0.0
830	2327.3333333333335	0.0
840	2508.3333333333335	0.0
850	2445.6666666666665	0.0
860	2633.1666666666665	0.0
870	2465.5	0.0
880	2358.5	0.0
890	2412.0	0.0
900	2571.0	0.0
910	2518.0	0.0
920	2650.6666666666665	0.0
930	2555.1666666666665	0.0
940	2376.6666666666665	0.0
950	2476.0	0.0
960	2577.8333333333335	0.0
970	2455.3333333333335	0.0
980	2500.6666666666665	0.0
990	1946.8333333333333	0.0
1000	2134.1666666666665	0.0
