0	262.0	0.0
10	70.0	1000.0
20	70.0	0.0
30	70.0	0.0
40	70.0	0.0
50	70.0	0.0
60	70.0	0.0
70	70.0	0.0
80	70.0	0.0
90	70.0	0.0
100	70.0	0.0
110	70.0	0.0
120	70.0	0.0
130	70.0	0.0
140	70.0	0.0
150	70.33333333333333	0.0
160	70.66666666666667	0.0
170	70.0	0.0
180	71.33333333333333	0.0
190	72.0	0.0
200	92.33333333333333	0.0
210	213.33333333333334	0.0
220	333.6666666666667	0.0
230	371.6666666666667	0.0
240	262.6666666666667	0.0
250	262.6666666666667	0.0
260	149.66666666666666	0.0
270	214.66666666666666	0.0
280	178.33333333333334	0.0
290	154.0	0.0
300	161.66666666666666	0.0
310	196.66666666666666	0.0
320	587.3333333333334	0.0
330	787.3333333333334	0.0
340	793.3333333333334	0.0
350	778.0	0.0
360	863.6666666666666	0.0
370	1038.3333333333333	0.0
380	851.0	0.0
390	1274.0	0.0
400	1237.3333333333333	0.0
410	1560.0	0.0
420	1284.0	0.0
430	1165.0	0.0
440	1446.6666666666667	0.0
450	1664.3333333333333	0.0
460	1867.3333333333333	0.0
470	2144.6666666666665	0.0
480	1997.0	0.0
490	2318.1666666666665	0.0
500	1939.0	0.0
510	2143.6666666666665	0.0
520	2245.0	0.0
530	2292.3333333333335	0.0
540	2467.0	0.0
550	2319.3333333333335	0.0
560	2173.0	0.0
570	1924.6666666666667	0.0
580	2268.6666666666665	0.0
590	2390.6666666666665	0.0
600	2112.3333333333335	0.0
610	2051.6666666666665	0.0
620	2243.8333333333335	0.0
630	2204.6666666666665	0.0
640	2674.5	0.0
650	2228.8333333333335	0.0
660	2558.5	0.0
670	2643.0	0.0
680	2401.6666666666665	0.0
690	2417.3333333333335	0.0
700	2298.1666666666665	0.0
710	2441.3333333333335	0.0
720	2580.3333333333335	0.0
730	2404.5	0.0
740	2595.0	0.0
750	2396.1666666666665	0.0
760	2573.1666666666665	0.0
770	2400.0	0.0
780	2510.3333333333335	0.0
790	2433.0	0.0
800	2611.5	0.0
810	2537.0	0.0
820	2396.3333333333335	0.0
830	2504.0	0.0
840	2509.5	0.0
850	2496.1666666666665	0.0
860	2731.5	0.0
870	2581.5	0.0
880	2479.3333333333335	0.0
890	2618.8333333333335	0.0
900	2577.1666666666665	0.0
910	2473.5	0.0
920	2291.0	0.0
930	2144.8333333333335	0.0
940	2389.6666666666665	0.0
950	1910.8333333333333	0.0
960	2413.3333333333335	0.0
970	1910.1666666666667	0.0
980	1858.0	0.0
990	2426.0	0.0
1000	1679.6666666666667	0.0
