0	274.0	0.0
10	70.0	0.0
20	70.0	0.0
30	70.0	0.0
40	70.0	0.0
50	70.0	0.0
60	70.0	0.0
70	70.0	0.0
80	70.0	0.0
90	71.33333333333333	0.0
100	73.66666666666667	0.0
110	136.0	0.0
120	78.0	0.0
130	347.0	0.0
140	82.33333333333333	0.0
150	205.66666666666666	0.0
160	147.66666666666666	0.0
170	236.0	0.0
180	418.6666666666667	0.0
190	376.6666666666667	0.0
200	510.6666666666667	0.0
210	314.3333333333333	0.0
220	365.0	0.0
230	380.0	0.0
240	322.6666666666667	0.0
250	379.6666666666667	0.0
260	540.3333333333334	0.0
270	612.6666666666666	0.0
280	761.6666666666666	0.0
290	739.0	0.0
300	657.6666666666666	0.0
310	1265.6666666666667	0.0
320	960.0	0.0
330	1666.3333333333333	0.0
340	1451.6666666666667	0.0
350	2105.3333333333335	0.0
360	2490.3333333333335	0.0
370	1286.8333333333333	0.0
380	1282.3333333333333	0.0
390	893.6666666666666	0.0
400	1029.1666666666667	0.0
410	1151.0	0.0
420	1600.3333333333333	0.0
430	1976.3333333333333	0.0
440	1874.0	0.0
450	1551.1666666666667	0.0
460	1890.3333333333333	0.0
470	1809.8333333333333	0.0
480	1691.8333333333333	0.0
490	1792.5	0.0
500	1451.6666666666667	0.0
510	1822.0	0.0
520	2084.1666666666665	0.0
530	1590.0	0.0
540	1753.3333333333333	0.0
550	1892.3333333333333	0.0
560	2086.5	0.0
570	1807.3333333333333	0.0
580	2180.8333333333335	0.0
590	1962.1666666666667	0.0
600	1935.1666666666667	0.0
