0	251.0	0.0
10	70.0	0.0
20	70.0	0.0
30	70.0	0.0
40	70.0	0.0
50	70.0	0.0
60	70.0	0.0
70	70.0	0.0
80	70.0	0.0
90	70.0	0.0
100	70.0	0.0
110	70.0	0.0
120	70.0	0.0
130	70.0	0.0
140	70.0	0.0
150	70.0	0.0
160	70.33333333333333	0.0
170	70.33333333333333	0.0
180	70.0	0.0
190	71.0	0.0
200	70.66666666666667	0.0
210	70.33333333333333	0.0
220	70.0	0.0
230	72.0	0.0
240	72.0	0.0
250	70.66666666666667	0.0
260	101.0	0.0
270	306.0	0.0
280	271.3333333333333	0.0
290	147.66666666666666	0.0
300	315.3333333333333	0.0
310	176.33333333333334	0.0
320	154.33333333333334	0.0
330	184.66666666666666	0.0
340	169.0	0.0
350	196.0	1.0
360	171.66666666666666	0.0
370	252.0	0.0
380	176.66666666666666	0.0
390	189.66666666666666	0.0
400	160.0	0.0
410	226.66666666666666	0.0
420	255.0	0.0
430	261.3333333333333	0.0
440	194.66666666666666	0.0
450	227.66666666666666	0.0
460	270.6666666666667	0.0
470	290.6666666666667	0.0
480	336.6666666666667	1.0
490	216.0	1.0
500	328.6666666666667	0.0
510	346.0	1.0
520	301.0	0.0
530	227.0	1.0
540	314.0	0.0
550	354.6666666666667	0.0
560	437.0	0.0
570	302.0	0.0
580	285.0	0.0
590	389.6666666666667	0.0
600	354.0	0.0
610	389.6666666666667	0.0
620	531.0	0.0
630	533.3333333333334	0.0
640	483.6666666666667	1.0
650	510.6666666666667	1.0
660	401.3333333333333	1.0
670	638.6666666666666	0.0
680	505.3333333333333	0.0
690	590.6666666666666	1.0
700	750.3333333333334	1.0
710	399.0	0.0
720	653.3333333333334	0.0
730	891.6666666666666	0.0
740	878.3333333333334	0.0
750	1023.0	1.0
760	822.6666666666666	0.0
770	802.0	1.0
780	1006.1666666666666	3.0
790	1095.0	0.0
800	1263.3333333333333	2.0
