0	245.66666666666666	0.0
10	70.0	0.0
20	70.0	0.0
30	70.0	0.0
40	70.0	0.0
50	70.0	0.0
60	70.0	0.0
70	70.0	0.0
80	70.0	0.0
90	70.0	0.0
100	70.0	0.0
110	70.0	0.0
120	70.0	0.0
130	70.0	0.0
140	70.0	0.0
150	70.0	0.0
160	70.0	0.0
170	70.0	0.0
180	70.0	0.0
190	70.0	1.0
200	70.0	0.0
210	71.33333333333333	0.0
220	78.66666666666667	0.0
230	207.66666666666666	0.0
240	329.3333333333333	0.0
250	133.66666666666666	10.0
260	179.33333333333334	0.0
270	148.33333333333334	0.0
280	154.33333333333334	1.0
290	138.33333333333334	0.0
300	146.33333333333334	0.0
310	138.0	0.0
320	153.66666666666666	0.0
330	176.33333333333334	0.0
340	138.0	0.0
350	179.33333333333334	4.0
360	148.33333333333334	7.0
370	130.0	0.0
380	296.0	1.0
390	490.0	0.0
400	582.0	0.0
410	1097.0	0.0
420	1091.3333333333333	6.0
430	1109.6666666666667	4.0
440	1087.3333333333333	1.0
450	1313.1666666666667	3.0
460	1509.3333333333333	2.0
470	1046.6666666666667	7.0
480	1503.3333333333333	1.0
490	1925.6666666666667	6.0
500	1497.6666666666667	3.0
510	1432.3333333333333	5.0
520	1219.0	5.0
530	1956.3333333333333	6.0
540	2154.6666666666665	1.0
550	2174.0	2.0
560	2103.6666666666665	4.0
570	2391.3333333333335	4.0
580	2425.1666666666665	3.0
590	2405.3333333333335	5.0
600	2234.1666666666665	3.0
610	2509.3333333333335	4.0
620	2421.6666666666665	2.0
630	2569.1666666666665	2.0
640	2477.5	3.0
650	2364.5	2.0
660	2395.1666666666665	2.0
670	2378.6666666666665	6.0
680	2772.5	6.0
690	2483.3333333333335	2.0
700	2567.8333333333335	1.0
710	2496.8333333333335	4.0
720	2731.0	0.0
730	2700.8333333333335	11.0
740	2507.3333333333335	5.0
750	2554.8333333333335	0.0
760	2530.5	1.0
770	2456.3333333333335	2.0
780	2643.6666666666665	3.0
790	2627.0	1.0
800	2524.6666666666665	1.0
