0	267.3333333333333	0.0
10	70.0	0.0
20	70.0	0.0
30	70.0	0.0
40	70.0	0.0
50	70.0	0.0
60	70.0	0.0
70	70.0	0.0
80	70.0	0.0
90	70.0	0.0
100	70.0	0.0
110	70.0	0.0
120	70.0	0.0
130	70.0	0.0
140	70.0	0.0
150	70.0	0.0
160	70.0	0.0
170	70.0	0.0
180	70.0	0.0
190	70.66666666666667	0.0
200	70.33333333333333	0.0
210	78.0	0.0
220	72.33333333333333	0.0
230	72.0	0.0
240	71.33333333333333	0.0
250	84.66666666666667	0.0
260	146.33333333333334	0.0
270	295.0	0.0
280	167.0	0.0
290	142.33333333333334	0.0
300	196.0	0.0
310	131.0	0.0
320	164.0	0.0
330	146.66666666666666	0.0
340	138.0	0.0
350	173.66666666666666	0.0
360	268.0	0.0
370	163.0	0.0
380	178.66666666666666	0.0
390	265.0	0.0
400	226.0	0.0
410	187.66666666666666	0.0
420	320.3333333333333	0.0
430	337.6666666666667	24.0
440	479.0	5.0
450	591.0	5.0
460	470.0	37.0
470	818.0	0.0
480	989.0	52.0
490	735.8333333333334	79.0
500	1172.1666666666667	65.0
510	1024.3333333333333	27.0
520	903.3333333333334	8.0
530	918.3333333333334	42.0
540	882.0	12.0
550	1372.5	9.0
560	1888.8333333333333	16.0
570	1762.6666666666667	35.0
580	2219.1666666666665	113.0
590	1881.3333333333333	74.0
600	1796.0	32.0
