0	232.33333333333334	0.0
10	70.0	0.0
20	70.0	0.0
30	70.0	0.0
40	70.0	0.0
50	70.0	0.0
60	70.0	0.0
70	70.0	0.0
80	70.0	0.0
90	75.33333333333333	0.0
100	85.0	0.0
110	103.33333333333333	0.0
120	273.6666666666667	0.0
130	480.3333333333333	0.0
140	195.0	0.0
150	419.6666666666667	0.0
160	154.0	0.0
170	333.6666666666667	0.0
180	268.0	0.0
190	150.66666666666666	0.0
200	240.0	0.0
210	324.3333333333333	0.0
220	307.3333333333333	0.0
230	362.0	0.0
240	337.0	0.0
250	363.0	0.0
260	315.6666666666667	0.0
270	374.3333333333333	0.0
280	437.6666666666667	0.0
290	360.6666666666667	0.0
300	329.3333333333333	0.0
310	435.6666666666667	0.0
320	419.0	0.0
330	650.6666666666666	0.0
340	767.3333333333334	0.0
350	646.0	0.0
360	1083.5	0.0
370	675.6666666666666	0.0
380	844.3333333333334	0.0
390	1046.0	0.0
400	1502.0	0.0
410	1569.1666666666667	0.0
420	1061.0	0.0
430	1523.6666666666667	0.0
440	1650.1666666666667	0.0
450	1474.3333333333333	0.0
460	1729.8333333333333	0.0
470	2095.1666666666665	0.0
480	1666.0	0.0
490	2229.6666666666665	0.0
500	1555.1666666666667	0.0
510	1834.3333333333333	0.0
520	1796.1666666666667	0.0
530	1610.0	0.0
540	1633.8333333333333	0.0
550	1771.5	0.0
560	2061.0	0.0
570	2412.1666666666665	0.0
580	1943.0	0.0
590	1507.5	0.0
600	1998.6666666666667	0.0
610	2259.8333333333335	0.0
620	1737.8333333333333	0.0
630	2001.3333333333333	0.0
640	1981.3333333333333	0.0
650	1874.6666666666667	0.0
660	1906.8333333333333	0.0
670	1903.3333333333333	0.0
680	1571.5	0.0
690	1889.6666666666667	0.0
700	1742.3333333333333	0.0
710	2394.6666666666665	0.0
720	1862.5	0.0
730	1788.6666666666667	0.0
740	2277.3333333333335	0.0
750	2214.6666666666665	0.0
760	1919.0	0.0
770	1786.3333333333333	0.0
780	1944.8333333333333	0.0
790	2497.1666666666665	0.0
800	1884.8333333333333	0.0
810	1596.6666666666667	0.0
820	2345.0	0.0
830	1915.0	0.0
840	2045.5	0.0
850	1858.0	0.0
860	1931.3333333333333	0.0
870	2581.3333333333335	0.0
880	2402.3333333333335	0.0
890	2318.0	0.0
900	2307.3333333333335	0.0
910	2482.3333333333335	0.0
920	2414.3333333333335	0.0
930	2314.6666666666665	0.0
940	2286.8333333333335	0.0
950	2256.6666666666665	0.0
960	2407.6666666666665	0.0
970	2395.1666666666665	0.0
980	2458.6666666666665	0.0
990	2160.0	0.0
1000	2600.3333333333335	0.0
