0	264.3333333333333	0.0
10	70.0	0.0
20	70.0	0.0
30	70.0	0.0
40	70.0	0.0
50	70.0	0.0
60	70.0	0.0
70	70.0	0.0
80	70.0	0.0
90	73.33333333333333	0.0
100	77.66666666666667	0.0
110	187.0	0.0
120	280.0	0.0
130	318.3333333333333	0.0
140	159.66666666666666	0.0
150	146.33333333333334	0.0
160	423.3333333333333	0.0
170	322.0	0.0
180	302.0	0.0
190	254.33333333333334	0.0
200	339.6666666666667	0.0
210	298.0	0.0
220	310.0	0.0
230	398.0	0.0
240	328.0	0.0
250	481.0	0.0
260	403.6666666666667	0.0
270	347.0	0.0
280	417.0	0.0
290	515.0	0.0
300	572.0	0.0
310	717.0	0.0
320	1341.3333333333333	0.0
330	2239.0	0.0
340	2524.6666666666665	0.0
350	2696.6666666666665	0.0
360	2316.0	0.0
370	2398.5	0.0
380	2452.3333333333335	0.0
390	2289.3333333333335	0.0
400	2340.8333333333335	0.0
410	2358.3333333333335	0.0
420	2317.0	0.0
430	2443.3333333333335	0.0
440	2210.1666666666665	0.0
450	2235.1666666666665	0.0
460	2336.0	0.0
470	2620.8333333333335	0.0
480	2356.8333333333335	0.0
490	2426.0	0.0
500	2506.3333333333335	0.0
510	2504.3333333333335	0.0
520	2120.5	0.0
530	1434.3333333333333	0.0
540	1850.8333333333333	0.0
550	1406.3333333333333	0.0
560	2103.8333333333335	0.0
570	2209.1666666666665	0.0
580	2141.6666666666665	0.0
590	2135.3333333333335	0.0
600	2371.3333333333335	0.0
610	1742.5	0.0
620	2240.0	0.0
630	2443.3333333333335	0.0
640	2469.3333333333335	0.0
650	2384.3333333333335	0.0
660	2447.8333333333335	0.0
670	2519.0	0.0
680	2352.3333333333335	0.0
690	2328.3333333333335	0.0
700	2418.3333333333335	0.0
710	2279.6666666666665	0.0
720	2287.6666666666665	0.0
730	2278.5	0.0
740	2182.0	0.0
750	2354.1666666666665	0.0
760	1932.5	0.0
770	2418.6666666666665	0.0
780	1406.6666666666667	0.0
790	1998.8333333333333	0.0
800	2419.6666666666665	0.0
810	2456.6666666666665	0.0
820	2551.0	0.0
830	2300.1666666666665	0.0
840	2323.3333333333335	0.0
850	2395.6666666666665	0.0
860	1936.5	0.0
870	1889.6666666666667	0.0
880	1864.0	0.0
890	1998.0	0.0
900	1723.3333333333333	0.0
910	1789.3333333333333	0.0
920	1940.6666666666667	0.0
930	1938.6666666666667	0.0
940	1824.0	0.0
950	2009.5	0.0
960	1666.3333333333333	0.0
970	2476.3333333333335	0.0
980	2491.3333333333335	0.0
990	2213.5	0.0
1000	2386.0	0.0
