0	288.0	0.0
10	144.33333333333334	567.0
20	139.66666666666666	433.0
30	1557.3333333333333	0.0
40	1709.3333333333333	0.0
50	1707.0	0.0
60	2264.8333333333335	0.0
70	1913.0	0.0
80	2223.1666666666665	0.0
90	2353.0	0.0
100	2065.3333333333335	0.0
110	2302.5	0.0
120	2226.3333333333335	0.0
130	2161.3333333333335	0.0
140	2238.0	0.0
150	2383.1666666666665	0.0
160	2131.6666666666665	0.0
170	2357.3333333333335	0.0
180	2329.6666666666665	0.0
190	1996.5	0.0
200	2345.0	0.0
210	2408.0	0.0
220	1574.6666666666667	0.0
230	1830.6666666666667	0.0
240	2551.5	0.0
250	1662.6666666666667	0.0
260	1629.3333333333333	0.0
270	2050.0	0.0
280	2186.0	0.0
290	2492.8333333333335	0.0
300	1500.3333333333333	0.0
310	1377.6666666666667	0.0
320	1321.3333333333333	0.0
330	1232.6666666666667	0.0
340	1350.5	0.0
350	1183.6666666666667	0.0
360	1773.3333333333333	0.0
370	1407.3333333333333	0.0
380	1800.0	0.0
390	1695.0	0.0
400	1186.6666666666667	0.0
410	1730.6666666666667	0.0
420	1944.1666666666667	0.0
430	1590.3333333333333	0.0
440	1704.8333333333333	0.0
450	1633.1666666666667	0.0
460	1813.1666666666667	0.0
470	1944.5	0.0
480	1513.6666666666667	0.0
490	1713.6666666666667	0.0
500	1651.6666666666667	0.0
510	1707.0	0.0
520	1919.6666666666667	0.0
530	1620.0	0.0
540	2010.1666666666667	0.0
550	2344.1666666666665	0.0
560	2613.0	0.0
570	2356.3333333333335	0.0
580	2401.3333333333335	0.0
590	2409.3333333333335	0.0
600	2222.1666666666665	0.0
610	2495.0	0.0
620	2581.1666666666665	0.0
630	2386.1666666666665	0.0
640	2448.3333333333335	0.0
650	2321.3333333333335	0.0
660	2577.8333333333335	0.0
670	2348.6666666666665	0.0
680	2341.0	0.0
690	2358.5	0.0
700	2315.0	0.0
710	2369.8333333333335	0.0
720	2435.3333333333335	0.0
730	2487.6666666666665	0.0
740	2505.8333333333335	0.0
750	1649.3333333333333	0.0
760	2441.8333333333335	0.0
770	2564.6666666666665	0.0
780	2324.0	0.0
790	2424.0	0.0
800	2226.3333333333335	0.0
810	2520.1666666666665	0.0
820	2330.0	0.0
830	2244.8333333333335	0.0
840	2426.0	0.0
850	2326.0	0.0
860	2247.6666666666665	0.0
870	2582.1666666666665	0.0
880	2337.0	0.0
890	2350.6666666666665	0.0
900	2395.0	0.0
910	2057.1666666666665	0.0
920	1894.0	0.0
930	2088.3333333333335	0.0
940	1893.6666666666667	0.0
950	1931.1666666666667	0.0
960	1734.6666666666667	0.0
970	2035.3333333333333	0.0
980	2055.5	0.0
990	1891.6666666666667	0.0
1000	2335.3333333333335	0.0
