0	268.6666666666667	0.0
10	72.0	932.0
20	70.0	68.0
30	71.33333333333333	0.0
40	224.33333333333334	0.0
50	977.6666666666666	0.0
60	1870.6666666666667	0.0
70	1473.6666666666667	0.0
80	2040.1666666666667	0.0
90	2275.0	0.0
100	2191.8333333333335	0.0
110	2257.6666666666665	0.0
120	2216.1666666666665	0.0
130	2254.8333333333335	0.0
140	2352.3333333333335	0.0
150	2468.5	0.0
160	2351.1666666666665	0.0
170	2111.6666666666665	0.0
180	2246.3333333333335	0.0
190	1861.6666666666667	0.0
200	2431.6666666666665	0.0
210	2273.6666666666665	0.0
220	2568.8333333333335	0.0
230	2150.0	0.0
240	2293.0	0.0
250	2231.0	0.0
260	2203.0	0.0
270	2334.0	0.0
280	2460.8333333333335	0.0
290	2469.0	0.0
300	1773.0	0.0
310	1879.6666666666667	0.0
320	2417.0	0.0
330	2251.8333333333335	0.0
340	2190.0	0.0
350	1793.8333333333333	0.0
360	1850.3333333333333	0.0
370	1894.6666666666667	0.0
380	1945.0	0.0
390	2238.1666666666665	0.0
400	1598.6666666666667	0.0
410	1659.8333333333333	0.0
420	1980.3333333333333	0.0
430	1746.0	0.0
440	2050.3333333333335	0.0
450	2021.6666666666667	0.0
460	1986.1666666666667	0.0
470	2382.6666666666665	0.0
480	2086.8333333333335	0.0
490	1912.3333333333333	0.0
500	2555.0	0.0
510	2358.6666666666665	0.0
520	2223.3333333333335	0.0
530	2417.8333333333335	0.0
540	2447.6666666666665	0.0
550	2326.0	0.0
560	2127.3333333333335	0.0
570	1919.0	0.0
580	2153.8333333333335	0.0
590	2343.6666666666665	0.0
600	2039.3333333333333	0.0
610	2507.6666666666665	0.0
620	1362.3333333333333	0.0
630	1699.6666666666667	0.0
640	1319.0	0.0
650	2181.0	0.0
660	2493.0	0.0
670	2469.0	0.0
680	2486.6666666666665	0.0
690	2456.6666666666665	0.0
700	2422.6666666666665	0.0
710	2621.3333333333335	0.0
720	2466.6666666666665	0.0
730	2181.3333333333335	0.0
740	2513.3333333333335	0.0
750	2629.5	0.0
760	2252.0	0.0
770	2488.3333333333335	0.0
780	2343.1666666666665	0.0
790	2750.0	0.0
800	2555.3333333333335	0.0
810	2372.3333333333335	0.0
820	2385.6666666666665	0.0
830	2585.0	0.0
840	2347.6666666666665	0.0
850	2007.6666666666667	0.0
860	1837.6666666666667	0.0
870	2512.8333333333335	0.0
880	2571.8333333333335	0.0
890	2511.6666666666665	0.0
900	1826.6666666666667	0.0
910	1623.6666666666667	0.0
920	2004.1666666666667	0.0
930	1897.3333333333333	0.0
940	2124.1666666666665	0.0
950	1882.3333333333333	0.0
960	1771.6666666666667	0.0
970	1983.3333333333333	0.0
980	2034.3333333333333	0.0
990	2023.5	0.0
1000	2092.5	0.0
