0	268.0	0.0
10	96.0	1000.0
20	81.66666666666667	0.0
30	82.0	0.0
40	80.33333333333333	0.0
50	72.0	0.0
60	71.0	0.0
70	70.0	0.0
80	70.0	0.0
90	70.0	0.0
100	70.0	0.0
110	70.0	0.0
120	72.66666666666667	0.0
130	71.0	0.0
140	72.33333333333333	0.0
150	137.33333333333334	0.0
160	361.6666666666667	0.0
170	213.33333333333334	0.0
180	256.6666666666667	0.0
190	425.0	0.0
200	1299.6666666666667	0.0
210	1392.3333333333333	0.0
220	1849.0	0.0
230	1278.3333333333333	0.0
240	435.3333333333333	0.0
250	1170.6666666666667	0.0
260	1470.0	0.0
270	1704.6666666666667	0.0
280	1559.0	0.0
290	1760.6666666666667	0.0
300	1930.0	0.0
310	1776.0	0.0
320	1869.6666666666667	0.0
330	1855.6666666666667	0.0
340	2216.6666666666665	0.0
350	2075.6666666666665	0.0
360	2264.0	0.0
370	2299.8333333333335	0.0
380	2660.6666666666665	0.0
390	2208.6666666666665	0.0
400	2339.0	0.0
410	2122.3333333333335	0.0
420	2375.3333333333335	0.0
430	2147.6666666666665	0.0
440	2344.3333333333335	0.0
450	2422.1666666666665	0.0
460	2524.6666666666665	0.0
470	2405.1666666666665	0.0
480	2183.8333333333335	0.0
490	2577.8333333333335	0.0
500	2110.0	0.0
510	2508.8333333333335	0.0
520	2710.0	0.0
530	2477.3333333333335	0.0
540	2511.8333333333335	0.0
550	2530.6666666666665	0.0
560	2478.6666666666665	0.0
570	2659.1666666666665	0.0
580	2551.3333333333335	0.0
590	2667.8333333333335	0.0
600	2472.8333333333335	0.0
610	2277.8333333333335	0.0
620	2248.6666666666665	0.0
630	2556.3333333333335	0.0
640	2572.0	0.0
650	2606.3333333333335	0.0
660	2464.3333333333335	0.0
670	2437.8333333333335	0.0
680	2558.6666666666665	0.0
690	2412.6666666666665	0.0
700	2452.3333333333335	0.0
710	2431.6666666666665	0.0
720	2369.1666666666665	0.0
730	2300.6666666666665	0.0
740	2269.0	0.0
750	2463.6666666666665	0.0
760	2470.0	0.0
770	2531.1666666666665	0.0
780	2444.6666666666665	0.0
790	2489.6666666666665	0.0
800	2522.1666666666665	0.0
810	2393.1666666666665	0.0
820	2680.6666666666665	0.0
830	2396.6666666666665	0.0
840	2270.6666666666665	0.0
850	1768.0	0.0
860	1984.6666666666667	0.0
870	2329.6666666666665	0.0
880	1716.3333333333333	0.0
890	1650.6666666666667	0.0
900	2015.6666666666667	0.0
910	2323.6666666666665	0.0
920	2099.3333333333335	0.0
930	1947.5	0.0
940	2164.0	0.0
950	2203.0	0.0
960	1916.6666666666667	0.0
970	1698.6666666666667	0.0
980	2191.3333333333335	0.0
990	2341.3333333333335	0.0
1000	2159.5	0.0
