0	312.0	0.0
10	93.66666666666667	1000.0
20	80.0	0.0
30	70.33333333333333	0.0
40	71.0	0.0
50	70.0	0.0
60	70.0	0.0
70	70.0	0.0
80	70.0	0.0
90	70.0	0.0
100	70.0	0.0
110	70.0	0.0
120	70.33333333333333	0.0
130	129.66666666666666	0.0
140	121.0	0.0
150	173.33333333333334	0.0
160	1301.5	0.0
170	111.66666666666667	0.0
180	277.0	0.0
190	1221.3333333333333	0.0
200	1017.3333333333334	0.0
210	888.0	0.0
220	926.3333333333334	0.0
230	260.6666666666667	0.0
240	699.3333333333334	0.0
250	1523.6666666666667	0.0
260	1496.6666666666667	0.0
270	1634.0	0.0
280	1140.0	0.0
290	1066.6666666666667	0.0
300	1945.6666666666667	0.0
310	2146.0	0.0
320	1763.6666666666667	0.0
330	2173.0	0.0
340	2112.0	0.0
350	1829.6666666666667	0.0
360	2238.6666666666665	0.0
370	2285.8333333333335	0.0
380	1760.6666666666667	0.0
390	2230.6666666666665	0.0
400	2273.6666666666665	0.0
410	2000.3333333333333	0.0
420	2264.0	0.0
430	2359.3333333333335	0.0
440	2330.0	0.0
450	2650.6666666666665	0.0
460	2694.1666666666665	0.0
470	2624.3333333333335	0.0
480	2504.5	0.0
490	2458.6666666666665	0.0
500	2250.3333333333335	0.0
510	2530.0	0.0
520	2753.0	0.0
530	2827.0	0.0
540	2671.3333333333335	0.0
550	2402.1666666666665	0.0
560	2427.6666666666665	0.0
570	2774.6666666666665	0.0
580	2288.0	0.0
590	2276.0	0.0
600	2286.5	0.0
610	2492.5	0.0
620	2652.3333333333335	0.0
630	2770.6666666666665	0.0
640	2896.3333333333335	0.0
650	2477.3333333333335	0.0
660	2357.0	0.0
670	2516.6666666666665	0.0
680	2013.3333333333333	0.0
690	2209.8333333333335	0.0
700	2500.3333333333335	0.0
710	2603.8333333333335	0.0
720	2629.3333333333335	0.0
730	2607.0	0.0
740	2423.5	0.0
750	2323.8333333333335	0.0
760	2251.0	0.0
770	2591.3333333333335	0.0
780	2672.1666666666665	0.0
790	2524.3333333333335	0.0
800	2433.3333333333335	0.0
810	2741.3333333333335	0.0
820	2548.0	0.0
830	2775.8333333333335	0.0
840	2610.0	0.0
850	2206.8333333333335	0.0
860	2618.0	0.0
870	2416.6666666666665	0.0
880	2523.5	0.0
890	2650.0	0.0
900	2595.0	0.0
910	2581.3333333333335	0.0
920	2480.3333333333335	0.0
930	2511.0	0.0
940	2476.6666666666665	0.0
950	2471.3333333333335	0.0
960	2500.8333333333335	0.0
970	2549.6666666666665	0.0
980	2387.0	0.0
990	2537.0	0.0
1000	2687.6666666666665	0.0
