0	263.56666666666666	0.0
10	70.0	0.0
20	70.0	0.0
30	70.0	0.0
40	70.0	0.0
50	70.0	0.0
60	70.0	0.0
70	70.0	0.0
80	70.0	0.0
90	70.0	0.0
100	70.0	0.0
110	70.0	0.0
120	70.0	0.0
130	70.0	0.0
140	70.0	0.0
150	70.0	0.0
160	70.02222222222221	0.0
170	70.0	0.0
180	70.25555555555556	0.0
190	70.62222222222222	0.0
200	71.06666666666666	0.0
210	72.42222222222222	0.0
220	73.33333333333331	0.0
230	83.40000000000002	0.0
240	99.62222222222222	0.0
250	135.24444444444444	0.0
260	172.92222222222216	0.0
270	193.27777777777777	0.0
280	193.83333333333334	0.0
290	188.25555555555553	0.0
300	176.87777777777777	0.0
310	175.12222222222223	0.0
320	158.4555555555556	0.0
330	156.93333333333337	0.0
340	161.56666666666663	0.0
350	153.76666666666668	0.0
360	167.29999999999998	0.0
370	193.8444444444444	0.0
380	204.75555555555556	0.0
390	244.46666666666664	0.0
400	306.5444444444444	0.0
410	369.33333333333326	0.0
420	415.7444444444445	0.0
430	435.8666666666666	0.0
440	515.4555555555555	0.0
450	580.5999999999999	0.0
460	660.2111111111113	0.0
470	730.3555555555555	0.0
480	798.4388888888886	0.0
490	953.9666666666666	0.0
500	1036.6	0.0
510	1103.572222222222	0.0
520	1214.5999999999997	0.0
530	1229.877777777778	0.0
540	1345.061111111111	0.0
550	1427.677777777778	0.0
560	1451.955555555556	0.0
570	1561.6	0.0
580	1558.461111111111	0.0
590	1610.3833333333334	0.0
600	1653.4055555555556	0.0
