0	274.6666666666667	0.0
10	70.0	1000.0
20	70.0	0.0
30	70.0	0.0
40	70.0	0.0
50	74.0	0.0
60	72.0	0.0
70	215.0	0.0
80	439.0	0.0
90	371.3333333333333	0.0
100	444.6666666666667	0.0
110	162.66666666666666	0.0
120	173.66666666666666	0.0
130	490.6666666666667	0.0
140	576.6666666666666	0.0
150	1218.1666666666667	0.0
160	1343.5	0.0
170	2306.8333333333335	0.0
180	2248.0	0.0
190	2249.6666666666665	0.0
200	2406.6666666666665	0.0
210	2285.0	0.0
220	2264.3333333333335	0.0
230	2434.0	0.0
240	2304.1666666666665	0.0
250	2329.1666666666665	0.0
260	2333.5	0.0
270	2382.6666666666665	0.0
280	2415.0	0.0
290	2387.5	0.0
300	2389.6666666666665	0.0
310	2519.8333333333335	0.0
320	2305.0	0.0
330	2591.5	0.0
340	2526.3333333333335	0.0
350	1814.6666666666667	0.0
360	1794.0	0.0
370	2090.6666666666665	0.0
380	1720.0	0.0
390	2063.6666666666665	0.0
400	1760.6666666666667	0.0
410	2169.6666666666665	0.0
420	2228.1666666666665	0.0
430	1824.6666666666667	0.0
440	1813.8333333333333	0.0
450	2361.6666666666665	0.0
460	2098.6666666666665	0.0
470	2131.1666666666665	0.0
480	1857.8333333333333	0.0
490	1883.3333333333333	0.0
500	2165.1666666666665	0.0
510	2227.6666666666665	0.0
520	1973.3333333333333	0.0
530	1996.3333333333333	0.0
540	1958.0	0.0
550	2317.3333333333335	0.0
560	1281.8333333333333	0.0
570	1302.0	0.0
580	1164.6666666666667	0.0
590	1631.5	0.0
600	1811.0	0.0
610	1438.1666666666667	0.0
620	2467.0	0.0
630	1477.6666666666667	0.0
640	1810.5	0.0
650	1881.6666666666667	0.0
660	2409.6666666666665	0.0
670	2320.0	0.0
680	2342.6666666666665	0.0
690	2276.3333333333335	0.0
700	2347.6666666666665	0.0
710	2512.8333333333335	0.0
720	2504.6666666666665	0.0
730	2417.0	0.0
740	2374.3333333333335	0.0
750	2164.5	0.0
760	2358.6666666666665	0.0
770	2382.1666666666665	0.0
780	2402.3333333333335	0.0
790	2247.0	0.0
800	2320.8333333333335	0.0
810	2526.5	0.0
820	2210.3333333333335	0.0
830	1792.3333333333333	0.0
840	1807.6666666666667	0.0
850	1684.0	0.0
860	1687.6666666666667	0.0
870	1745.0	0.0
880	2137.8333333333335	0.0
890	1786.0	0.0
900	1941.8333333333333	0.0
910	2018.3333333333333	0.0
920	2498.6666666666665	0.0
930	2557.3333333333335	0.0
940	2740.8333333333335	0.0
950	2207.6666666666665	0.0
960	2310.1666666666665	0.0
970	2385.1666666666665	0.0
980	2467.1666666666665	0.0
990	2330.0	0.0
1000	2445.6666666666665	0.0
