0	249.33333333333334	0.0
10	70.0	1000.0
20	70.0	0.0
30	70.0	0.0
40	70.0	0.0
50	119.0	0.0
60	399.0	0.0
70	153.0	0.0
80	176.66666666666666	0.0
90	416.0	0.0
100	523.6666666666666	0.0
110	846.6666666666666	0.0
120	1641.0	0.0
130	1773.3333333333333	0.0
140	2069.0	0.0
150	2095.3333333333335	0.0
160	2099.1666666666665	0.0
170	2314.0	0.0
180	2372.0	0.0
190	2119.0	0.0
200	2564.1666666666665	0.0
210	2283.6666666666665	0.0
220	2429.0	0.0
230	2395.3333333333335	0.0
240	2275.0	0.0
250	2309.8333333333335	0.0
260	2289.3333333333335	0.0
270	2314.3333333333335	0.0
280	1702.6666666666667	0.0
290	2445.6666666666665	0.0
300	2618.6666666666665	0.0
310	2208.3333333333335	0.0
320	1609.3333333333333	0.0
330	1861.6666666666667	0.0
340	1892.0	0.0
350	1029.8333333333333	0.0
360	1768.1666666666667	0.0
370	1764.6666666666667	0.0
380	1696.0	0.0
390	2026.5	0.0
400	1952.0	0.0
410	2099.3333333333335	0.0
420	1567.6666666666667	0.0
430	2314.8333333333335	0.0
440	1981.0	0.0
450	1764.6666666666667	0.0
460	2137.8333333333335	0.0
470	2008.1666666666667	0.0
480	2082.0	0.0
490	2344.3333333333335	0.0
500	2510.0	0.0
510	1769.6666666666667	0.0
520	2112.0	0.0
530	1887.8333333333333	0.0
540	2081.8333333333335	0.0
550	1878.3333333333333	0.0
560	2242.6666666666665	0.0
570	2193.6666666666665	0.0
580	2281.6666666666665	0.0
590	1993.3333333333333	0.0
600	1912.3333333333333	0.0
610	1688.3333333333333	0.0
620	2373.6666666666665	0.0
630	2039.1666666666667	0.0
640	1761.0	0.0
650	1154.1666666666667	0.0
660	1772.3333333333333	0.0
670	1776.6666666666667	0.0
680	2019.3333333333333	0.0
690	1920.5	0.0
700	2341.5	0.0
710	2377.6666666666665	0.0
720	2532.3333333333335	0.0
730	2697.8333333333335	0.0
740	2494.5	0.0
750	2313.6666666666665	0.0
760	2572.3333333333335	0.0
770	2315.0	0.0
780	1837.6666666666667	0.0
790	2099.8333333333335	0.0
800	2554.3333333333335	0.0
810	2180.3333333333335	0.0
820	2116.1666666666665	0.0
830	1990.6666666666667	0.0
840	1999.5	0.0
850	2060.5	0.0
860	2012.6666666666667	0.0
870	2194.6666666666665	0.0
880	2176.6666666666665	0.0
890	2161.0	0.0
900	2015.5	0.0
910	2315.3333333333335	0.0
920	2334.5	0.0
930	2442.8333333333335	0.0
940	2165.6666666666665	0.0
950	2312.3333333333335	0.0
960	2487.6666666666665	0.0
970	2480.1666666666665	0.0
980	2189.3333333333335	0.0
990	2373.5	0.0
1000	2425.3333333333335	0.0
