0	258.68888888888887	0.0
10	92.45555555555555	1000.0
20	87.75555555555555	0.0
30	85.87777777777777	0.0
40	83.15555555555555	0.0
50	82.07777777777777	0.0
60	80.97777777777777	0.0
70	80.27777777777779	0.0
80	78.93333333333334	0.0
90	78.44444444444444	0.0
100	77.30000000000001	0.0
110	76.93333333333334	0.0
120	78.5888888888889	0.0
130	81.66666666666666	0.0
140	85.45555555555555	0.0
150	110.3888888888889	0.0
160	110.87777777777778	0.0
170	149.61111111111114	0.0
180	161.34444444444446	0.0
190	230.67777777777775	0.0
200	304.93333333333334	0.0
210	363.5000000000001	0.0
220	370.51111111111106	0.0
230	378.8444444444445	0.0
240	410.83333333333337	0.0
250	434.11111111111114	0.0
260	523.9666666666667	0.0
270	507.00555555555565	0.0
280	542.4277777777778	0.0
290	677.9222222222222	0.0
300	681.5833333333334	0.0
310	773.0444444444445	0.0
320	854.888888888889	0.0
330	994.0111111111111	0.0
340	1061.2	0.0
350	1146.2111111111112	0.0
360	1307.5611111111111	0.0
370	1328.561111111111	0.0
380	1396.2833333333333	0.0
390	1517.8277777777776	0.0
400	1648.9611111111114	0.0
410	1763.283333333333	0.0
420	1813.822222222222	0.0
430	1880.588888888889	0.0
440	1908.6944444444446	0.0
450	1982.355555555556	0.0
460	1950.1555555555556	0.0
470	2036.5444444444447	0.0
480	2065.133333333334	0.0
490	2132.8444444444444	0.0
500	2145.8666666666663	0.0
510	2160.9499999999994	0.0
520	2224.0722222222225	0.0
530	2204.7611111111114	0.0
540	2251.405555555555	0.0
550	2272.4777777777776	0.0
560	2258.8388888888885	0.0
570	2388.7722222222224	0.0
580	2377.2666666666673	0.0
590	2439.861111111111	0.0
600	2481.6277777777777	0.0
610	2492.4055555555556	0.0
620	2455.2833333333333	0.0
630	2537.5388888888892	0.0
640	2544.5555555555557	0.0
650	2521.0333333333324	0.0
660	2552.25	0.0
670	2569.1277777777777	0.0
680	2487.8722222222223	0.0
690	2501.877777777778	0.0
700	2546.794444444444	0.0
710	2526.4499999999994	0.0
720	2550.9500000000003	0.0
730	2472.3111111111107	0.0
740	2537.066666666666	0.0
750	2567.633333333333	0.0
760	2510.527777777778	0.0
770	2597.755555555555	0.0
780	2524.3277777777776	0.0
790	2515.0222222222224	0.0
800	2579.6277777777777	0.0
