0	233.66666666666666	0.0
10	70.0	1000.0
20	70.0	0.0
30	70.0	0.0
40	70.0	0.0
50	70.0	0.0
60	70.0	0.0
70	70.0	0.0
80	70.0	0.0
90	70.0	0.0
100	70.0	0.0
110	70.0	0.0
120	70.0	0.0
130	70.0	0.0
140	70.0	0.0
150	70.33333333333333	0.0
160	71.66666666666667	0.0
170	71.0	0.0
180	76.33333333333333	0.0
190	184.33333333333334	0.0
200	127.66666666666667	0.0
210	236.33333333333334	0.0
220	173.66666666666666	0.0
230	100.0	0.0
240	230.66666666666666	0.0
250	370.6666666666667	0.0
260	206.33333333333334	0.0
270	293.0	0.0
280	161.66666666666666	0.0
290	144.0	0.0
300	238.66666666666666	0.0
310	319.3333333333333	0.0
320	229.66666666666666	0.0
330	138.0	0.0
340	229.0	0.0
350	202.66666666666666	0.0
360	258.3333333333333	0.0
370	307.3333333333333	0.0
380	368.0	0.0
390	889.6666666666666	0.0
400	801.0	0.0
410	995.6666666666666	0.0
420	803.3333333333334	0.0
430	860.3333333333334	0.0
440	1360.0	0.0
450	1169.3333333333333	0.0
460	1345.0	0.0
470	1622.3333333333333	0.0
480	1698.3333333333333	0.0
490	1722.6666666666667	0.0
500	2141.6666666666665	0.0
510	2240.3333333333335	0.0
520	1619.0	0.0
530	1883.3333333333333	0.0
540	2376.1666666666665	0.0
550	1696.3333333333333	0.0
560	1870.3333333333333	0.0
570	2290.6666666666665	0.0
580	2367.6666666666665	0.0
590	2065.3333333333335	0.0
600	2419.0	0.0
610	2375.1666666666665	0.0
620	2598.0	0.0
630	2541.8333333333335	0.0
640	2662.6666666666665	0.0
650	2638.8333333333335	0.0
660	2770.8333333333335	0.0
670	2216.6666666666665	0.0
680	2501.1666666666665	0.0
690	2500.6666666666665	0.0
700	2624.8333333333335	0.0
710	2339.8333333333335	0.0
720	2797.0	0.0
730	2311.3333333333335	0.0
740	2436.8333333333335	0.0
750	2733.3333333333335	0.0
760	2615.8333333333335	0.0
770	2781.8333333333335	0.0
780	2478.3333333333335	0.0
790	2426.0	0.0
800	2737.5	0.0
