0	271.0	0.0
10	70.0	1000.0
20	70.0	0.0
30	70.0	0.0
40	70.0	0.0
50	70.0	0.0
60	70.0	0.0
70	70.0	0.0
80	70.0	0.0
90	70.0	0.0
100	70.0	0.0
110	70.0	0.0
120	70.0	0.0
130	70.0	0.0
140	70.0	0.0
150	70.33333333333333	0.0
160	70.0	0.0
170	70.66666666666667	0.0
180	70.33333333333333	0.0
190	77.0	0.0
200	72.0	0.0
210	72.33333333333333	0.0
220	145.33333333333334	0.0
230	472.0	0.0
240	493.3333333333333	0.0
250	183.33333333333334	0.0
260	145.66666666666666	0.0
270	262.3333333333333	0.0
280	270.6666666666667	0.0
290	130.33333333333334	0.0
300	138.0	0.0
310	130.0	0.0
320	130.0	0.0
330	228.66666666666666	0.0
340	460.3333333333333	0.0
350	669.3333333333334	0.0
360	902.3333333333334	0.0
370	617.6666666666666	0.0
380	754.6666666666666	0.0
390	960.6666666666666	0.0
400	1479.6666666666667	0.0
410	1357.0	0.0
420	1648.5	0.0
430	1732.3333333333333	0.0
440	2424.0	0.0
450	2082.6666666666665	0.0
460	2177.3333333333335	0.0
470	1977.6666666666667	0.0
480	2178.6666666666665	0.0
490	2091.6666666666665	0.0
500	2144.0	0.0
510	1981.3333333333333	0.0
520	2115.6666666666665	0.0
530	2025.3333333333333	0.0
540	1985.6666666666667	0.0
550	2279.6666666666665	0.0
560	2446.6666666666665	0.0
570	2298.6666666666665	0.0
580	2170.3333333333335	0.0
590	2319.6666666666665	0.0
600	2430.6666666666665	0.0
610	2479.0	0.0
620	2344.1666666666665	0.0
630	2568.0	0.0
640	2485.6666666666665	0.0
650	2707.8333333333335	0.0
660	2558.8333333333335	0.0
670	2567.8333333333335	0.0
680	2451.0	0.0
690	2734.8333333333335	0.0
700	2615.8333333333335	0.0
710	2552.3333333333335	0.0
720	2648.3333333333335	0.0
730	2428.0	0.0
740	2354.6666666666665	0.0
750	2563.6666666666665	0.0
760	2480.0	0.0
770	2734.3333333333335	0.0
780	2879.3333333333335	0.0
790	2472.6666666666665	0.0
800	2633.8333333333335	0.0
