0	269.1111111111111	0.0
10	70.0	0.0
20	70.0	0.0
30	70.0	0.0
40	70.0	0.0
50	70.0	0.03333333333333333
60	70.0	0.0
70	70.05555555555556	0.03333333333333333
80	70.6	0.03333333333333333
90	75.4	0.0
100	80.13333333333337	0.03333333333333333
110	170.47777777777776	0.5666666666666667
120	193.25	1.6
130	194.98888888888888	3.3666666666666667
140	207.2333333333333	3.2333333333333334
150	225.43333333333328	3.7666666666666666
160	296.0111111111111	4.7
170	274.9111111111111	6.766666666666667
180	300.46666666666675	5.9
190	319.09999999999997	6.066666666666666
200	323.43333333333334	4.7
210	338.11111111111114	9.033333333333333
220	404.44444444444446	7.433333333333334
230	499.79444444444454	7.4
240	524.5666666666666	5.533333333333333
250	566.322222222222	8.6
260	657.5777777777777	18.933333333333334
270	810.4444444444445	10.033333333333333
280	820.6111111111111	25.9
290	968.8444444444443	18.033333333333335
300	1088.7333333333333	22.233333333333334
310	1245.0444444444445	24.5
320	1387.0833333333333	25.266666666666666
330	1469.5999999999997	22.1
340	1638.0111111111114	22.366666666666667
350	1661.5277777777776	40.13333333333333
360	1825.588888888889	37.8
370	1853.5055555555557	29.033333333333335
380	1999.8000000000004	35.93333333333333
390	2093.0833333333335	34.6
400	2090.494444444445	34.8
410	2213.8611111111113	38.766666666666666
420	2161.227777777777	29.266666666666666
430	2134.9666666666662	34.36666666666667
440	2181.7777777777783	39.333333333333336
450	2121.65	41.8
460	2106.855555555556	28.966666666666665
470	2073.222222222222	35.46666666666667
480	2055.85	28.8
490	2084.522222222222	31.1
500	2150.7833333333333	38.5
510	2087.35	31.066666666666666
520	2102.4000000000005	35.3
530	1990.533333333333	21.033333333333335
540	2075.5833333333335	16.933333333333334
550	2035.5833333333333	17.0
560	2021.7055555555557	11.366666666666667
570	2165.994444444444	15.733333333333333
580	2085.233333333333	4.666666666666667
590	2114.5000000000005	5.633333333333334
600	2047.5166666666662	3.1333333333333333
610	2100.6888888888893	3.9
620	2130.255555555555	1.3666666666666667
630	2143.5388888888892	1.8666666666666667
640	2122.244444444445	2.7666666666666666
650	2118.6944444444443	0.6666666666666666
660	2087.9500000000003	0.4666666666666667
670	2134.3277777777776	0.26666666666666666
680	2141.527777777778	0.0
690	2084.644444444444	0.0
700	2061.938888888889	0.0
710	2233.838888888889	0.0
720	2220.3722222222223	0.0
730	2204.25	0.0
740	2136.6444444444446	0.0
750	2180.088888888889	0.0
760	2216.8722222222223	0.0
770	2253.394444444444	0.0
780	2283.4888888888895	0.0
790	2253.6055555555554	0.0
800	2252.4611111111108	0.0
810	2189.838888888889	0.0
820	2201.922222222222	0.0
830	2184.5555555555547	0.0
840	2271.961111111111	0.0
850	2285.9555555555553	0.0
860	2262.983333333333	0.0
870	2181.9055555555556	0.0
880	2278.9111111111115	0.0
890	2275.4999999999995	0.0
900	2258.722222222222	0.0
910	2227.855555555556	0.0
920	2228.3333333333335	0.0
930	2193.977777777778	0.0
940	2244.238888888889	0.0
950	2174.5666666666666	0.0
960	2230.8	0.0
970	2225.55	0.0
980	2178.0	0.0
990	2151.2000000000003	0.0
1000	2249.8111111111116	0.0
