0	271.0	0.0
10	70.0	0.0
20	70.0	0.0
30	70.0	0.0
40	70.0	0.0
50	70.0	0.0
60	70.0	0.0
70	70.0	0.0
80	71.0	0.0
90	71.0	0.0
100	71.0	0.0
110	77.33333333333333	0.0
120	141.0	0.0
130	199.66666666666666	0.0
140	416.3333333333333	0.0
150	80.0	41.0
160	371.6666666666667	31.0
170	87.66666666666667	0.0
180	346.6666666666667	0.0
190	298.3333333333333	0.0
200	623.3333333333334	0.0
210	296.3333333333333	5.0
220	376.3333333333333	4.0
230	255.66666666666666	0.0
240	460.6666666666667	5.0
250	353.6666666666667	0.0
260	331.3333333333333	10.0
270	355.0	13.0
280	616.6666666666666	9.0
290	556.0	27.0
300	671.6666666666666	7.0
310	421.6666666666667	45.0
320	543.3333333333334	0.0
330	540.0	14.0
340	887.3333333333334	34.0
350	1248.1666666666667	71.0
360	1311.0	30.0
370	1929.6666666666667	43.0
380	2011.3333333333333	44.0
390	2342.6666666666665	43.0
400	2446.3333333333335	91.0
410	1943.0	27.0
420	2512.6666666666665	19.0
430	2556.8333333333335	124.0
440	2365.1666666666665	45.0
450	2425.3333333333335	3.0
460	2269.3333333333335	4.0
470	2627.6666666666665	20.0
480	2369.6666666666665	17.0
490	2659.6666666666665	53.0
500	2340.0	38.0
510	2653.0	10.0
520	2313.0	4.0
530	2428.1666666666665	69.0
540	2461.6666666666665	0.0
550	2206.0	0.0
560	2646.3333333333335	0.0
570	2389.0	0.0
580	1604.6666666666667	0.0
590	1828.0	0.0
600	1852.6666666666667	0.0
610	2120.3333333333335	0.0
620	1959.6666666666667	0.0
630	2210.5	0.0
640	2170.0	0.0
650	2007.3333333333333	0.0
660	2086.3333333333335	0.0
670	2218.6666666666665	0.0
680	2308.5	0.0
690	2034.0	0.0
700	2219.6666666666665	0.0
710	2489.5	0.0
720	1820.5	0.0
730	2656.0	0.0
740	2480.3333333333335	0.0
750	2435.0	0.0
760	2412.3333333333335	0.0
770	2383.1666666666665	0.0
780	2566.8333333333335	0.0
790	2331.3333333333335	0.0
800	1776.1666666666667	0.0
810	2045.6666666666667	0.0
820	1973.5	0.0
830	2092.6666666666665	0.0
840	1812.0	0.0
850	2296.0	0.0
860	1672.3333333333333	0.0
870	1905.8333333333333	0.0
880	2043.1666666666667	0.0
890	1883.6666666666667	0.0
900	1907.6666666666667	0.0
910	1968.0	0.0
920	2072.0	0.0
930	2060.1666666666665	0.0
940	2415.0	0.0
950	2196.8333333333335	0.0
960	2222.1666666666665	0.0
970	2380.3333333333335	0.0
980	2263.0	0.0
990	2306.6666666666665	0.0
1000	2325.8333333333335	0.0
