0	284.3333333333333	0.0
10	70.0	0.0
20	70.0	0.0
30	70.0	0.0
40	70.0	0.0
50	70.0	0.0
60	70.0	0.0
70	70.0	0.0
80	70.33333333333333	0.0
90	73.0	0.0
100	79.33333333333333	0.0
110	160.0	0.0
120	275.3333333333333	0.0
130	73.66666666666667	13.0
140	150.0	0.0
150	184.0	0.0
160	115.0	0.0
170	309.0	0.0
180	291.0	3.0
190	283.0	0.0
200	216.33333333333334	23.0
210	321.6666666666667	4.0
220	154.33333333333334	4.0
230	328.6666666666667	0.0
240	492.6666666666667	8.0
250	363.0	5.0
260	479.0	8.0
270	561.3333333333334	27.0
280	554.3333333333334	0.0
290	1074.0	0.0
300	1108.6666666666667	12.0
310	2040.3333333333333	18.0
320	1864.6666666666667	127.0
330	2104.0	58.0
340	2427.3333333333335	18.0
350	2441.6666666666665	25.0
360	2476.5	29.0
370	2434.3333333333335	4.0
380	2511.6666666666665	47.0
390	2336.6666666666665	37.0
400	2488.1666666666665	1.0
410	2475.6666666666665	39.0
420	2197.6666666666665	15.0
430	2251.0	60.0
440	2547.3333333333335	14.0
450	2556.5	3.0
460	2420.3333333333335	33.0
470	2494.0	13.0
480	2259.0	2.0
490	2430.3333333333335	46.0
500	2521.3333333333335	12.0
510	2607.0	16.0
520	2462.5	25.0
530	1851.6666666666667	64.0
540	2250.5	35.0
550	2002.0	19.0
560	1850.6666666666667	15.0
570	2527.5	3.0
580	2383.5	16.0
590	2417.6666666666665	26.0
600	2474.5	17.0
610	2467.1666666666665	11.0
620	2407.3333333333335	14.0
630	2463.6666666666665	1.0
640	2281.6666666666665	1.0
650	2217.6666666666665	16.0
660	2530.6666666666665	5.0
670	2511.3333333333335	8.0
680	2118.3333333333335	0.0
690	1994.6666666666667	0.0
700	1600.3333333333333	0.0
710	1744.6666666666667	0.0
720	2277.6666666666665	0.0
730	2370.3333333333335	0.0
740	2458.1666666666665	0.0
750	1909.3333333333333	0.0
760	1980.3333333333333	0.0
770	2463.0	0.0
780	2380.6666666666665	0.0
790	2532.1666666666665	0.0
800	2407.5	0.0
810	2629.6666666666665	0.0
820	2773.1666666666665	0.0
830	2469.6666666666665	0.0
840	2157.6666666666665	0.0
850	1741.5	0.0
860	1821.6666666666667	0.0
870	1576.5	0.0
880	2138.6666666666665	0.0
890	1789.3333333333333	0.0
900	1809.5	0.0
910	2109.6666666666665	0.0
920	2337.6666666666665	0.0
930	2511.8333333333335	0.0
940	2540.6666666666665	0.0
950	1631.0	0.0
960	1895.6666666666667	0.0
970	2137.5	0.0
980	1782.0	0.0
990	1668.8333333333333	0.0
1000	1923.5	0.0
