0	214.33333333333334	0.0
10	1959.6666666666667	34.0
20	2013.1666666666667	29.0
30	2061.0	23.0
40	2028.8333333333333	11.0
50	2047.5	16.0
60	2114.0	8.0
70	2164.1666666666665	0.0
80	1916.8333333333333	28.0
90	2016.0	13.0
100	2155.6666666666665	0.0
110	2130.3333333333335	0.0
120	2055.1666666666665	16.0
130	2113.1666666666665	14.0
140	2287.3333333333335	0.0
150	2146.8333333333335	19.0
160	2258.5	0.0
170	2017.8333333333333	28.0
180	2244.3333333333335	22.0
190	2339.0	0.0
200	2286.6666666666665	20.0
210	2384.3333333333335	0.0
220	2460.3333333333335	42.0
230	2501.6666666666665	3.0
240	2272.8333333333335	54.0
250	2246.3333333333335	7.0
260	2378.6666666666665	2.0
270	2277.3333333333335	0.0
280	2185.5	21.0
290	2491.8333333333335	9.0
300	2572.8333333333335	44.0
310	2508.3333333333335	21.0
320	2224.5	46.0
330	2540.5	9.0
340	2474.3333333333335	0.0
350	2485.6666666666665	17.0
360	2569.3333333333335	0.0
370	2521.6666666666665	17.0
380	2586.8333333333335	5.0
390	2666.0	24.0
400	2699.0	9.0
410	2559.0	0.0
420	2659.5	8.0
430	2498.5	6.0
440	2540.6666666666665	4.0
450	2745.0	18.0
460	2471.0	22.0
470	2622.1666666666665	0.0
480	2495.8333333333335	28.0
490	2619.0	0.0
500	2678.8333333333335	0.0
