0	306.6666666666667	0.0
10	103.66666666666667	165.0
20	142.0	608.0
30	171.0	227.0
40	217.33333333333334	0.0
50	1593.6666666666667	0.0
60	970.6666666666666	0.0
70	1760.3333333333333	0.0
80	1809.3333333333333	0.0
90	2055.5	0.0
100	2097.3333333333335	0.0
110	2276.0	0.0
120	2548.3333333333335	0.0
130	2161.0	0.0
140	2309.6666666666665	0.0
150	2511.0	0.0
160	2287.0	0.0
170	2190.0	0.0
180	2335.6666666666665	0.0
190	2241.0	0.0
200	2445.5	0.0
210	2436.3333333333335	0.0
220	2427.3333333333335	0.0
230	2371.0	0.0
240	2349.1666666666665	0.0
250	2548.3333333333335	0.0
260	2317.6666666666665	0.0
270	2396.5	0.0
280	1864.5	0.0
290	1969.3333333333333	0.0
300	1984.3333333333333	0.0
310	1804.0	0.0
320	2066.3333333333335	0.0
330	1834.6666666666667	0.0
340	2388.1666666666665	0.0
350	2040.0	0.0
360	2366.1666666666665	0.0
370	2083.3333333333335	0.0
380	1869.8333333333333	0.0
390	1574.6666666666667	0.0
400	2353.6666666666665	0.0
410	1783.3333333333333	0.0
420	1736.3333333333333	0.0
430	1626.5	0.0
440	1261.6666666666667	0.0
450	1528.3333333333333	0.0
460	1567.5	0.0
470	1889.8333333333333	0.0
480	1839.6666666666667	0.0
490	1893.3333333333333	0.0
500	2184.0	0.0
510	2238.0	0.0
520	2013.1666666666667	0.0
530	2225.8333333333335	0.0
540	1326.3333333333333	0.0
550	2148.0	0.0
560	1567.3333333333333	0.0
570	1919.1666666666667	0.0
580	1839.5	0.0
590	1404.6666666666667	0.0
600	1606.1666666666667	0.0
610	2143.6666666666665	0.0
620	1503.3333333333333	0.0
630	1880.6666666666667	0.0
640	1800.1666666666667	0.0
650	1753.3333333333333	0.0
660	2551.5	0.0
670	2275.6666666666665	0.0
680	2508.1666666666665	0.0
690	2179.1666666666665	0.0
700	2231.3333333333335	0.0
710	2426.3333333333335	0.0
720	2392.3333333333335	0.0
730	2339.5	0.0
740	2407.5	0.0
750	2458.3333333333335	0.0
760	2614.6666666666665	0.0
770	2356.5	0.0
780	2215.6666666666665	0.0
790	2651.8333333333335	0.0
800	2442.0	0.0
810	2548.6666666666665	0.0
820	1742.3333333333333	0.0
830	2461.5	0.0
840	2716.8333333333335	0.0
850	2489.8333333333335	0.0
860	2419.6666666666665	0.0
870	2395.3333333333335	0.0
880	2594.6666666666665	0.0
890	2563.0	0.0
900	2461.1666666666665	0.0
910	2096.3333333333335	0.0
920	2567.8333333333335	0.0
930	1926.8333333333333	0.0
940	2359.6666666666665	0.0
950	1906.8333333333333	0.0
960	1714.8333333333333	0.0
970	1823.0	0.0
980	2004.0	0.0
990	1910.0	0.0
1000	1676.5	0.0
