0	257.0	0.0
10	70.0	7.0
20	70.0	5.0
30	70.0	133.0
40	70.0	394.0
50	70.0	47.0
60	70.0	40.0
70	73.0	26.0
80	626.3333333333334	39.0
90	1820.6666666666667	309.0
100	902.3333333333334	0.0
110	401.0	0.0
120	627.3333333333334	0.0
130	1698.8333333333333	0.0
140	2113.6666666666665	0.0
150	2056.0	0.0
160	1916.0	0.0
170	2374.6666666666665	0.0
180	2077.8333333333335	0.0
190	2415.5	0.0
200	2170.3333333333335	0.0
210	2294.8333333333335	0.0
220	2062.0	0.0
230	2628.8333333333335	0.0
240	2389.3333333333335	0.0
250	2576.1666666666665	0.0
260	2396.0	0.0
270	2254.3333333333335	0.0
280	2388.0	0.0
290	2456.1666666666665	0.0
300	2528.8333333333335	0.0
310	2638.0	0.0
320	2354.8333333333335	0.0
330	2480.3333333333335	0.0
340	2175.0	0.0
350	2294.6666666666665	0.0
360	2345.3333333333335	0.0
370	2312.0	0.0
380	2328.0	0.0
390	1550.0	0.0
400	1888.6666666666667	0.0
410	2409.0	0.0
420	2614.3333333333335	0.0
430	2433.0	0.0
440	2272.0	0.0
450	1982.5	0.0
460	2112.3333333333335	0.0
470	2369.0	0.0
480	2289.0	0.0
490	2258.3333333333335	0.0
500	2361.6666666666665	0.0
510	2319.5	0.0
520	1876.3333333333333	0.0
530	2596.5	0.0
540	2638.6666666666665	0.0
550	2294.6666666666665	0.0
560	2533.6666666666665	0.0
570	2441.5	0.0
580	2314.3333333333335	0.0
590	2678.3333333333335	0.0
600	1957.0	0.0
610	1933.6666666666667	0.0
620	2023.1666666666667	0.0
630	1881.0	0.0
640	2164.3333333333335	0.0
650	2294.3333333333335	0.0
660	2505.8333333333335	0.0
670	2550.0	0.0
680	2434.6666666666665	0.0
690	2445.6666666666665	0.0
700	2552.0	0.0
710	2383.1666666666665	0.0
720	2367.0	0.0
730	2214.0	0.0
740	2320.6666666666665	0.0
750	2410.0	0.0
760	2374.3333333333335	0.0
770	2379.3333333333335	0.0
780	2420.8333333333335	0.0
790	2282.3333333333335	0.0
800	2444.3333333333335	0.0
810	2572.6666666666665	0.0
820	1557.0	0.0
830	1755.5	0.0
840	2103.6666666666665	0.0
850	1893.6666666666667	0.0
860	1782.6666666666667	0.0
870	2397.5	0.0
880	2559.1666666666665	0.0
890	2286.3333333333335	0.0
900	1640.8333333333333	0.0
910	1719.5	0.0
920	1841.3333333333333	0.0
930	1787.3333333333333	0.0
940	1576.6666666666667	0.0
950	2378.3333333333335	0.0
960	2545.8333333333335	0.0
970	2095.5	0.0
980	2629.6666666666665	0.0
990	1743.3333333333333	0.0
1000	2240.3333333333335	0.0
