0	224.66666666666666	0.0
10	70.0	196.0
20	70.0	0.0
30	70.0	0.0
40	70.0	0.0
50	70.0	0.0
60	70.0	0.0
70	70.0	0.0
80	70.0	0.0
90	70.0	0.0
100	70.0	0.0
110	70.0	0.0
120	70.0	0.0
130	70.0	0.0
140	70.0	0.0
150	70.0	0.0
160	70.0	0.0
170	70.66666666666667	0.0
180	70.66666666666667	0.0
190	70.66666666666667	0.0
200	90.0	0.0
210	76.66666666666667	0.0
220	74.33333333333333	0.0
230	77.33333333333333	0.0
240	114.66666666666667	0.0
250	151.33333333333334	0.0
260	167.66666666666666	0.0
270	292.0	0.0
280	177.33333333333334	0.0
290	127.66666666666667	0.0
300	156.0	0.0
310	169.66666666666666	0.0
320	190.0	0.0
330	155.33333333333334	0.0
340	173.33333333333334	0.0
350	274.6666666666667	0.0
360	295.6666666666667	0.0
370	255.66666666666666	0.0
380	243.0	0.0
390	160.66666666666666	0.0
400	225.0	0.0
410	307.0	0.0
420	180.33333333333334	0.0
430	257.3333333333333	0.0
440	202.0	0.0
450	204.0	0.0
460	211.0	0.0
470	290.0	0.0
480	352.0	0.0
490	564.3333333333334	0.0
500	349.6666666666667	0.0
510	368.6666666666667	0.0
520	683.6666666666666	0.0
530	369.3333333333333	0.0
540	355.3333333333333	0.0
550	397.3333333333333	0.0
560	758.0	0.0
570	666.6666666666666	0.0
580	692.6666666666666	0.0
590	538.0	0.0
600	587.6666666666666	0.0
610	1064.3333333333333	0.0
620	790.0	0.0
630	685.3333333333334	0.0
640	1018.3333333333334	0.0
650	1115.6666666666667	0.0
660	1042.3333333333333	0.0
670	1359.0	0.0
680	1604.0	0.0
690	684.6666666666666	0.0
700	1088.8333333333333	0.0
710	1446.3333333333333	0.0
720	1558.6666666666667	0.0
730	986.6666666666666	0.0
740	704.0	0.0
750	1454.5	0.0
760	916.3333333333334	0.0
770	1005.6666666666666	0.0
780	1235.0	0.0
790	1028.6666666666667	0.0
800	937.6666666666666	0.0
810	1397.0	0.0
820	1433.0	0.0
830	1419.6666666666667	0.0
840	961.3333333333334	0.0
850	1051.0	0.0
860	963.0	0.0
870	1623.1666666666667	0.0
880	1755.0	0.0
890	1335.0	0.0
900	1025.6666666666667	0.0
910	1093.1666666666667	0.0
920	1570.3333333333333	0.0
930	1149.8333333333333	0.0
940	1238.3333333333333	0.0
950	1264.3333333333333	0.0
960	1338.6666666666667	0.0
970	1315.5	0.0
980	1380.0	0.0
990	1731.3333333333333	0.0
1000	1411.0	0.0
