0	236.66666666666666	0.0
10	70.0	7.0
20	70.0	19.0
30	70.0	13.0
40	70.0	0.0
50	70.0	0.0
60	70.0	8.0
70	70.0	1.0
80	72.66666666666667	1.0
90	70.0	4.0
100	71.33333333333333	13.0
110	71.0	2.0
120	120.0	7.0
130	131.0	22.0
140	124.0	84.0
150	560.6666666666666	0.0
160	212.0	108.0
170	113.0	0.0
180	360.0	104.0
190	174.66666666666666	155.0
200	397.6666666666667	108.0
210	598.6666666666666	151.0
220	480.3333333333333	193.0
230	335.3333333333333	0.0
240	761.3333333333334	0.0
250	757.3333333333334	0.0
260	1333.0	0.0
270	1759.0	0.0
280	1641.3333333333333	0.0
290	2373.1666666666665	0.0
300	2466.1666666666665	0.0
310	2530.8333333333335	0.0
320	2233.1666666666665	0.0
330	2068.3333333333335	0.0
340	2471.0	0.0
350	2254.5	0.0
360	2129.3333333333335	0.0
370	2585.8333333333335	0.0
380	2545.0	0.0
390	2231.6666666666665	0.0
400	2432.8333333333335	0.0
410	2530.6666666666665	0.0
420	2170.3333333333335	0.0
430	1564.0	0.0
440	1887.8333333333333	0.0
450	2121.1666666666665	0.0
460	1825.0	0.0
470	1730.5	0.0
480	2243.5	0.0
490	1979.3333333333333	0.0
500	2351.0	0.0
510	1585.6666666666667	0.0
520	1920.5	0.0
530	2375.8333333333335	0.0
540	1771.0	0.0
550	2151.0	0.0
560	2215.0	0.0
570	1676.0	0.0
580	1801.6666666666667	0.0
590	1898.3333333333333	0.0
600	1709.0	0.0
