0	274.0	0.0
10	70.0	4.0
20	70.0	12.0
30	70.0	1.0
40	70.0	3.0
50	70.0	16.0
60	70.0	0.0
70	70.0	0.0
80	70.66666666666667	8.0
90	70.66666666666667	6.0
100	81.33333333333333	4.0
110	135.66666666666666	0.0
120	115.66666666666667	13.0
130	112.0	36.0
140	145.66666666666666	42.0
150	88.0	154.0
160	104.33333333333333	35.0
170	167.0	258.0
180	769.3333333333334	282.0
190	921.3333333333334	126.0
200	2123.3333333333335	0.0
210	1959.6666666666667	0.0
220	2049.0	0.0
230	2055.3333333333335	0.0
240	2236.6666666666665	0.0
250	2238.0	0.0
260	2164.6666666666665	0.0
270	2201.6666666666665	0.0
280	2301.3333333333335	0.0
290	2225.3333333333335	0.0
300	2295.3333333333335	0.0
310	2034.0	0.0
320	1803.8333333333333	0.0
330	2029.0	0.0
340	1873.3333333333333	0.0
350	1432.0	0.0
360	1319.6666666666667	0.0
370	1693.8333333333333	0.0
380	1782.6666666666667	0.0
390	1624.6666666666667	0.0
400	1970.8333333333333	0.0
410	2090.1666666666665	0.0
420	1915.6666666666667	0.0
430	1831.3333333333333	0.0
440	1650.3333333333333	0.0
450	1822.8333333333333	0.0
460	2062.3333333333335	0.0
470	2387.0	0.0
480	2502.6666666666665	0.0
490	2324.0	0.0
500	2537.5	0.0
510	1920.5	0.0
520	2215.0	0.0
530	2141.5	0.0
540	1811.5	0.0
550	2123.8333333333335	0.0
560	2375.8333333333335	0.0
570	2212.6666666666665	0.0
580	2161.0	0.0
590	2009.3333333333333	0.0
600	2102.0	0.0
