0	264.3333333333333	0.0
10	70.0	0.0
20	70.0	0.0
30	70.0	0.0
40	70.0	0.0
50	70.0	0.0
60	70.0	0.0
70	70.0	0.0
80	70.66666666666667	0.0
90	71.0	0.0
100	71.66666666666667	0.0
110	71.33333333333333	0.0
120	84.0	0.0
130	370.3333333333333	0.0
140	338.3333333333333	0.0
150	298.6666666666667	0.0
160	348.0	0.0
170	493.0	0.0
180	387.3333333333333	0.0
190	132.66666666666666	0.0
200	186.33333333333334	0.0
210	317.3333333333333	0.0
220	418.3333333333333	0.0
230	349.0	0.0
240	334.6666666666667	0.0
250	402.6666666666667	0.0
260	470.3333333333333	0.0
270	435.3333333333333	0.0
280	220.33333333333334	0.0
290	304.3333333333333	0.0
300	507.0	0.0
310	497.3333333333333	0.0
320	655.0	0.0
330	737.0	0.0
340	1195.8333333333333	0.0
350	1245.0	0.0
360	1414.0	0.0
370	1611.8333333333333	0.0
380	1208.0	0.0
390	1795.8333333333333	0.0
400	1717.8333333333333	0.0
410	1757.1666666666667	0.0
420	1455.3333333333333	0.0
430	1981.0	0.0
440	1642.6666666666667	0.0
450	1757.1666666666667	0.0
460	1861.3333333333333	0.0
470	1724.0	0.0
480	1848.8333333333333	0.0
490	1998.3333333333333	0.0
500	2266.6666666666665	0.0
510	1603.6666666666667	0.0
520	2007.0	0.0
530	1540.3333333333333	0.0
540	1846.1666666666667	0.0
550	1763.3333333333333	0.0
560	1760.8333333333333	0.0
570	1751.6666666666667	0.0
580	1746.3333333333333	0.0
590	1747.1666666666667	0.0
600	1972.8333333333333	0.0
