0	284.6666666666667	0.0
10	70.0	1000.0
20	70.0	0.0
30	70.0	0.0
40	70.0	0.0
50	77.0	0.0
60	115.66666666666667	0.0
70	506.6666666666667	0.0
80	820.0	0.0
90	961.5	0.0
100	1061.6666666666667	0.0
110	1135.0	0.0
120	1701.0	0.0
130	1960.3333333333333	0.0
140	1909.3333333333333	0.0
150	2465.3333333333335	0.0
160	2177.3333333333335	0.0
170	2394.0	0.0
180	2513.5	0.0
190	2305.3333333333335	0.0
200	2230.6666666666665	0.0
210	2371.8333333333335	0.0
220	2614.3333333333335	0.0
230	2333.5	0.0
240	2364.3333333333335	0.0
250	2637.1666666666665	0.0
260	2231.0	0.0
270	2445.0	0.0
280	2149.3333333333335	0.0
290	2242.0	0.0
300	2345.5	0.0
310	2337.6666666666665	0.0
320	2175.3333333333335	0.0
330	2377.1666666666665	0.0
340	2320.8333333333335	0.0
350	2259.1666666666665	0.0
360	2318.8333333333335	0.0
370	2202.0	0.0
380	1838.3333333333333	0.0
390	1843.5	0.0
400	1738.0	0.0
410	2092.5	0.0
420	1929.0	0.0
430	1996.1666666666667	0.0
440	2129.0	0.0
450	2200.0	0.0
460	1886.0	0.0
470	2186.0	0.0
480	2008.0	0.0
490	1853.3333333333333	0.0
500	1773.3333333333333	0.0
510	2081.5	0.0
520	1907.1666666666667	0.0
530	1915.3333333333333	0.0
540	1921.3333333333333	0.0
550	2096.5	0.0
560	2109.3333333333335	0.0
570	2151.0	0.0
580	2391.6666666666665	0.0
590	2072.3333333333335	0.0
600	2161.0	0.0
610	2117.0	0.0
620	1996.3333333333333	0.0
630	2004.3333333333333	0.0
640	2534.3333333333335	0.0
650	2612.0	0.0
660	2522.0	0.0
670	2327.0	0.0
680	2302.6666666666665	0.0
690	2584.6666666666665	0.0
700	2435.1666666666665	0.0
710	2320.0	0.0
720	2621.6666666666665	0.0
730	2488.1666666666665	0.0
740	2538.0	0.0
750	2466.0	0.0
760	2495.0	0.0
770	2524.6666666666665	0.0
780	2395.0	0.0
790	2518.0	0.0
800	2387.8333333333335	0.0
810	2476.0	0.0
820	1828.0	0.0
830	1863.0	0.0
840	2059.0	0.0
850	2438.0	0.0
860	1852.0	0.0
870	1793.0	0.0
880	2380.8333333333335	0.0
890	1739.6666666666667	0.0
900	2632.0	0.0
910	2554.3333333333335	0.0
920	2395.6666666666665	0.0
930	2674.6666666666665	0.0
940	2280.1666666666665	0.0
950	1937.3333333333333	0.0
960	2589.0	0.0
970	2403.1666666666665	0.0
980	2488.6666666666665	0.0
990	2461.1666666666665	0.0
1000	2513.6666666666665	0.0
