0	274.6666666666667	0.0
10	70.0	1000.0
20	70.0	0.0
30	70.0	0.0
40	86.0	0.0
50	1106.3333333333333	0.0
60	1649.3333333333333	0.0
70	2028.3333333333333	0.0
80	2119.0	0.0
90	2182.6666666666665	0.0
100	2494.3333333333335	0.0
110	2371.3333333333335	0.0
120	2369.3333333333335	0.0
130	2235.3333333333335	0.0
140	2334.6666666666665	0.0
150	2327.0	0.0
160	2133.0	0.0
170	2471.5	0.0
180	2481.5	0.0
190	2329.1666666666665	0.0
200	2083.5	0.0
210	2402.5	0.0
220	2390.8333333333335	0.0
230	2470.5	0.0
240	2330.6666666666665	0.0
250	2561.8333333333335	0.0
260	2443.6666666666665	0.0
270	1601.3333333333333	0.0
280	2467.3333333333335	0.0
290	2098.5	0.0
300	1494.6666666666667	0.0
310	1915.5	0.0
320	2029.1666666666667	0.0
330	1997.0	0.0
340	1728.6666666666667	0.0
350	2037.3333333333333	0.0
360	1724.5	0.0
370	1875.5	0.0
380	2193.3333333333335	0.0
390	2069.6666666666665	0.0
400	2440.0	0.0
410	2288.5	0.0
420	1714.1666666666667	0.0
430	1559.6666666666667	0.0
440	2378.1666666666665	0.0
450	2073.0	0.0
460	1514.3333333333333	0.0
470	2177.3333333333335	0.0
480	2041.0	0.0
490	2453.0	0.0
500	2298.0	0.0
510	2569.6666666666665	0.0
520	1666.6666666666667	0.0
530	1906.0	0.0
540	2265.3333333333335	0.0
550	2498.8333333333335	0.0
560	1542.0	0.0
570	1531.0	0.0
580	1507.6666666666667	0.0
590	1947.0	0.0
600	1455.1666666666667	0.0
610	2674.6666666666665	0.0
620	2271.8333333333335	0.0
630	2340.1666666666665	0.0
640	2050.6666666666665	0.0
650	1896.3333333333333	0.0
660	2220.3333333333335	0.0
670	2209.6666666666665	0.0
680	2049.3333333333335	0.0
690	2321.6666666666665	0.0
700	2472.0	0.0
710	2255.1666666666665	0.0
720	2151.6666666666665	0.0
730	2230.1666666666665	0.0
740	2268.0	0.0
750	2608.0	0.0
760	2517.6666666666665	0.0
770	2361.6666666666665	0.0
780	2519.3333333333335	0.0
790	2602.0	0.0
800	1983.6666666666667	0.0
810	1702.6666666666667	0.0
820	2412.6666666666665	0.0
830	2013.0	0.0
840	1636.3333333333333	0.0
850	1679.3333333333333	0.0
860	1702.0	0.0
870	1873.0	0.0
880	1687.0	0.0
890	2528.0	0.0
900	2549.3333333333335	0.0
910	2356.3333333333335	0.0
920	2331.3333333333335	0.0
930	2500.6666666666665	0.0
940	2296.0	0.0
950	2421.3333333333335	0.0
960	2468.8333333333335	0.0
970	2279.0	0.0
980	2557.8333333333335	0.0
990	2528.0	0.0
1000	2423.0	0.0
