0	274.0	0.0
10	70.0	1000.0
20	70.0	0.0
30	70.0	0.0
40	70.0	0.0
50	294.6666666666667	0.0
60	816.0	0.0
70	115.33333333333333	0.0
80	1040.0	0.0
90	2025.3333333333333	0.0
100	1707.8333333333333	0.0
110	2263.0	0.0
120	2409.3333333333335	0.0
130	2235.6666666666665	0.0
140	2319.3333333333335	0.0
150	2366.8333333333335	0.0
160	2342.6666666666665	0.0
170	2372.3333333333335	0.0
180	2127.5	0.0
190	2359.8333333333335	0.0
200	2377.5	0.0
210	2385.5	0.0
220	2292.6666666666665	0.0
230	2454.6666666666665	0.0
240	2360.5	0.0
250	2179.3333333333335	0.0
260	2192.6666666666665	0.0
270	2618.0	0.0
280	2362.0	0.0
290	2130.5	0.0
300	2326.0	0.0
310	2233.6666666666665	0.0
320	2287.6666666666665	0.0
330	2456.6666666666665	0.0
340	2069.3333333333335	0.0
350	2322.8333333333335	0.0
360	2424.0	0.0
370	2015.8333333333333	0.0
380	2271.6666666666665	0.0
390	2140.3333333333335	0.0
400	1889.0	0.0
410	2166.0	0.0
420	1749.3333333333333	0.0
430	2148.6666666666665	0.0
440	1690.6666666666667	0.0
450	1741.5	0.0
460	1714.3333333333333	0.0
470	2345.0	0.0
480	1531.1666666666667	0.0
490	2485.3333333333335	0.0
500	1729.6666666666667	0.0
510	1851.8333333333333	0.0
520	1970.6666666666667	0.0
530	2625.6666666666665	0.0
540	2213.5	0.0
550	2282.3333333333335	0.0
560	2286.0	0.0
570	2410.0	0.0
580	2508.3333333333335	0.0
590	2689.5	0.0
600	2252.3333333333335	0.0
610	2440.1666666666665	0.0
620	1917.8333333333333	0.0
630	2513.3333333333335	0.0
640	2394.0	0.0
650	1922.3333333333333	0.0
660	2196.1666666666665	0.0
670	1759.3333333333333	0.0
680	1657.3333333333333	0.0
690	2144.6666666666665	0.0
700	1874.0	0.0
710	1852.3333333333333	0.0
720	2491.6666666666665	0.0
730	1700.8333333333333	0.0
740	1848.6666666666667	0.0
750	2330.1666666666665	0.0
760	2456.0	0.0
770	2518.3333333333335	0.0
780	1820.3333333333333	0.0
790	1510.3333333333333	0.0
800	1888.3333333333333	0.0
810	1908.5	0.0
820	2215.5	0.0
830	1519.6666666666667	0.0
840	2135.3333333333335	0.0
850	1680.8333333333333	0.0
860	2094.3333333333335	0.0
870	1910.1666666666667	0.0
880	2425.1666666666665	0.0
890	1789.3333333333333	0.0
900	2099.0	0.0
910	2028.3333333333333	0.0
920	2427.8333333333335	0.0
930	2236.6666666666665	0.0
940	2250.1666666666665	0.0
950	2362.0	0.0
960	2456.3333333333335	0.0
970	2678.3333333333335	0.0
980	2672.6666666666665	0.0
990	2515.1666666666665	0.0
1000	2439.6666666666665	0.0
