0	270.3333333333333	0.0
10	70.0	0.0
20	70.0	0.0
30	70.0	0.0
40	70.0	0.0
50	70.0	0.0
60	70.0	0.0
70	70.0	0.0
80	70.33333333333333	0.0
90	82.66666666666667	0.0
100	100.0	0.0
110	182.33333333333334	0.0
120	375.6666666666667	0.0
130	140.66666666666666	0.0
140	177.0	0.0
150	168.66666666666666	0.0
160	147.66666666666666	0.0
170	111.0	0.0
180	200.0	0.0
190	408.0	0.0
200	291.0	0.0
210	382.3333333333333	0.0
220	461.3333333333333	0.0
230	378.3333333333333	0.0
240	514.3333333333334	0.0
250	295.3333333333333	0.0
260	320.0	0.0
270	486.0	0.0
280	377.6666666666667	0.0
290	339.0	0.0
300	503.0	0.0
310	599.0	0.0
320	765.3333333333334	0.0
330	829.6666666666666	0.0
340	963.6666666666666	0.0
350	944.3333333333334	0.0
360	1173.6666666666667	0.0
370	1041.5	0.0
380	1383.3333333333333	0.0
390	2084.8333333333335	0.0
400	1845.6666666666667	0.0
410	1451.6666666666667	0.0
420	1528.0	0.0
430	2015.0	0.0
440	2358.0	8.0
450	1882.0	0.0
460	1927.6666666666667	0.0
470	1849.3333333333333	0.0
480	2105.6666666666665	0.0
490	2062.5	0.0
500	1635.8333333333333	0.0
510	1799.0	0.0
520	2624.0	0.0
530	1691.3333333333333	0.0
540	1737.6666666666667	0.0
550	1894.1666666666667	0.0
560	1946.6666666666667	0.0
570	2140.8333333333335	0.0
580	1723.8333333333333	0.0
590	1811.0	0.0
600	1906.5	0.0
