0	271.0	0.0
10	70.0	0.0
20	70.0	0.0
30	70.0	0.0
40	70.0	0.0
50	70.0	0.0
60	70.0	0.0
70	70.0	0.0
80	70.33333333333333	0.0
90	74.33333333333333	0.0
100	95.66666666666667	0.0
110	81.0	0.0
120	198.66666666666666	0.0
130	141.33333333333334	0.0
140	306.3333333333333	0.0
150	81.33333333333333	0.0
160	220.66666666666666	0.0
170	319.3333333333333	0.0
180	459.3333333333333	0.0
190	233.66666666666666	0.0
200	482.6666666666667	0.0
210	326.6666666666667	0.0
220	401.6666666666667	0.0
230	314.3333333333333	0.0
240	264.3333333333333	0.0
250	443.6666666666667	0.0
260	249.0	0.0
270	310.6666666666667	0.0
280	380.0	0.0
290	455.0	0.0
300	532.0	0.0
310	503.3333333333333	0.0
320	511.6666666666667	0.0
330	776.0	0.0
340	762.0	0.0
350	1239.0	0.0
360	921.6666666666666	0.0
370	1581.0	0.0
380	2231.3333333333335	0.0
390	1829.6666666666667	0.0
400	2581.0	0.0
410	2116.5	0.0
420	2163.6666666666665	0.0
430	1776.3333333333333	0.0
440	2584.0	0.0
450	2421.3333333333335	0.0
460	2304.3333333333335	0.0
470	2673.8333333333335	0.0
480	1824.6666666666667	0.0
490	2430.8333333333335	0.0
500	1791.3333333333333	0.0
510	1873.3333333333333	0.0
520	2346.3333333333335	0.0
530	2284.0	0.0
540	1858.6666666666667	0.0
550	2165.0	0.0
560	1945.6666666666667	0.0
570	1927.6666666666667	0.0
580	1249.3333333333333	0.0
590	1374.3333333333333	0.0
600	1974.5	0.0
