0	283.3333333333333	0.0
10	70.0	0.0
20	70.0	0.0
30	70.0	0.0
40	70.0	0.0
50	70.0	0.0
60	70.0	0.0
70	70.0	0.0
80	70.0	0.0
90	74.33333333333333	0.0
100	127.66666666666667	0.0
110	255.0	0.0
120	131.33333333333334	0.0
130	346.0	0.0
140	426.6666666666667	0.0
150	203.0	0.0
160	162.0	0.0
170	188.33333333333334	0.0
180	277.6666666666667	0.0
190	243.33333333333334	0.0
200	169.33333333333334	0.0
210	251.66666666666666	0.0
220	248.0	0.0
230	240.33333333333334	0.0
240	393.6666666666667	0.0
250	316.0	0.0
260	379.0	0.0
270	325.3333333333333	0.0
280	340.6666666666667	0.0
290	415.3333333333333	0.0
300	508.6666666666667	0.0
310	510.0	0.0
320	500.6666666666667	0.0
330	522.3333333333334	0.0
340	677.0	0.0
350	844.8333333333334	0.0
360	1193.5	0.0
370	1138.0	0.0
380	1666.0	0.0
390	1793.6666666666667	0.0
400	1917.8333333333333	0.0
410	2504.1666666666665	0.0
420	2316.0	0.0
430	2433.3333333333335	0.0
440	2317.0	0.0
450	2323.8333333333335	0.0
460	2447.8333333333335	0.0
470	2532.1666666666665	0.0
480	2381.6666666666665	0.0
490	2434.0	0.0
500	2376.6666666666665	0.0
510	2383.5	0.0
520	2460.6666666666665	0.0
530	2481.0	0.0
540	1766.0	0.0
550	2186.3333333333335	0.0
560	1965.6666666666667	0.0
570	2140.8333333333335	0.0
580	1968.3333333333333	0.0
590	2533.3333333333335	0.0
600	2424.3333333333335	0.0
610	1472.5	0.0
620	1962.0	0.0
630	1870.1666666666667	0.0
640	2067.6666666666665	0.0
650	1940.3333333333333	0.0
660	2360.3333333333335	0.0
670	2002.6666666666667	0.0
680	1779.5	0.0
690	2466.8333333333335	0.0
700	2392.5	0.0
710	2250.8333333333335	0.0
720	2340.3333333333335	0.0
730	2613.5	0.0
740	2582.6666666666665	0.0
750	2518.3333333333335	0.0
760	2287.0	0.0
770	2533.0	0.0
780	2536.5	0.0
790	2424.0	0.0
800	2158.3333333333335	0.0
810	2487.3333333333335	0.0
820	2451.6666666666665	0.0
830	2471.1666666666665	0.0
840	2497.1666666666665	0.0
850	2163.0	0.0
860	2133.6666666666665	0.0
870	2161.6666666666665	0.0
880	2428.1666666666665	0.0
890	2184.3333333333335	0.0
900	2397.3333333333335	0.0
910	2539.5	0.0
920	2545.6666666666665	0.0
930	2323.3333333333335	0.0
940	2234.1666666666665	0.0
950	2306.6666666666665	0.0
960	2512.8333333333335	0.0
970	2511.6666666666665	0.0
980	2382.3333333333335	0.0
990	2330.8333333333335	0.0
1000	1998.3333333333333	0.0
