0	254.66666666666666	0.0
10	70.0	0.0
20	70.0	0.0
30	70.0	0.0
40	70.0	0.0
50	70.0	0.0
60	70.0	0.0
70	70.0	0.0
80	70.0	0.0
90	71.0	0.0
100	75.66666666666667	0.0
110	154.0	0.0
120	75.66666666666667	0.0
130	214.33333333333334	0.0
140	330.3333333333333	0.0
150	113.0	0.0
160	428.8333333333333	0.0
170	272.3333333333333	0.0
180	466.3333333333333	0.0
190	427.3333333333333	0.0
200	346.6666666666667	0.0
210	352.0	0.0
220	302.6666666666667	0.0
230	293.3333333333333	0.0
240	368.0	0.0
250	377.6666666666667	0.0
260	561.6666666666666	0.0
270	492.3333333333333	0.0
280	368.0	0.0
290	522.6666666666666	0.0
300	393.0	0.0
310	598.3333333333334	0.0
320	434.0	0.0
330	759.3333333333334	0.0
340	696.6666666666666	0.0
350	792.0	0.0
360	869.0	0.0
370	1023.3333333333334	0.0
380	859.0	0.0
390	1349.6666666666667	0.0
400	1342.6666666666667	0.0
410	1258.0	0.0
420	2107.8333333333335	0.0
430	1171.0	0.0
440	2121.6666666666665	0.0
450	1471.1666666666667	0.0
460	2112.6666666666665	0.0
470	2058.1666666666665	0.0
480	1872.3333333333333	0.0
490	2470.8333333333335	0.0
500	1900.3333333333333	0.0
510	1852.0	0.0
520	2154.0	0.0
530	2172.3333333333335	0.0
540	1893.0	0.0
550	2283.3333333333335	0.0
560	2249.0	0.0
570	1861.6666666666667	0.0
580	2139.0	0.0
590	2370.1666666666665	0.0
600	1649.3333333333333	0.0
610	2121.8333333333335	0.0
620	1617.0	0.0
630	1875.1666666666667	0.0
640	2397.3333333333335	0.0
650	1750.6666666666667	0.0
660	2030.0	0.0
670	1955.3333333333333	0.0
680	2279.3333333333335	0.0
690	2377.3333333333335	0.0
700	2044.1666666666667	0.0
710	1757.6666666666667	0.0
720	1888.3333333333333	0.0
730	1371.8333333333333	0.0
740	1493.0	0.0
750	1525.3333333333333	0.0
760	2125.3333333333335	0.0
770	1793.3333333333333	0.0
780	1463.0	0.0
790	2454.3333333333335	0.0
800	2200.6666666666665	0.0
810	2328.8333333333335	0.0
820	2386.6666666666665	0.0
830	1952.1666666666667	0.0
840	1783.8333333333333	0.0
850	1634.6666666666667	0.0
860	2460.3333333333335	0.0
870	2537.0	0.0
880	2389.1666666666665	0.0
890	2499.3333333333335	0.0
900	2278.3333333333335	0.0
910	2285.0	0.0
920	2613.0	0.0
930	2322.8333333333335	0.0
940	2307.1666666666665	0.0
950	2440.3333333333335	0.0
960	2305.6666666666665	0.0
970	2503.6666666666665	0.0
980	2279.5	0.0
990	2343.0	0.0
1000	2235.5	0.0
