0	298.0	0.0
10	70.0	0.0
20	70.0	0.0
30	70.0	0.0
40	70.0	0.0
50	70.0	0.0
60	70.0	0.0
70	70.0	0.0
80	70.0	0.0
90	70.0	0.0
100	70.0	0.0
110	70.0	0.0
120	70.0	0.0
130	70.0	0.0
140	70.0	0.0
150	70.0	0.0
160	70.0	0.0
170	70.0	0.0
180	70.0	0.0
190	70.33333333333333	0.0
200	72.0	0.0
210	72.66666666666667	0.0
220	70.66666666666667	0.0
230	76.66666666666667	0.0
240	93.66666666666667	0.0
250	108.66666666666667	0.0
260	183.66666666666666	0.0
270	377.0	0.0
280	180.66666666666666	0.0
290	170.0	0.0
300	154.0	0.0
310	139.66666666666666	0.0
320	155.0	0.0
330	171.0	0.0
340	155.0	0.0
350	138.0	0.0
360	155.66666666666666	0.0
370	188.0	0.0
380	130.0	0.0
390	170.66666666666666	0.0
400	199.66666666666666	0.0
410	313.6666666666667	0.0
420	218.0	0.0
430	538.0	0.0
440	612.6666666666666	0.0
450	821.3333333333334	0.0
460	828.0	2.0
470	820.0	0.0
480	654.0	0.0
490	978.3333333333334	0.0
500	883.3333333333334	9.0
510	1430.3333333333333	0.0
520	1761.6666666666667	2.0
530	1590.6666666666667	6.0
540	1744.3333333333333	17.0
550	2165.3333333333335	5.0
560	1774.3333333333333	0.0
570	2290.3333333333335	0.0
580	2034.6666666666667	0.0
590	2507.1666666666665	1.0
600	2245.1666666666665	2.0
610	1905.8333333333333	3.0
620	2395.6666666666665	0.0
630	2335.6666666666665	10.0
640	2206.6666666666665	11.0
650	1950.6666666666667	1.0
660	2148.0	1.0
670	2452.0	0.0
680	2248.0	2.0
690	2512.6666666666665	0.0
700	2492.3333333333335	2.0
710	2437.6666666666665	0.0
720	2636.0	0.0
730	2447.0	1.0
740	2492.3333333333335	1.0
750	2314.1666666666665	5.0
760	2448.0	1.0
770	2549.1666666666665	0.0
780	2610.0	2.0
790	2453.5	8.0
800	2479.6666666666665	0.0
810	2153.6666666666665	1.0
820	2577.3333333333335	0.0
830	2417.6666666666665	7.0
840	2586.8333333333335	1.0
850	2667.6666666666665	3.0
860	2534.8333333333335	4.0
870	2310.6666666666665	21.0
880	2413.0	18.0
890	2105.0	1.0
900	2801.6666666666665	1.0
910	2760.0	9.0
920	2996.5	5.0
930	2602.6666666666665	1.0
940	2051.6666666666665	4.0
950	2713.5	11.0
960	2829.8333333333335	0.0
970	2575.6666666666665	1.0
980	2988.5	4.0
990	2907.1666666666665	16.0
1000	2778.0	2.0
