0	293.6666666666667	0.0
10	70.0	0.0
20	70.0	0.0
30	70.0	0.0
40	70.0	0.0
50	70.0	0.0
60	70.0	0.0
70	70.0	0.0
80	70.33333333333333	0.0
90	72.0	0.0
100	82.66666666666667	0.0
110	192.66666666666666	0.0
120	164.66666666666666	0.0
130	254.0	0.0
140	246.33333333333334	0.0
150	153.0	0.0
160	240.0	0.0
170	457.6666666666667	0.0
180	185.33333333333334	0.0
190	437.3333333333333	0.0
200	341.3333333333333	0.0
210	311.3333333333333	0.0
220	238.0	0.0
230	320.3333333333333	0.0
240	316.0	0.0
250	347.3333333333333	0.0
260	366.3333333333333	0.0
270	733.0	0.0
280	445.3333333333333	0.0
290	540.6666666666666	0.0
300	432.3333333333333	0.0
310	793.6666666666666	0.0
320	443.0	0.0
330	526.0	0.0
340	961.6666666666666	0.0
350	1146.5	0.0
360	1414.1666666666667	0.0
370	1516.6666666666667	0.0
380	1802.5	0.0
390	1418.3333333333333	0.0
400	1117.3333333333333	0.0
410	1066.5	0.0
420	1653.0	0.0
430	1910.8333333333333	0.0
440	1262.3333333333333	0.0
450	1676.3333333333333	0.0
460	1639.0	0.0
470	1901.1666666666667	0.0
480	1312.6666666666667	0.0
490	1976.5	0.0
500	1428.3333333333333	0.0
510	1975.1666666666667	0.0
520	1865.0	0.0
530	1740.8333333333333	0.0
540	2083.5	0.0
550	1165.1666666666667	0.0
560	1637.0	0.0
570	1962.0	0.0
580	1781.5	0.0
590	1830.6666666666667	0.0
600	2051.5	0.0
610	2021.3333333333333	0.0
620	1845.8333333333333	0.0
630	1658.3333333333333	0.0
640	1928.1666666666667	0.0
650	1844.0	0.0
660	1825.0	0.0
670	1585.0	0.0
680	2504.0	0.0
690	2243.3333333333335	0.0
700	2264.0	0.0
710	2354.3333333333335	0.0
720	2550.6666666666665	0.0
730	2152.6666666666665	0.0
740	2525.0	0.0
750	2628.3333333333335	0.0
760	2303.6666666666665	0.0
770	2287.3333333333335	0.0
780	1865.3333333333333	0.0
790	2027.5	0.0
800	1592.3333333333333	0.0
810	1748.5	0.0
820	2352.1666666666665	0.0
830	2059.6666666666665	0.0
840	2483.1666666666665	0.0
850	1896.6666666666667	0.0
860	2111.0	0.0
870	2239.1666666666665	0.0
880	1888.6666666666667	0.0
890	2434.0	0.0
900	1556.6666666666667	0.0
910	2458.0	0.0
920	2393.3333333333335	0.0
930	2412.0	0.0
940	2210.3333333333335	0.0
950	2358.1666666666665	0.0
960	2035.3333333333333	0.0
970	2217.5	0.0
980	2084.6666666666665	0.0
990	1444.1666666666667	0.0
1000	1595.3333333333333	0.0
