0	248.66666666666666	0.0
10	70.0	0.0
20	70.0	0.0
30	70.0	0.0
40	70.0	0.0
50	70.0	0.0
60	70.0	0.0
70	70.0	0.0
80	70.0	0.0
90	70.0	0.0
100	70.0	0.0
110	70.0	0.0
120	70.0	0.0
130	70.0	0.0
140	70.0	0.0
150	70.0	0.0
160	70.0	0.0
170	70.0	0.0
180	70.33333333333333	0.0
190	70.33333333333333	0.0
200	70.33333333333333	0.0
210	71.33333333333333	0.0
220	79.33333333333333	0.0
230	72.0	0.0
240	131.0	0.0
250	175.66666666666666	0.0
260	267.0	0.0
270	186.33333333333334	0.0
280	212.33333333333334	0.0
290	155.0	0.0
300	187.0	0.0
310	163.33333333333334	0.0
320	188.66666666666666	0.0
330	178.33333333333334	0.0
340	164.66666666666666	0.0
350	171.66666666666666	0.0
360	162.33333333333334	0.0
370	259.6666666666667	0.0
380	248.66666666666666	0.0
390	146.0	0.0
400	159.0	0.0
410	234.0	0.0
420	270.0	0.0
430	139.0	0.0
440	283.0	0.0
450	502.6666666666667	0.0
460	310.6666666666667	0.0
470	434.3333333333333	0.0
480	1053.0	0.0
490	1205.6666666666667	0.0
500	1086.0	0.0
510	1155.3333333333333	0.0
520	865.6666666666666	0.0
530	1314.6666666666667	0.0
540	1647.6666666666667	0.0
550	1294.3333333333333	0.0
560	1865.5	0.0
570	1710.6666666666667	0.0
580	1816.3333333333333	0.0
590	1941.0	0.0
600	2142.6666666666665	0.0
