0	266.6666666666667	0.0
10	70.0	0.0
20	70.0	0.0
30	70.0	0.0
40	70.0	0.0
50	70.0	0.0
60	70.0	0.0
70	70.0	0.0
80	70.0	0.0
90	70.0	0.0
100	70.0	0.0
110	70.0	0.0
120	70.0	0.0
130	70.0	0.0
140	70.0	0.0
150	70.0	0.0
160	70.0	0.0
170	70.0	0.0
180	70.66666666666667	0.0
190	70.0	0.0
200	70.0	0.0
210	73.0	0.0
220	73.66666666666667	0.0
230	71.33333333333333	0.0
240	71.66666666666667	0.0
250	88.66666666666667	0.0
260	111.33333333333333	0.0
270	159.66666666666666	0.0
280	169.66666666666666	0.0
290	311.3333333333333	0.0
300	301.6666666666667	0.0
310	203.66666666666666	0.0
320	170.66666666666666	0.0
330	139.33333333333334	0.0
340	138.66666666666666	0.0
350	154.66666666666666	0.0
360	179.66666666666666	0.0
370	130.0	0.0
380	161.66666666666666	0.0
390	145.33333333333334	0.0
400	187.33333333333334	0.0
410	193.33333333333334	0.0
420	243.33333333333334	0.0
430	217.66666666666666	0.0
440	289.3333333333333	0.0
450	350.6666666666667	0.0
460	310.3333333333333	0.0
470	287.0	0.0
480	395.6666666666667	0.0
490	336.0	0.0
500	283.3333333333333	0.0
510	322.6666666666667	0.0
520	522.0	0.0
530	442.3333333333333	0.0
540	562.3333333333334	0.0
550	421.0	0.0
560	631.0	0.0
570	640.3333333333334	0.0
580	565.3333333333334	0.0
590	612.0	0.0
600	924.5	0.0
