0	236.0	0.0
10	70.0	0.0
20	70.0	0.0
30	70.0	0.0
40	70.0	0.0
50	70.0	0.0
60	70.0	0.0
70	70.0	0.0
80	70.0	0.0
90	70.0	0.0
100	70.0	0.0
110	70.0	0.0
120	70.0	0.0
130	70.0	0.0
140	70.0	0.0
150	70.0	0.0
160	70.0	0.0
170	70.0	0.0
180	70.66666666666667	0.0
190	71.0	0.0
200	72.0	0.0
210	79.33333333333333	0.0
220	72.33333333333333	0.0
230	192.33333333333334	0.0
240	98.33333333333333	0.0
250	160.66666666666666	0.0
260	229.0	0.0
270	180.66666666666666	0.0
280	156.33333333333334	0.0
290	154.0	0.0
300	138.33333333333334	0.0
310	154.66666666666666	0.0
320	139.0	0.0
330	202.33333333333334	0.0
340	139.0	0.0
350	171.0	0.0
360	212.0	0.0
370	341.6666666666667	0.0
380	291.0	0.0
390	606.3333333333334	0.0
400	579.3333333333334	0.0
410	630.0	0.0
420	537.0	0.0
430	594.3333333333334	0.0
440	764.0	0.0
450	1042.0	0.0
460	1315.0	0.0
470	1163.3333333333333	0.0
480	1386.6666666666667	0.0
490	1860.0	0.0
500	1858.6666666666667	0.0
510	1545.6666666666667	0.0
520	1397.0	0.0
530	2012.5	0.0
540	2163.6666666666665	0.0
550	2183.1666666666665	0.0
560	2095.6666666666665	0.0
570	2087.0	0.0
580	1568.0	0.0
590	2209.0	0.0
600	2095.3333333333335	0.0
