0	248.0	0.0
10	70.0	0.0
20	70.0	0.0
30	70.0	0.0
40	70.0	0.0
50	70.0	0.0
60	70.0	0.0
70	70.0	0.0
80	71.0	0.0
90	71.33333333333333	0.0
100	78.33333333333333	0.0
110	152.33333333333334	0.0
120	323.3333333333333	0.0
130	110.33333333333333	0.0
140	140.66666666666666	0.0
150	142.33333333333334	0.0
160	176.66666666666666	0.0
170	158.66666666666666	0.0
180	330.3333333333333	0.0
190	106.0	0.0
200	198.33333333333334	0.0
210	355.0	0.0
220	389.0	0.0
230	369.3333333333333	0.0
240	330.0	0.0
250	393.6666666666667	0.0
260	387.6666666666667	0.0
270	368.0	0.0
280	279.6666666666667	0.0
290	412.3333333333333	0.0
300	312.3333333333333	0.0
310	417.3333333333333	0.0
320	498.6666666666667	0.0
330	428.0	0.0
340	513.0	0.0
350	640.6666666666666	0.0
360	880.6666666666666	0.0
370	1010.0	0.0
380	1632.6666666666667	0.0
390	1463.5	0.0
400	1635.0	0.0
410	1694.0	0.0
420	1809.5	0.0
430	2025.6666666666667	0.0
440	2343.5	0.0
450	2068.6666666666665	0.0
460	2519.0	0.0
470	2135.0	0.0
480	1716.0	0.0
490	1880.0	0.0
500	2430.5	0.0
510	2461.6666666666665	0.0
520	1934.3333333333333	0.0
530	2054.1666666666665	0.0
540	2093.5	0.0
550	2017.0	0.0
560	2198.1666666666665	0.0
570	2345.3333333333335	0.0
580	2063.3333333333335	0.0
590	1642.3333333333333	0.0
600	1823.0	0.0
