0	269.0	0.0
10	70.0	0.0
20	70.0	0.0
30	70.0	0.0
40	70.0	0.0
50	70.0	0.0
60	70.0	0.0
70	70.0	0.0
80	70.0	0.0
90	70.0	0.0
100	70.0	0.0
110	70.0	0.0
120	70.0	0.0
130	70.0	0.0
140	70.0	0.0
150	70.0	0.0
160	70.0	0.0
170	70.0	0.0
180	70.33333333333333	0.0
190	70.33333333333333	0.0
200	77.33333333333333	0.0
210	72.66666666666667	0.0
220	74.33333333333333	0.0
230	95.66666666666667	0.0
240	121.0	0.0
250	288.6666666666667	0.0
260	442.3333333333333	44.0
270	263.0	21.0
280	304.6666666666667	10.0
290	184.66666666666666	0.0
300	177.0	25.0
310	138.0	39.0
320	268.3333333333333	0.0
330	146.0	23.0
340	144.66666666666666	11.0
350	187.66666666666666	47.0
360	130.0	40.0
370	170.0	61.0
380	162.0	0.0
390	154.33333333333334	0.0
400	163.0	0.0
410	266.0	0.0
420	325.0	33.0
430	401.0	39.0
440	570.6666666666666	0.0
450	988.6666666666666	7.0
460	699.6666666666666	30.0
470	914.6666666666666	0.0
480	694.3333333333334	76.0
490	1243.6666666666667	129.0
500	1339.3333333333333	77.0
510	1626.3333333333333	106.0
520	1816.1666666666667	103.0
530	1995.0	79.0
540	1741.0	0.0
550	1852.6666666666667	0.0
560	2042.0	0.0
570	2054.0	0.0
580	2275.6666666666665	0.0
590	2359.8333333333335	0.0
600	2121.1666666666665	0.0
610	2113.5	0.0
620	2594.0	0.0
630	2337.1666666666665	0.0
640	2244.0	0.0
650	2382.0	0.0
660	2118.3333333333335	0.0
670	2566.0	0.0
680	2488.0	0.0
690	2314.0	0.0
700	2456.0	0.0
710	2392.1666666666665	0.0
720	2529.6666666666665	0.0
730	2573.8333333333335	0.0
740	2530.8333333333335	0.0
750	2593.3333333333335	0.0
760	2602.0	0.0
770	2627.6666666666665	0.0
780	2474.8333333333335	0.0
790	2428.6666666666665	0.0
800	2703.0	0.0
810	2572.6666666666665	0.0
820	2531.3333333333335	0.0
830	2404.3333333333335	0.0
840	2570.5	0.0
850	2296.6666666666665	0.0
860	2421.3333333333335	0.0
870	2554.0	0.0
880	2412.0	0.0
890	2590.0	0.0
900	2397.6666666666665	0.0
910	2694.0	0.0
920	2196.3333333333335	0.0
930	2593.0	0.0
940	2709.3333333333335	0.0
950	2098.3333333333335	0.0
960	2211.1666666666665	0.0
970	2600.3333333333335	0.0
980	2819.6666666666665	0.0
990	2563.0	0.0
1000	2534.8333333333335	0.0
