0	257.6666666666667	0.0
10	70.0	0.0
20	70.0	0.0
30	70.0	0.0
40	70.0	0.0
50	70.0	0.0
60	70.0	0.0
70	70.0	0.0
80	70.0	0.0
90	70.0	0.0
100	70.0	0.0
110	70.0	0.0
120	70.0	0.0
130	70.0	0.0
140	70.0	0.0
150	70.0	0.0
160	70.0	0.0
170	70.0	0.0
180	70.0	0.0
190	71.0	0.0
200	70.66666666666667	0.0
210	72.33333333333333	0.0
220	72.66666666666667	0.0
230	71.66666666666667	0.0
240	71.0	0.0
250	79.0	0.0
260	230.0	1.0
270	319.0	2.0
280	151.33333333333334	22.0
290	194.33333333333334	8.0
300	162.66666666666666	11.0
310	187.33333333333334	0.0
320	213.33333333333334	0.0
330	140.33333333333334	11.0
340	154.33333333333334	16.0
350	156.0	12.0
360	211.66666666666666	0.0
370	138.66666666666666	99.0
380	242.0	0.0
390	179.66666666666666	95.0
400	371.0	3.0
410	543.0	44.0
420	674.6666666666666	39.0
430	795.6666666666666	58.0
440	1195.1666666666667	41.0
450	1147.0	106.0
460	832.0	17.0
470	1413.6666666666667	43.0
480	1530.0	82.0
490	1607.3333333333333	125.0
500	1919.8333333333333	66.0
510	1706.3333333333333	99.0
520	2106.0	0.0
530	2394.6666666666665	0.0
540	2326.1666666666665	0.0
550	2350.6666666666665	0.0
560	2369.6666666666665	0.0
570	1653.6666666666667	0.0
580	2130.0	0.0
590	2153.3333333333335	0.0
600	2321.6666666666665	0.0
610	2269.3333333333335	0.0
620	2339.3333333333335	0.0
630	2111.5	0.0
640	2338.5	0.0
650	2452.0	0.0
660	2334.3333333333335	0.0
670	1976.8333333333333	0.0
680	2241.0	0.0
690	2471.6666666666665	0.0
700	2811.6666666666665	0.0
710	2499.0	0.0
720	2502.3333333333335	0.0
730	2444.8333333333335	0.0
740	2445.6666666666665	0.0
750	2702.3333333333335	0.0
760	2641.6666666666665	0.0
770	2671.1666666666665	0.0
780	2117.1666666666665	0.0
790	2361.6666666666665	0.0
800	2515.5	0.0
810	2354.5	0.0
820	2742.8333333333335	0.0
830	2314.6666666666665	0.0
840	2411.8333333333335	0.0
850	2585.0	0.0
860	2427.0	0.0
870	2424.6666666666665	0.0
880	2387.6666666666665	0.0
890	2549.0	0.0
900	2325.6666666666665	0.0
910	2611.3333333333335	0.0
920	2423.3333333333335	0.0
930	2189.6666666666665	0.0
940	2553.3333333333335	0.0
950	2235.3333333333335	0.0
960	2496.5	0.0
970	2450.8333333333335	0.0
980	2574.5	0.0
990	2595.6666666666665	0.0
1000	2610.3333333333335	0.0
