0	276.3333333333333	0.0
10	70.0	0.0
20	70.0	0.0
30	70.0	0.0
40	70.0	0.0
50	70.0	0.0
60	70.0	0.0
70	70.0	0.0
80	70.0	0.0
90	70.0	0.0
100	70.0	0.0
110	70.0	0.0
120	70.0	0.0
130	70.0	0.0
140	70.0	0.0
150	70.0	0.0
160	70.0	0.0
170	70.0	0.0
180	70.0	0.0
190	72.0	0.0
200	73.33333333333333	0.0
210	71.33333333333333	0.0
220	73.0	0.0
230	70.66666666666667	0.0
240	140.66666666666666	0.0
250	111.33333333333333	0.0
260	183.33333333333334	6.0
270	153.66666666666666	21.0
280	154.66666666666666	9.0
290	155.33333333333334	22.0
300	198.33333333333334	4.0
310	161.33333333333334	0.0
320	140.33333333333334	0.0
330	138.66666666666666	4.0
340	154.0	0.0
350	138.0	24.0
360	154.66666666666666	0.0
370	130.0	0.0
380	156.0	0.0
390	138.66666666666666	12.0
400	274.0	0.0
410	543.3333333333334	5.0
420	562.3333333333334	10.0
430	759.0	29.0
440	846.3333333333334	67.0
450	1007.1666666666666	88.0
460	1131.0	1.0
470	972.3333333333334	15.0
480	1387.3333333333333	23.0
490	1227.0	34.0
500	1288.0	129.0
510	1442.6666666666667	113.0
520	1443.6666666666667	62.0
530	2006.1666666666667	100.0
540	2139.3333333333335	222.0
550	2199.3333333333335	0.0
560	1784.6666666666667	0.0
570	1599.3333333333333	0.0
580	2277.0	0.0
590	2454.3333333333335	0.0
600	2227.3333333333335	0.0
610	2168.0	0.0
620	2162.8333333333335	0.0
630	2290.8333333333335	0.0
640	2131.6666666666665	0.0
650	2182.0	0.0
660	2406.6666666666665	0.0
670	2278.8333333333335	0.0
680	2391.0	0.0
690	2476.3333333333335	0.0
700	2465.3333333333335	0.0
710	2556.1666666666665	0.0
720	2376.1666666666665	0.0
730	2592.1666666666665	0.0
740	2473.6666666666665	0.0
750	2476.0	0.0
760	2706.6666666666665	0.0
770	2533.6666666666665	0.0
780	2443.6666666666665	0.0
790	2405.3333333333335	0.0
800	2564.6666666666665	0.0
810	2605.8333333333335	0.0
820	2368.3333333333335	0.0
830	2334.3333333333335	0.0
840	2517.0	0.0
850	2517.0	0.0
860	2407.3333333333335	0.0
870	2440.1666666666665	0.0
880	2574.6666666666665	0.0
890	2709.3333333333335	0.0
900	2370.6666666666665	0.0
910	2606.1666666666665	0.0
920	2395.8333333333335	0.0
930	2325.1666666666665	0.0
940	2606.0	0.0
950	2702.5	0.0
960	2627.5	0.0
970	2624.0	0.0
980	2530.8333333333335	0.0
990	2049.1666666666665	0.0
1000	2070.0	0.0
