0	247.33333333333334	0.0
10	70.0	0.0
20	70.0	0.0
30	70.0	0.0
40	70.0	0.0
50	70.0	0.0
60	70.0	0.0
70	70.0	0.0
80	70.0	0.0
90	70.0	0.0
100	70.0	2.0
110	70.0	0.0
120	70.0	0.0
130	70.0	0.0
140	70.0	0.0
150	70.0	0.0
160	70.0	0.0
170	70.0	0.0
180	70.0	0.0
190	70.0	0.0
200	71.33333333333333	0.0
210	78.0	0.0
220	71.66666666666667	0.0
230	86.0	0.0
240	145.33333333333334	0.0
250	118.33333333333333	0.0
260	236.0	0.0
270	180.0	0.0
280	135.66666666666666	1.0
290	152.66666666666666	0.0
300	130.0	1.0
310	154.66666666666666	0.0
320	179.33333333333334	0.0
330	147.33333333333334	0.0
340	146.0	0.0
350	145.0	0.0
360	146.0	0.0
370	226.33333333333334	0.0
380	269.3333333333333	0.0
390	221.66666666666666	1.0
400	228.0	1.0
410	228.0	2.0
420	357.6666666666667	0.0
430	457.0	2.0
440	727.0	3.0
450	388.3333333333333	0.0
460	713.3333333333334	0.0
470	810.3333333333334	1.0
480	1026.0	1.0
490	668.3333333333334	0.0
500	992.6666666666666	0.0
510	1307.0	0.0
520	1341.0	1.0
530	1420.6666666666667	1.0
540	1429.3333333333333	2.0
550	1379.3333333333333	0.0
560	1896.3333333333333	3.0
570	1487.3333333333333	1.0
580	1704.6666666666667	3.0
590	1572.6666666666667	5.0
600	1853.6666666666667	2.0
610	1752.6666666666667	2.0
620	1801.3333333333333	1.0
630	2607.3333333333335	8.0
640	2018.5	7.0
650	2464.6666666666665	3.0
660	2066.0	7.0
670	2261.5	8.0
680	2628.8333333333335	1.0
690	2533.3333333333335	9.0
700	2133.3333333333335	9.0
710	2287.3333333333335	5.0
720	2382.0	3.0
730	2188.1666666666665	0.0
740	2443.5	6.0
750	2436.8333333333335	6.0
760	2158.5	6.0
770	2519.1666666666665	2.0
780	2303.0	3.0
790	2478.0	2.0
800	2668.8333333333335	3.0
