0	255.33333333333334	0.0
10	70.0	0.0
20	70.0	0.0
30	70.0	0.0
40	70.0	0.0
50	70.0	0.0
60	70.0	0.0
70	70.0	0.0
80	70.0	0.0
90	73.0	0.0
100	73.66666666666667	0.0
110	191.0	0.0
120	237.66666666666666	0.0
130	337.6666666666667	0.0
140	221.0	0.0
150	130.33333333333334	0.0
160	318.3333333333333	0.0
170	124.33333333333333	0.0
180	176.33333333333334	0.0
190	628.6666666666666	0.0
200	808.3333333333334	0.0
210	314.0	0.0
220	346.0	0.0
230	359.3333333333333	0.0
240	345.6666666666667	0.0
250	392.0	1.0
260	350.3333333333333	0.0
270	788.6666666666666	0.0
280	601.3333333333334	0.0
290	579.0	4.0
300	607.0	0.0
310	620.6666666666666	4.0
320	891.5	0.0
330	1223.0	0.0
340	1956.8333333333333	1.0
350	1170.8333333333333	6.0
360	2285.6666666666665	3.0
370	2267.0	0.0
380	2233.5	8.0
390	2154.0	4.0
400	2238.5	5.0
410	2630.3333333333335	2.0
420	2111.6666666666665	2.0
430	2528.6666666666665	4.0
440	2529.6666666666665	3.0
450	2568.8333333333335	9.0
460	1902.0	0.0
470	2032.5	7.0
480	1768.0	4.0
490	2274.6666666666665	3.0
500	1440.3333333333333	2.0
510	1563.0	2.0
520	1266.0	7.0
530	1524.0	6.0
540	1910.6666666666667	4.0
550	2095.8333333333335	1.0
560	2100.1666666666665	3.0
570	2115.5	2.0
580	2287.3333333333335	1.0
590	2167.3333333333335	4.0
600	1976.5	6.0
