0	269.6666666666667	0.0
10	70.0	0.0
20	70.0	0.0
30	70.0	0.0
40	70.0	0.0
50	70.0	0.0
60	70.0	0.0
70	70.0	0.0
80	73.0	0.0
90	75.66666666666667	0.0
100	119.0	0.0
110	123.0	0.0
120	294.3333333333333	0.0
130	167.33333333333334	0.0
140	168.66666666666666	0.0
150	188.0	0.0
160	127.66666666666667	0.0
170	165.33333333333334	0.0
180	144.0	0.0
190	335.6666666666667	0.0
200	470.6666666666667	0.0
210	349.0	0.0
220	356.6666666666667	0.0
230	388.0	0.0
240	297.6666666666667	0.0
250	403.6666666666667	0.0
260	467.3333333333333	0.0
270	566.0	0.0
280	938.0	0.0
290	789.6666666666666	4.0
300	1209.0	3.0
310	1256.0	0.0
320	1159.3333333333333	2.0
330	2042.0	0.0
340	1480.0	5.0
350	1063.6666666666667	0.0
360	1493.3333333333333	2.0
370	1969.5	3.0
380	978.3333333333334	16.0
390	1834.0	1.0
400	1911.8333333333333	1.0
410	1903.0	4.0
420	2171.1666666666665	3.0
430	1149.3333333333333	2.0
440	1839.3333333333333	5.0
450	1416.3333333333333	4.0
460	1516.0	0.0
470	2138.3333333333335	2.0
480	2352.1666666666665	2.0
490	2085.6666666666665	1.0
500	2334.8333333333335	3.0
510	2033.6666666666667	2.0
520	1963.0	7.0
530	1914.1666666666667	3.0
540	2092.6666666666665	4.0
550	2078.6666666666665	3.0
560	1898.5	4.0
570	2107.6666666666665	5.0
580	2000.1666666666667	1.0
590	1959.3333333333333	2.0
600	2294.5	6.0
