0	259.9222222222222	0.0
10	70.0	5.966666666666667
20	70.0	6.6
30	70.0	4.366666666666666
40	70.0	7.066666666666666
50	70.0	6.1
60	70.0	5.8
70	70.0	7.1
80	70.0	4.266666666666667
90	70.0	4.2
100	70.0	6.3
110	70.0	5.633333333333334
120	70.0	6.433333333333334
130	70.0	7.1
140	70.0	7.166666666666667
150	70.0	5.066666666666666
160	70.01111111111112	8.133333333333333
170	70.05555555555557	5.266666666666667
180	70.26666666666667	3.6333333333333333
190	70.95555555555555	4.8
200	71.54444444444445	3.8
210	73.2	11.0
220	73.36666666666669	9.6
230	80.29999999999998	10.9
240	100.82222222222222	36.53333333333333
250	143.08888888888887	73.16666666666667
260	168.29999999999993	98.33333333333333
270	244.65555555555557	141.46666666666667
280	242.35555555555555	209.1
290	199.76666666666668	133.5
300	202.43333333333334	88.36666666666666
310	222.06666666666672	52.03333333333333
320	195.82222222222225	14.066666666666666
330	255.0333333333333	7.133333333333334
340	318.6333333333334	0.0
350	438.8333333333333	0.0
360	490.0222222222222	0.0
370	617.8444444444444	0.0
380	766.0222222222221	0.0
390	916.361111111111	0.0
400	1045.611111111111	0.0
410	1216.888888888889	0.0
420	1307.811111111111	0.0
430	1390.5500000000004	0.0
440	1543.5888888888887	0.0
450	1632.4333333333334	0.0
460	1735.0333333333335	0.0
470	1851.9611111111108	0.0
480	1919.5055555555552	0.0
490	1989.827777777778	0.0
500	1948.4555555555555	0.0
510	2120.094444444445	0.0
520	2179.105555555556	0.0
530	2187.35	0.0
540	2262.844444444445	0.0
550	2240.1722222222224	0.0
560	2212.9444444444443	0.0
570	2250.0722222222225	0.0
580	2257.1611111111115	0.0
590	2381.833333333334	0.0
600	2326.3555555555554	0.0
610	2345.677777777778	0.0
620	2355.444444444445	0.0
630	2430.411111111111	0.0
640	2449.7055555555553	0.0
650	2467.227777777778	0.0
660	2486.1666666666665	0.0
670	2541.3666666666672	0.0
680	2521.9611111111108	0.0
690	2514.7722222222233	0.0
700	2582.1944444444443	0.0
710	2593.2277777777776	0.0
720	2565.338888888889	0.0
730	2582.294444444444	0.0
740	2507.4833333333327	0.0
750	2632.072222222222	0.0
760	2635.694444444444	0.0
770	2591.005555555556	0.0
780	2566.633333333333	0.0
790	2553.016666666666	0.0
800	2603.4611111111108	0.0
