0	265.0	0.0
10	70.0	8.0
20	70.0	0.0
30	70.0	0.0
40	70.0	13.0
50	70.0	1.0
60	70.0	1.0
70	70.0	1.0
80	70.0	8.0
90	70.0	17.0
100	70.0	7.0
110	70.0	0.0
120	70.0	7.0
130	70.0	12.0
140	70.0	12.0
150	70.0	1.0
160	70.0	6.0
170	70.0	7.0
180	70.33333333333333	2.0
190	70.0	8.0
200	72.0	0.0
210	77.33333333333333	17.0
220	71.33333333333333	11.0
230	84.33333333333333	7.0
240	74.66666666666667	0.0
250	91.0	110.0
260	143.33333333333334	8.0
270	383.0	49.0
280	149.33333333333334	162.0
290	308.6666666666667	65.0
300	192.66666666666666	106.0
310	270.3333333333333	67.0
320	265.6666666666667	179.0
330	188.33333333333334	108.0
340	197.0	0.0
350	163.0	0.0
360	353.0	0.0
370	274.0	0.0
380	568.0	0.0
390	708.3333333333334	0.0
400	597.6666666666666	0.0
410	848.6666666666666	0.0
420	663.3333333333334	0.0
430	867.3333333333334	0.0
440	1315.6666666666667	0.0
450	1445.6666666666667	0.0
460	1373.6666666666667	0.0
470	1840.8333333333333	0.0
480	1748.6666666666667	0.0
490	1722.6666666666667	0.0
500	2246.0	0.0
510	2173.0	0.0
520	2333.6666666666665	0.0
530	2194.8333333333335	0.0
540	2425.5	0.0
550	2217.3333333333335	0.0
560	2426.3333333333335	0.0
570	2220.0	0.0
580	2186.1666666666665	0.0
590	2202.0	0.0
600	2306.6666666666665	0.0
610	2335.1666666666665	0.0
620	2288.6666666666665	0.0
630	2405.3333333333335	0.0
640	2376.3333333333335	0.0
650	2259.6666666666665	0.0
660	2090.0	0.0
670	2512.3333333333335	0.0
680	2507.1666666666665	0.0
690	2439.6666666666665	0.0
700	2463.8333333333335	0.0
710	2789.6666666666665	0.0
720	2393.1666666666665	0.0
730	2584.3333333333335	0.0
740	2506.3333333333335	0.0
750	2663.5	0.0
760	2581.3333333333335	0.0
770	2523.0	0.0
780	2730.5	0.0
790	2528.0	0.0
800	2700.6666666666665	0.0
