0	299.3333333333333	0.0
10	70.0	6.0
20	70.0	6.0
30	70.0	10.0
40	70.0	0.0
50	70.0	3.0
60	70.0	9.0
70	70.0	2.0
80	70.0	0.0
90	70.0	1.0
100	70.0	15.0
110	70.0	0.0
120	70.0	0.0
130	70.0	11.0
140	70.0	9.0
150	70.0	10.0
160	70.0	10.0
170	70.0	0.0
180	70.0	9.0
190	70.66666666666667	24.0
200	70.0	0.0
210	72.0	3.0
220	73.66666666666667	0.0
230	72.0	16.0
240	71.66666666666667	1.0
250	119.0	158.0
260	206.33333333333334	93.0
270	383.6666666666667	283.0
280	241.66666666666666	321.0
290	196.66666666666666	0.0
300	231.33333333333334	0.0
310	196.33333333333334	0.0
320	166.0	0.0
330	130.0	0.0
340	161.66666666666666	0.0
350	287.0	0.0
360	263.6666666666667	0.0
370	635.6666666666666	0.0
380	831.3333333333334	0.0
390	870.0	0.0
400	777.0	0.0
410	1455.8333333333333	0.0
420	1228.0	0.0
430	1120.0	0.0
440	1525.3333333333333	0.0
450	1600.6666666666667	0.0
460	1919.3333333333333	0.0
470	1964.6666666666667	0.0
480	2168.0	0.0
490	1539.6666666666667	0.0
500	1813.0	0.0
510	2233.1666666666665	0.0
520	2186.1666666666665	0.0
530	2141.0	0.0
540	2154.0	0.0
550	2546.3333333333335	0.0
560	2124.5	0.0
570	2278.8333333333335	0.0
580	2166.3333333333335	0.0
590	2141.3333333333335	0.0
600	2412.6666666666665	0.0
610	2437.6666666666665	0.0
620	2353.6666666666665	0.0
630	2302.6666666666665	0.0
640	2377.0	0.0
650	2538.3333333333335	0.0
660	2431.6666666666665	0.0
670	2425.0	0.0
680	2722.3333333333335	0.0
690	2794.6666666666665	0.0
700	2363.3333333333335	0.0
710	2720.3333333333335	0.0
720	2577.5	0.0
730	2632.6666666666665	0.0
740	2559.3333333333335	0.0
750	2657.3333333333335	0.0
760	2471.0	0.0
770	2799.8333333333335	0.0
780	2605.3333333333335	0.0
790	2752.8333333333335	0.0
800	2536.6666666666665	0.0
