0	256.0	0.0
10	70.0	11.0
20	70.0	1.0
30	70.0	4.0
40	70.0	14.0
50	70.0	11.0
60	70.0	1.0
70	70.0	20.0
80	70.0	8.0
90	70.0	1.0
100	70.0	0.0
110	70.0	7.0
120	70.0	11.0
130	70.0	19.0
140	70.0	5.0
150	70.0	0.0
160	70.0	11.0
170	70.0	8.0
180	71.0	2.0
190	70.66666666666667	8.0
200	72.33333333333333	11.0
210	72.33333333333333	8.0
220	74.0	4.0
230	73.33333333333333	0.0
240	74.0	30.0
250	169.0	1.0
260	289.3333333333333	181.0
270	195.0	267.0
280	148.66666666666666	282.0
290	147.33333333333334	74.0
300	156.0	0.0
310	154.33333333333334	0.0
320	147.0	0.0
330	232.0	0.0
340	162.66666666666666	0.0
350	190.66666666666666	0.0
360	155.66666666666666	0.0
370	323.6666666666667	0.0
380	410.3333333333333	0.0
390	593.6666666666666	0.0
400	940.3333333333334	0.0
410	990.0	0.0
420	1288.3333333333333	0.0
430	1434.6666666666667	0.0
440	1392.0	0.0
450	1544.6666666666667	0.0
460	2187.6666666666665	0.0
470	2184.6666666666665	0.0
480	2087.0	0.0
490	2321.6666666666665	0.0
500	2309.6666666666665	0.0
510	2268.6666666666665	0.0
520	2263.6666666666665	0.0
530	2220.5	0.0
540	2194.5	0.0
550	2473.0	0.0
560	2432.1666666666665	0.0
570	2403.8333333333335	0.0
580	2422.1666666666665	0.0
590	2321.6666666666665	0.0
600	2492.6666666666665	0.0
610	2503.3333333333335	0.0
620	2262.6666666666665	0.0
630	2685.6666666666665	0.0
640	2596.3333333333335	0.0
650	2366.6666666666665	0.0
660	2606.1666666666665	0.0
670	2788.0	0.0
680	2238.1666666666665	0.0
690	2540.6666666666665	0.0
700	2430.1666666666665	0.0
710	2314.0	0.0
720	2461.1666666666665	0.0
730	2685.6666666666665	0.0
740	2419.5	0.0
750	2346.6666666666665	0.0
760	2623.3333333333335	0.0
770	2412.1666666666665	0.0
780	2542.0	0.0
790	2579.8333333333335	0.0
800	2763.8333333333335	0.0
