0	256.6666666666667	0.0
10	70.0	9.0
20	70.0	0.0
30	70.0	8.0
40	70.0	1.0
50	70.0	2.0
60	70.0	12.0
70	70.0	7.0
80	70.0	0.0
90	70.0	11.0
100	70.0	9.0
110	70.0	8.0
120	70.0	10.0
130	70.0	5.0
140	70.0	10.0
150	70.0	2.0
160	70.0	8.0
170	70.33333333333333	0.0
180	70.0	5.0
190	76.66666666666667	7.0
200	71.66666666666667	1.0
210	71.66666666666667	0.0
220	71.0	0.0
230	76.66666666666667	0.0
240	72.33333333333333	0.0
250	89.66666666666667	0.0
260	90.66666666666667	18.0
270	292.3333333333333	1.0
280	220.33333333333334	280.0
290	395.6666666666667	111.0
300	306.0	393.0
310	158.33333333333334	82.0
320	172.33333333333334	0.0
330	257.6666666666667	0.0
340	289.6666666666667	0.0
350	155.0	0.0
360	304.0	0.0
370	260.0	0.0
380	451.6666666666667	0.0
390	689.6666666666666	0.0
400	560.3333333333334	0.0
410	648.3333333333334	0.0
420	645.0	0.0
430	815.6666666666666	0.0
440	750.0	0.0
450	1177.3333333333333	0.0
460	1713.3333333333333	0.0
470	1961.3333333333333	0.0
480	1513.3333333333333	0.0
490	2138.8333333333335	0.0
500	1441.6666666666667	0.0
510	2204.5	0.0
520	2284.3333333333335	0.0
530	2035.0	0.0
540	2208.3333333333335	0.0
550	2062.6666666666665	0.0
560	2117.0	0.0
570	2106.1666666666665	0.0
580	2233.6666666666665	0.0
590	2347.6666666666665	0.0
600	2469.6666666666665	0.0
610	2246.1666666666665	0.0
620	2343.0	0.0
630	2319.8333333333335	0.0
640	2477.8333333333335	0.0
650	2351.8333333333335	0.0
660	2453.6666666666665	0.0
670	2384.6666666666665	0.0
680	2422.6666666666665	0.0
690	2580.5	0.0
700	2544.6666666666665	0.0
710	2506.3333333333335	0.0
720	2625.6666666666665	0.0
730	2813.6666666666665	0.0
740	2544.3333333333335	0.0
750	2667.5	0.0
760	2765.3333333333335	0.0
770	2589.1666666666665	0.0
780	2597.3333333333335	0.0
790	2604.0	0.0
800	2718.0	0.0
