0	283.0	0.0
10	70.0	0.0
20	70.0	0.0
30	70.0	6.0
40	70.0	1.0
50	70.0	1.0
60	70.0	3.0
70	70.0	0.0
80	70.0	12.0
90	70.0	1.0
100	70.0	12.0
110	70.0	15.0
120	70.0	3.0
130	70.0	8.0
140	70.0	1.0
150	70.0	8.0
160	70.0	86.0
170	70.0	1.0
180	70.33333333333333	2.0
190	70.0	12.0
200	71.66666666666667	3.0
210	83.0	15.0
220	71.33333333333333	13.0
230	73.33333333333333	8.0
240	109.66666666666667	15.0
250	71.0	83.0
260	89.33333333333333	67.0
270	219.33333333333334	59.0
280	353.0	240.0
290	408.3333333333333	264.0
300	165.33333333333334	61.0
310	225.33333333333334	0.0
320	177.66666666666666	0.0
330	401.6666666666667	0.0
340	171.33333333333334	0.0
350	180.0	0.0
360	247.0	0.0
370	262.0	0.0
380	427.6666666666667	0.0
390	481.0	0.0
400	784.0	0.0
410	1220.6666666666667	0.0
420	1137.6666666666667	0.0
430	1071.5	0.0
440	1319.3333333333333	0.0
450	1752.3333333333333	0.0
460	2114.3333333333335	0.0
470	1830.0	0.0
480	1748.5	0.0
490	1593.0	0.0
500	1901.3333333333333	0.0
510	2216.0	0.0
520	1986.6666666666667	0.0
530	2106.0	0.0
540	2156.3333333333335	0.0
550	2320.3333333333335	0.0
560	2137.5	0.0
570	2322.0	0.0
580	2082.6666666666665	0.0
590	2335.3333333333335	0.0
600	2025.6666666666667	0.0
610	2394.6666666666665	0.0
620	2448.5	0.0
630	2488.0	0.0
640	2626.6666666666665	0.0
650	2665.3333333333335	0.0
660	2641.6666666666665	0.0
670	2561.0	0.0
680	2616.6666666666665	0.0
690	2382.0	0.0
700	2555.6666666666665	0.0
710	2517.8333333333335	0.0
720	2424.1666666666665	0.0
730	2579.8333333333335	0.0
740	2592.0	0.0
750	2702.5	0.0
760	2718.0	0.0
770	2341.3333333333335	0.0
780	2476.5	0.0
790	2486.8333333333335	0.0
800	2702.6666666666665	0.0
