0	270.3333333333333	0.0
10	156.0	1000.0
20	656.0	0.0
30	164.66666666666666	0.0
40	568.3333333333334	0.0
50	653.6666666666666	0.0
60	1552.0	0.0
70	1944.6666666666667	0.0
80	2091.3333333333335	0.0
90	1975.3333333333333	0.0
100	2059.0	0.0
110	1960.3333333333333	0.0
120	2321.5	0.0
130	2279.3333333333335	0.0
140	2466.8333333333335	0.0
150	2423.8333333333335	0.0
160	2436.3333333333335	0.0
170	2356.6666666666665	0.0
180	2524.0	0.0
190	2286.6666666666665	0.0
200	2206.5	0.0
210	2394.0	0.0
220	2611.3333333333335	0.0
230	2238.3333333333335	0.0
240	1571.0	0.0
250	2275.6666666666665	0.0
260	1406.3333333333333	0.0
270	1860.0	0.0
280	2387.3333333333335	0.0
290	2333.6666666666665	0.0
300	2600.6666666666665	0.0
310	1655.6666666666667	0.0
320	2152.5	0.0
330	1292.5	0.0
340	1902.6666666666667	0.0
350	1610.6666666666667	0.0
360	1563.0	0.0
370	1565.0	0.0
380	1289.6666666666667	0.0
390	1698.5	0.0
400	1217.6666666666667	0.0
410	1300.3333333333333	0.0
420	1669.8333333333333	0.0
430	1563.3333333333333	0.0
440	1584.3333333333333	0.0
450	1721.3333333333333	0.0
460	2336.1666666666665	0.0
470	2380.3333333333335	0.0
480	2289.6666666666665	0.0
490	2067.3333333333335	0.0
500	2122.8333333333335	0.0
510	1837.0	0.0
520	2538.6666666666665	0.0
530	2427.8333333333335	0.0
540	1636.0	0.0
550	2363.6666666666665	0.0
560	2294.6666666666665	0.0
570	2269.3333333333335	0.0
580	2203.5	0.0
590	2348.6666666666665	0.0
600	2175.0	0.0
