0	269.6666666666667	0.0
10	70.0	0.0
20	70.0	0.0
30	70.0	0.0
40	70.0	0.0
50	70.0	0.0
60	70.0	0.0
70	70.0	0.0
80	70.0	0.0
90	70.0	0.0
100	70.0	0.0
110	70.0	0.0
120	70.0	0.0
130	70.0	0.0
140	70.0	0.0
150	70.0	0.0
160	70.0	0.0
170	70.0	0.0
180	70.0	0.0
190	72.33333333333333	0.0
200	71.0	0.0
210	71.0	0.0
220	73.66666666666667	0.0
230	70.0	0.0
240	87.33333333333333	0.0
250	131.33333333333334	0.0
260	234.33333333333334	0.0
270	183.0	0.0
280	134.0	0.0
290	177.0	0.0
300	184.33333333333334	0.0
310	193.33333333333334	0.0
320	195.0	0.0
330	180.66666666666666	0.0
340	197.0	0.0
350	185.66666666666666	0.0
360	130.0	0.0
370	204.33333333333334	0.0
380	239.33333333333334	0.0
390	171.66666666666666	0.0
400	269.3333333333333	0.0
410	261.6666666666667	0.0
420	277.0	0.0
430	314.0	0.0
440	402.3333333333333	0.0
450	430.6666666666667	0.0
460	502.3333333333333	0.0
470	652.3333333333334	0.0
480	990.0	0.0
490	959.0	0.0
500	456.6666666666667	0.0
510	757.0	0.0
520	1068.0	0.0
530	1518.3333333333333	0.0
540	1377.8333333333333	0.0
550	1384.8333333333333	0.0
560	2195.6666666666665	0.0
570	1915.0	0.0
580	2268.3333333333335	0.0
590	1991.3333333333333	0.0
600	2079.3333333333335	0.0
