0	290.3333333333333	0.0
10	70.0	0.0
20	70.0	0.0
30	70.0	0.0
40	70.0	0.0
50	70.0	0.0
60	70.0	0.0
70	70.0	0.0
80	70.0	0.0
90	70.0	0.0
100	70.0	0.0
110	70.0	0.0
120	70.0	0.0
130	70.0	0.0
140	70.0	0.0
150	70.0	0.0
160	70.0	0.0
170	70.0	0.0
180	70.0	0.0
190	70.66666666666667	0.0
200	70.33333333333333	0.0
210	71.33333333333333	0.0
220	70.66666666666667	0.0
230	71.33333333333333	0.0
240	70.66666666666667	0.0
250	73.33333333333333	0.0
260	74.66666666666667	0.0
270	114.66666666666667	0.0
280	176.33333333333334	0.0
290	396.0	0.0
300	363.0	0.0
310	172.33333333333334	0.0
320	207.0	0.0
330	195.0	0.0
340	205.0	0.0
350	156.0	0.0
360	146.0	0.0
370	320.0	0.0
380	252.0	0.0
390	293.6666666666667	0.0
400	162.66666666666666	0.0
410	210.33333333333334	0.0
420	235.66666666666666	0.0
430	209.0	0.0
440	157.0	0.0
450	220.0	0.0
460	252.0	0.0
470	297.6666666666667	0.0
480	457.3333333333333	0.0
490	438.0	0.0
500	405.0	0.0
510	400.3333333333333	0.0
520	754.3333333333334	0.0
530	681.1666666666666	0.0
540	556.3333333333334	0.0
550	1292.0	0.0
560	906.0	0.0
570	1313.0	0.0
580	1405.6666666666667	0.0
590	1124.6666666666667	0.0
600	1584.0	0.0
