0	261.3333333333333	0.0
10	100.0	214.0
20	95.33333333333333	0.0
30	71.66666666666667	0.0
40	70.0	0.0
50	70.0	0.0
60	70.0	0.0
70	77.0	0.0
80	527.0	0.0
90	176.0	0.0
100	168.33333333333334	0.0
110	812.3333333333334	0.0
120	807.6666666666666	0.0
130	316.0	0.0
140	941.1666666666666	0.0
150	1604.6666666666667	0.0
160	1920.6666666666667	0.0
170	2121.0	0.0
180	2241.1666666666665	0.0
190	2212.6666666666665	0.0
200	2518.1666666666665	0.0
210	2482.3333333333335	0.0
220	2596.6666666666665	0.0
230	2195.1666666666665	0.0
240	2268.0	0.0
250	2277.3333333333335	0.0
260	2334.6666666666665	0.0
270	2167.8333333333335	0.0
280	2194.8333333333335	0.0
290	2426.0	0.0
300	2473.8333333333335	0.0
310	2220.5	0.0
320	2294.6666666666665	0.0
330	2415.6666666666665	0.0
340	2204.0	0.0
350	2404.8333333333335	0.0
360	2559.3333333333335	0.0
370	1156.6666666666667	0.0
380	1782.3333333333333	0.0
390	1597.5	0.0
400	2004.1666666666667	0.0
410	2017.6666666666667	0.0
420	1851.1666666666667	0.0
430	2072.3333333333335	0.0
440	1841.3333333333333	0.0
450	1884.0	0.0
460	1804.6666666666667	0.0
470	1556.1666666666667	0.0
480	2207.3333333333335	0.0
490	1886.0	0.0
500	2021.0	0.0
510	1873.5	0.0
520	2029.8333333333333	0.0
530	2057.6666666666665	0.0
540	1605.0	0.0
550	2255.6666666666665	0.0
560	2035.1666666666667	0.0
570	2216.0	0.0
580	2200.3333333333335	0.0
590	2404.6666666666665	0.0
600	2131.6666666666665	0.0
610	2258.8333333333335	0.0
620	2170.6666666666665	0.0
630	2009.0	0.0
640	1850.0	0.0
650	1801.0	0.0
660	2209.8333333333335	0.0
670	2485.3333333333335	0.0
680	2436.0	0.0
690	2529.3333333333335	0.0
700	2487.6666666666665	0.0
710	2150.0	0.0
720	2602.5	0.0
730	2345.6666666666665	0.0
740	2518.3333333333335	0.0
750	2021.5	0.0
760	2465.6666666666665	0.0
770	2452.3333333333335	0.0
780	2420.0	0.0
790	2549.0	0.0
800	1948.6666666666667	0.0
810	2476.3333333333335	0.0
820	1727.0	0.0
830	1912.6666666666667	0.0
840	2071.1666666666665	0.0
850	1957.5	0.0
860	1976.8333333333333	0.0
870	2519.6666666666665	0.0
880	2237.3333333333335	0.0
890	2161.6666666666665	0.0
900	2539.8333333333335	0.0
910	2352.8333333333335	0.0
920	2128.5	0.0
930	2600.1666666666665	0.0
940	2446.8333333333335	0.0
950	1628.0	0.0
960	1683.6666666666667	0.0
970	2041.3333333333333	0.0
980	2486.1666666666665	0.0
990	2430.0	0.0
1000	2562.3333333333335	0.0
