0	250.33333333333334	0.0
10	100.0	214.0
20	71.66666666666667	0.0
30	70.0	0.0
40	70.0	0.0
50	70.0	0.0
60	70.0	0.0
70	71.0	0.0
80	321.6666666666667	0.0
90	244.66666666666666	0.0
100	104.0	0.0
110	78.66666666666667	0.0
120	130.66666666666666	0.0
130	421.3333333333333	0.0
140	72.0	0.0
150	223.66666666666666	0.0
160	648.6666666666666	0.0
170	334.6666666666667	0.0
180	776.0	0.0
190	1040.6666666666667	0.0
200	1131.0	0.0
210	1715.1666666666667	0.0
220	973.6666666666666	0.0
230	1789.6666666666667	0.0
240	1784.3333333333333	0.0
250	2470.0	0.0
260	2257.3333333333335	0.0
270	2351.0	0.0
280	2566.3333333333335	0.0
290	2075.3333333333335	0.0
300	2412.3333333333335	0.0
310	2459.6666666666665	0.0
320	2478.1666666666665	0.0
330	2332.0	0.0
340	2627.5	0.0
350	2335.8333333333335	0.0
360	2454.3333333333335	0.0
370	2359.0	0.0
380	1864.6666666666667	0.0
390	1754.1666666666667	0.0
400	1587.6666666666667	0.0
410	1874.8333333333333	0.0
420	1842.8333333333333	0.0
430	1752.8333333333333	0.0
440	2353.5	0.0
450	2314.0	0.0
460	2447.6666666666665	0.0
470	2581.0	0.0
480	1994.1666666666667	0.0
490	2537.6666666666665	0.0
500	2594.6666666666665	0.0
510	2522.3333333333335	0.0
520	2344.5	0.0
530	2485.8333333333335	0.0
540	2671.1666666666665	0.0
550	2352.0	0.0
560	2526.3333333333335	0.0
570	2487.1666666666665	0.0
580	1584.3333333333333	0.0
590	2487.3333333333335	0.0
600	2124.6666666666665	0.0
610	1910.8333333333333	0.0
620	1963.3333333333333	0.0
630	2116.5	0.0
640	2053.3333333333335	0.0
650	2232.5	0.0
660	1784.5	0.0
670	1141.1666666666667	0.0
680	1632.3333333333333	0.0
690	1323.3333333333333	0.0
700	1481.6666666666667	0.0
710	1534.3333333333333	0.0
720	1553.0	0.0
730	1512.0	0.0
740	1277.6666666666667	0.0
750	1608.6666666666667	0.0
760	1218.6666666666667	0.0
770	2349.6666666666665	0.0
780	2461.3333333333335	0.0
790	2313.3333333333335	0.0
800	2328.0	0.0
810	2306.6666666666665	0.0
820	2435.3333333333335	0.0
830	2326.6666666666665	0.0
840	2361.1666666666665	0.0
850	2397.3333333333335	0.0
860	1994.5	0.0
870	1603.0	0.0
880	2301.0	0.0
890	2261.8333333333335	0.0
900	2377.6666666666665	0.0
910	1818.5	0.0
920	2566.3333333333335	0.0
930	2010.5	0.0
940	1925.8333333333333	0.0
950	2221.0	0.0
960	2240.3333333333335	0.0
970	2020.6666666666667	0.0
980	2089.1666666666665	0.0
990	1956.5	0.0
1000	1934.5	0.0
