0	228.0	0.0
10	70.0	1000.0
20	70.0	0.0
30	70.0	0.0
40	70.0	0.0
50	70.0	0.0
60	70.0	0.0
70	70.0	0.0
80	70.0	0.0
90	70.0	0.0
100	70.0	0.0
110	70.0	0.0
120	70.0	0.0
130	70.0	0.0
140	70.0	0.0
150	70.0	0.0
160	72.0	0.0
170	70.0	0.0
180	70.66666666666667	0.0
190	74.0	0.0
200	73.66666666666667	0.0
210	73.33333333333333	0.0
220	126.66666666666667	0.0
230	110.33333333333333	0.0
240	167.33333333333334	0.0
250	493.0	0.0
260	200.66666666666666	0.0
270	187.33333333333334	0.0
280	341.0	0.0
290	172.0	0.0
300	312.6666666666667	0.0
310	499.3333333333333	0.0
320	833.3333333333334	0.0
330	967.6666666666666	0.0
340	885.6666666666666	0.0
350	971.6666666666666	0.0
360	1543.5	0.0
370	1531.3333333333333	0.0
380	1339.0	0.0
390	2118.0	0.0
400	2004.3333333333333	0.0
410	1998.3333333333333	0.0
420	1879.6666666666667	0.0
430	2257.6666666666665	0.0
440	2140.3333333333335	0.0
450	2269.6666666666665	0.0
460	2425.6666666666665	0.0
470	2012.3333333333333	0.0
480	2065.1666666666665	0.0
490	2338.3333333333335	0.0
500	2117.6666666666665	0.0
510	2234.0	0.0
520	2232.3333333333335	0.0
530	2181.6666666666665	0.0
540	2262.0	0.0
550	2414.5	0.0
560	2538.5	0.0
570	2452.6666666666665	0.0
580	2498.0	0.0
590	2696.0	0.0
600	2644.8333333333335	0.0
610	2684.8333333333335	0.0
620	2612.6666666666665	0.0
630	2733.3333333333335	0.0
640	2386.3333333333335	0.0
650	2548.0	0.0
660	2354.3333333333335	0.0
670	2495.6666666666665	0.0
680	2613.0	0.0
690	2383.8333333333335	0.0
700	2526.5	0.0
710	2678.0	0.0
720	2637.5	0.0
730	2681.3333333333335	0.0
740	2368.6666666666665	0.0
750	2604.8333333333335	0.0
760	2564.5	0.0
770	2505.5	0.0
780	2559.5	0.0
790	2796.1666666666665	0.0
800	2766.1666666666665	0.0
810	2719.6666666666665	0.0
820	2626.3333333333335	0.0
830	2514.8333333333335	0.0
840	2251.8333333333335	0.0
850	2658.8333333333335	0.0
860	2105.1666666666665	0.0
870	2389.8333333333335	0.0
880	2576.5	0.0
890	2591.3333333333335	0.0
900	2416.6666666666665	0.0
910	2610.1666666666665	0.0
920	2413.6666666666665	0.0
930	2613.3333333333335	0.0
940	2656.0	0.0
950	2571.8333333333335	0.0
960	2591.8333333333335	0.0
970	2291.3333333333335	0.0
980	2628.0	0.0
990	2634.6666666666665	0.0
1000	2304.8333333333335	0.0
