0	226.33333333333334	0.0
10	70.0	1000.0
20	70.0	0.0
30	70.0	0.0
40	70.0	0.0
50	70.0	0.0
60	70.0	0.0
70	70.0	0.0
80	70.0	0.0
90	70.0	0.0
100	70.0	0.0
110	70.0	0.0
120	70.0	0.0
130	70.0	0.0
140	70.0	0.0
150	70.0	0.0
160	70.33333333333333	0.0
170	70.66666666666667	0.0
180	70.33333333333333	0.0
190	71.66666666666667	0.0
200	71.33333333333333	0.0
210	71.66666666666667	0.0
220	96.66666666666667	0.0
230	102.0	0.0
240	111.33333333333333	0.0
250	134.33333333333334	0.0
260	133.66666666666666	0.0
270	507.6666666666667	0.0
280	237.33333333333334	0.0
290	143.66666666666666	0.0
300	408.6666666666667	0.0
310	282.0	0.0
320	292.0	0.0
330	248.0	0.0
340	165.33333333333334	0.0
350	291.0	0.0
360	210.0	0.0
370	235.33333333333334	0.0
380	192.33333333333334	0.0
390	373.6666666666667	0.0
400	293.3333333333333	0.0
410	231.66666666666666	0.0
420	276.0	0.0
430	340.6666666666667	0.0
440	250.66666666666666	0.0
450	246.33333333333334	0.0
460	260.6666666666667	0.0
470	400.3333333333333	0.0
480	652.0	0.0
490	657.6666666666666	0.0
500	881.6666666666666	0.0
510	740.3333333333334	0.0
520	965.6666666666666	0.0
530	736.3333333333334	0.0
540	1563.5	0.0
550	1550.0	0.0
560	2178.3333333333335	0.0
570	2193.8333333333335	0.0
580	2213.3333333333335	0.0
590	2173.0	0.0
600	2302.0	0.0
610	2138.8333333333335	0.0
620	2116.3333333333335	0.0
630	1745.0	0.0
640	2196.0	0.0
650	2193.0	0.0
660	2415.6666666666665	0.0
670	2235.3333333333335	0.0
680	2239.3333333333335	0.0
690	2366.0	0.0
700	2170.6666666666665	0.0
710	2435.5	0.0
720	2205.6666666666665	0.0
730	2532.8333333333335	0.0
740	2425.5	0.0
750	2700.5	0.0
760	2374.5	0.0
770	2744.0	0.0
780	2623.0	0.0
790	2258.5	0.0
800	2161.1666666666665	0.0
810	2207.0	0.0
820	2564.1666666666665	0.0
830	2726.6666666666665	0.0
840	2483.3333333333335	0.0
850	2481.0	0.0
860	2634.0	0.0
870	2527.1666666666665	0.0
880	2488.0	0.0
890	2559.3333333333335	0.0
900	2443.5	0.0
910	2414.3333333333335	0.0
920	2615.3333333333335	0.0
930	2529.0	0.0
940	2622.0	0.0
950	2514.6666666666665	0.0
960	2347.3333333333335	0.0
970	2514.3333333333335	0.0
980	2559.0	0.0
990	2085.8333333333335	0.0
1000	1746.1666666666667	0.0
