0	258.90000000000003	0.0
10	70.0	0.03333333333333333
20	70.0	0.0
30	70.0	0.0
40	70.0	0.0
50	70.0	0.0
60	70.0	0.0
70	70.02222222222223	0.1
80	71.14444444444445	0.0
90	73.46666666666665	0.0
100	88.53333333333336	0.0
110	133.68888888888887	0.0
120	247.05555555555554	0.06666666666666667
130	212.9555555555555	0.6333333333333333
140	192.43333333333334	0.0
150	203.91111111111107	0.1
160	247.24444444444447	0.3
170	212.7444444444444	0.0
180	252.43888888888887	0.03333333333333333
190	250.1333333333333	0.1
200	322.25555555555553	0.13333333333333333
210	303.27777777777777	0.4
220	327.6222222222222	0.4
230	344.8444444444444	0.4666666666666667
240	390.31111111111113	0.1
250	395.20000000000005	0.16666666666666666
260	390.82222222222225	0.2
270	455.11111111111103	1.0666666666666667
280	474.4555555555555	0.9666666666666667
290	535.638888888889	0.3333333333333333
300	675.7055555555556	1.1
310	792.4222222222223	0.6
320	842.9444444444441	1.2666666666666666
330	950.2055555555555	1.1333333333333333
340	1112.6833333333334	1.9666666666666666
350	1311.5222222222221	2.3
360	1484.283333333333	1.8333333333333333
370	1518.2499999999998	2.033333333333333
380	1647.1777777777777	2.433333333333333
390	1664.9444444444441	2.966666666666667
400	1901.9333333333336	2.8666666666666667
410	1882.6833333333336	2.2
420	2067.211111111111	3.1666666666666665
430	2025.2333333333336	2.8
440	1936.0111111111112	2.8666666666666667
450	2005.166666666667	2.5
460	2019.161111111111	3.6
470	2007.7055555555557	3.2666666666666666
480	2088.422222222222	2.6666666666666665
490	2150.411111111111	3.6333333333333333
500	2181.3055555555557	2.8666666666666667
510	1994.6722222222224	3.6
520	2101.7944444444447	2.933333333333333
530	2055.3777777777777	3.1
540	2029.9722222222224	2.533333333333333
550	1974.2222222222222	3.033333333333333
560	2035.6055555555552	2.9
570	2081.0222222222224	4.1
580	2033.3222222222223	3.2333333333333334
590	2083.3333333333335	3.1
600	2068.0444444444447	3.0
610	2168.9166666666665	3.2333333333333334
620	2088.5500000000006	3.033333333333333
630	2106.638888888889	3.6333333333333333
640	2087.961111111111	4.233333333333333
650	2115.8055555555557	3.566666666666667
660	2044.377777777778	3.033333333333333
670	2114.755555555556	3.1333333333333333
680	2151.0277777777774	3.6333333333333333
690	2056.8722222222223	3.933333333333333
700	2132.944444444444	3.7333333333333334
710	2200.338888888889	3.7333333333333334
720	2114.277777777778	2.7333333333333334
730	2139.9666666666667	3.1333333333333333
740	2163.311111111111	3.6666666666666665
750	2225.288888888889	3.8
760	2092.027777777778	3.2666666666666666
770	2266.85	3.2333333333333334
780	2150.938888888889	3.2
790	2189.7055555555557	2.4
800	2166.65	2.8333333333333335
810	2193.2833333333333	2.8666666666666667
820	2198.833333333334	3.1333333333333333
830	2258.0888888888885	4.433333333333334
840	2269.3055555555557	2.6666666666666665
850	2200.3833333333337	3.9
860	2324.9444444444453	2.4
870	2321.5444444444443	2.533333333333333
880	2185.7333333333327	2.566666666666667
890	2218.7	2.8333333333333335
900	2171.2277777777776	2.5
910	2275.544444444444	2.2333333333333334
920	2246.488888888889	2.3
930	2239.7777777777783	3.0
940	2340.5166666666673	2.7333333333333334
950	2220.672222222223	2.1666666666666665
960	2247.8000000000006	3.1
970	2263.838888888889	3.7
980	2248.383333333333	2.966666666666667
990	2161.8833333333328	2.8666666666666667
1000	2213.6777777777775	3.1
