0	251.66666666666666	0.0
10	70.0	0.0
20	70.0	0.0
30	70.0	0.0
40	70.0	0.0
50	70.0	0.0
60	70.0	0.0
70	70.33333333333333	0.0
80	72.66666666666667	0.0
90	74.66666666666667	0.0
100	75.66666666666667	0.0
110	200.66666666666666	0.0
120	326.3333333333333	0.0
130	544.0	0.0
140	299.3333333333333	0.0
150	389.6666666666667	0.0
160	138.0	0.0
170	335.0	0.0
180	143.0	0.0
190	315.0	0.0
200	353.6666666666667	0.0
210	276.6666666666667	0.0
220	301.0	0.0
230	422.0	0.0
240	319.3333333333333	1.0
250	386.0	0.0
260	267.0	0.0
270	309.3333333333333	0.0
280	372.6666666666667	0.0
290	600.0	1.0
300	466.0	0.0
310	521.0	0.0
320	435.6666666666667	0.0
330	605.6666666666666	0.0
340	556.6666666666666	0.0
350	657.0	0.0
360	749.6666666666666	2.0
370	930.3333333333334	2.0
380	1233.6666666666667	1.0
390	1097.1666666666667	4.0
400	1374.8333333333333	0.0
410	1533.1666666666667	4.0
420	1563.0	1.0
430	2057.6666666666665	3.0
440	1912.8333333333333	4.0
450	2094.6666666666665	2.0
460	2348.3333333333335	5.0
470	2261.0	1.0
480	2128.3333333333335	5.0
490	2418.0	5.0
500	2285.0	3.0
510	2350.6666666666665	3.0
520	2256.0	5.0
530	2184.3333333333335	1.0
540	2013.3333333333333	3.0
550	2395.0	2.0
560	2537.3333333333335	4.0
570	2267.0	1.0
580	2255.0	6.0
590	2500.0	4.0
600	2413.0	5.0
610	2513.0	4.0
620	2699.3333333333335	3.0
630	2145.0	3.0
640	2453.0	0.0
650	2491.0	2.0
660	2439.1666666666665	1.0
670	2515.6666666666665	4.0
680	2446.5	5.0
690	1699.0	5.0
700	1911.5	1.0
710	2279.0	5.0
720	2145.8333333333335	5.0
730	2023.5	6.0
740	2417.5	2.0
750	2062.6666666666665	7.0
760	2004.6666666666667	2.0
770	1862.8333333333333	5.0
780	2042.1666666666667	3.0
790	2071.1666666666665	7.0
800	1655.3333333333333	4.0
810	2503.5	2.0
820	2346.8333333333335	0.0
830	2473.8333333333335	2.0
840	1932.8333333333333	2.0
850	1554.0	0.0
860	2677.8333333333335	2.0
870	1973.0	1.0
880	2202.0	0.0
890	1931.5	3.0
900	1889.8333333333333	0.0
910	1956.6666666666667	3.0
920	2449.6666666666665	3.0
930	2412.0	1.0
940	2481.3333333333335	1.0
950	2474.5	0.0
960	2500.0	12.0
970	2565.1666666666665	1.0
980	2608.3333333333335	5.0
990	2136.5	3.0
1000	2438.6666666666665	2.0
