0	248.66666666666666	0.0
10	136.33333333333334	1000.0
20	70.0	0.0
30	70.0	0.0
40	72.0	0.0
50	215.0	0.0
60	1576.1666666666667	0.0
70	1708.0	0.0
80	1512.8333333333333	0.0
90	1832.6666666666667	0.0
100	1667.6666666666667	0.0
110	2307.6666666666665	0.0
120	2235.0	0.0
130	2260.6666666666665	0.0
140	2167.0	0.0
150	2352.6666666666665	0.0
160	2493.6666666666665	0.0
170	2209.3333333333335	0.0
180	2400.6666666666665	0.0
190	2250.6666666666665	0.0
200	2249.6666666666665	0.0
210	2326.8333333333335	0.0
220	1766.3333333333333	0.0
230	2247.8333333333335	0.0
240	2368.3333333333335	0.0
250	2470.1666666666665	0.0
260	2526.0	0.0
270	2445.3333333333335	0.0
280	2422.5	0.0
290	2439.6666666666665	0.0
300	1800.5	0.0
310	1347.6666666666667	0.0
320	1120.6666666666667	0.0
330	1008.0	0.0
340	767.0	0.0
350	1281.3333333333333	0.0
360	1634.8333333333333	0.0
370	2084.1666666666665	0.0
380	1288.8333333333333	0.0
390	1608.6666666666667	0.0
400	1492.6666666666667	0.0
410	1243.1666666666667	0.0
420	1111.6666666666667	0.0
430	1391.3333333333333	0.0
440	2104.1666666666665	0.0
450	2155.6666666666665	0.0
460	2254.1666666666665	0.0
470	1124.3333333333333	0.0
480	2057.0	0.0
490	1762.3333333333333	0.0
500	1953.0	0.0
510	1841.3333333333333	0.0
520	2690.5	0.0
530	2435.3333333333335	0.0
540	2622.3333333333335	0.0
550	2196.3333333333335	0.0
560	2398.5	0.0
570	2444.6666666666665	0.0
580	2289.3333333333335	0.0
590	1718.3333333333333	0.0
600	2086.6666666666665	0.0
