0	263.6666666666667	0.0
10	101.0	1358.0
20	70.66666666666667	0.0
30	71.0	0.0
40	71.0	0.0
50	952.6666666666666	0.0
60	335.6666666666667	0.0
70	429.0	0.0
80	211.0	0.0
90	338.0	0.0
100	1307.3333333333333	0.0
110	1282.0	0.0
120	1850.6666666666667	0.0
130	2251.6666666666665	0.0
140	2063.3333333333335	0.0
150	2256.6666666666665	0.0
160	2207.3333333333335	0.0
170	2428.1666666666665	0.0
180	2225.0	0.0
190	2275.0	0.0
200	2448.1666666666665	0.0
210	2372.5	0.0
220	2420.6666666666665	0.0
230	2065.0	0.0
240	2495.8333333333335	0.0
250	2367.0	0.0
260	2759.3333333333335	0.0
270	2537.6666666666665	0.0
280	2741.8333333333335	0.0
290	2392.3333333333335	0.0
300	2139.3333333333335	0.0
310	1728.5	0.0
320	2424.0	0.0
330	1823.5	0.0
340	2180.0	0.0
350	1801.0	0.0
360	1063.5	0.0
370	1301.6666666666667	0.0
380	1071.0	0.0
390	1950.8333333333333	0.0
400	1456.6666666666667	0.0
410	1727.6666666666667	0.0
420	2116.8333333333335	0.0
430	1934.0	0.0
440	1675.6666666666667	0.0
450	1812.5	0.0
460	1491.8333333333333	0.0
470	1711.6666666666667	0.0
480	1440.3333333333333	0.0
490	2002.3333333333333	0.0
500	1890.0	0.0
510	1904.0	0.0
520	2114.6666666666665	0.0
530	1912.5	0.0
540	2051.6666666666665	0.0
550	1658.0	0.0
560	1771.0	0.0
570	1716.8333333333333	0.0
580	1879.0	0.0
590	2335.6666666666665	0.0
600	2420.3333333333335	0.0
