0	246.66666666666666	0.0
10	70.0	1176.0
20	70.0	0.0
30	70.0	0.0
40	164.33333333333334	0.0
50	281.3333333333333	0.0
60	126.33333333333333	0.0
70	1808.6666666666667	0.0
80	1604.3333333333333	0.0
90	1947.3333333333333	0.0
100	2066.0	0.0
110	2106.3333333333335	0.0
120	2359.0	0.0
130	2059.6666666666665	0.0
140	2224.0	0.0
150	2268.3333333333335	0.0
160	2346.3333333333335	0.0
170	2367.6666666666665	0.0
180	2193.6666666666665	0.0
190	2043.3333333333333	0.0
200	2524.6666666666665	0.0
210	2513.0	0.0
220	1816.0	0.0
230	2565.0	0.0
240	2356.6666666666665	0.0
250	2597.6666666666665	0.0
260	2416.8333333333335	0.0
270	2323.6666666666665	0.0
280	2392.6666666666665	0.0
290	2411.5	0.0
300	2531.8333333333335	0.0
310	1819.5	0.0
320	2558.3333333333335	0.0
330	1870.5	0.0
340	1975.3333333333333	0.0
350	2496.6666666666665	0.0
360	1800.0	0.0
370	1662.6666666666667	0.0
380	1634.3333333333333	0.0
390	2039.0	0.0
400	1800.6666666666667	0.0
410	2079.6666666666665	0.0
420	2148.3333333333335	0.0
430	1994.3333333333333	0.0
440	2132.6666666666665	0.0
450	1231.6666666666667	0.0
460	1623.0	0.0
470	1794.5	0.0
480	1730.3333333333333	0.0
490	1960.0	0.0
500	1964.5	0.0
510	2346.0	0.0
520	2359.5	0.0
530	2298.0	0.0
540	2188.6666666666665	0.0
550	2590.0	0.0
560	2278.0	0.0
570	2483.3333333333335	0.0
580	2246.0	0.0
590	2173.5	0.0
600	2304.5	0.0
