0	251.0	0.0
10	70.0	1000.0
20	70.0	0.0
30	70.0	0.0
40	70.0	0.0
50	70.0	0.0
60	70.0	0.0
70	70.0	0.0
80	70.0	0.0
90	70.0	0.0
100	70.0	0.0
110	70.0	0.0
120	70.0	0.0
130	70.0	0.0
140	71.0	0.0
150	71.33333333333333	0.0
160	70.66666666666667	0.0
170	70.33333333333333	0.0
180	71.66666666666667	0.0
190	79.66666666666667	0.0
200	72.0	0.0
210	74.33333333333333	0.0
220	84.33333333333333	0.0
230	146.0	0.0
240	154.0	0.0
250	326.3333333333333	0.0
260	161.0	0.0
270	177.66666666666666	0.0
280	222.0	0.0
290	155.66666666666666	0.0
300	130.33333333333334	0.0
310	130.0	0.0
320	130.0	0.0
330	209.66666666666666	0.0
340	193.0	0.0
350	430.6666666666667	0.0
360	765.0	0.0
370	804.3333333333334	0.0
380	919.0	0.0
390	521.6666666666666	0.0
400	1301.3333333333333	0.0
410	1535.1666666666667	0.0
420	1597.0	0.0
430	1798.0	0.0
440	1380.1666666666667	0.0
450	2261.5	0.0
460	1623.8333333333333	0.0
470	2124.6666666666665	0.0
480	2096.6666666666665	0.0
490	2198.0	0.0
500	1467.6666666666667	0.0
510	2226.6666666666665	0.0
520	2388.0	0.0
530	2359.0	0.0
540	2313.0	0.0
550	2527.6666666666665	0.0
560	2328.5	0.0
570	2186.3333333333335	0.0
580	2231.6666666666665	0.0
590	2217.8333333333335	0.0
600	2296.6666666666665	0.0
610	2465.6666666666665	0.0
620	2234.8333333333335	0.0
630	2368.1666666666665	0.0
640	2611.6666666666665	0.0
650	2439.6666666666665	0.0
660	2607.6666666666665	0.0
670	2676.6666666666665	0.0
680	2670.6666666666665	0.0
690	2581.6666666666665	0.0
700	2655.6666666666665	0.0
710	2510.3333333333335	0.0
720	2521.3333333333335	0.0
730	2431.0	0.0
740	2414.3333333333335	0.0
750	2586.3333333333335	0.0
760	2620.0	0.0
770	2755.0	0.0
780	2578.3333333333335	0.0
790	2353.3333333333335	0.0
800	2587.5	0.0
810	2666.5	0.0
820	2639.6666666666665	0.0
830	2553.8333333333335	0.0
840	2491.3333333333335	0.0
850	2604.6666666666665	0.0
860	2321.1666666666665	0.0
870	2652.0	0.0
880	2473.1666666666665	0.0
890	2433.6666666666665	0.0
900	2451.0	0.0
910	2578.0	0.0
920	2654.5	0.0
930	2420.0	0.0
940	2379.0	0.0
950	2506.6666666666665	0.0
960	2721.3333333333335	0.0
970	2406.8333333333335	0.0
980	2054.1666666666665	0.0
990	2566.1666666666665	0.0
1000	2480.0	0.0
