0	238.33333333333334	0.0
10	70.0	1000.0
20	70.0	0.0
30	70.0	0.0
40	70.0	0.0
50	70.0	0.0
60	70.0	0.0
70	70.0	0.0
80	70.0	0.0
90	70.0	0.0
100	70.0	0.0
110	70.0	0.0
120	70.0	0.0
130	70.0	0.0
140	70.0	0.0
150	70.66666666666667	0.0
160	71.66666666666667	0.0
170	70.66666666666667	0.0
180	87.66666666666667	0.0
190	70.33333333333333	0.0
200	73.0	0.0
210	118.33333333333333	0.0
220	121.0	0.0
230	218.66666666666666	0.0
240	472.0	0.0
250	193.33333333333334	0.0
260	143.66666666666666	0.0
270	131.0	0.0
280	146.66666666666666	0.0
290	130.0	0.0
300	189.66666666666666	0.0
310	266.3333333333333	0.0
320	436.3333333333333	0.0
330	516.3333333333334	0.0
340	616.3333333333334	0.0
350	734.6666666666666	0.0
360	764.0	0.0
370	911.6666666666666	0.0
380	975.6666666666666	0.0
390	993.6666666666666	0.0
400	1285.6666666666667	0.0
410	1732.0	0.0
420	1729.3333333333333	0.0
430	1689.6666666666667	0.0
440	2024.0	0.0
450	2094.0	0.0
460	1986.0	0.0
470	1586.0	0.0
480	1712.6666666666667	0.0
490	2039.6666666666667	0.0
500	1499.6666666666667	0.0
510	2018.6666666666667	0.0
520	1987.6666666666667	0.0
530	2293.6666666666665	0.0
540	2147.0	0.0
550	2119.3333333333335	0.0
560	1820.0	0.0
570	2470.6666666666665	0.0
580	2251.6666666666665	0.0
590	2546.5	0.0
600	2548.5	0.0
610	2602.6666666666665	0.0
620	2691.5	0.0
630	2278.3333333333335	0.0
640	2594.0	0.0
650	2758.3333333333335	0.0
660	2688.5	0.0
670	2676.5	0.0
680	2513.5	0.0
690	2575.6666666666665	0.0
700	2537.6666666666665	0.0
710	2555.1666666666665	0.0
720	2641.3333333333335	0.0
730	2613.8333333333335	0.0
740	2859.3333333333335	0.0
750	2610.0	0.0
760	2638.5	0.0
770	2726.5	0.0
780	2711.6666666666665	0.0
790	2883.0	0.0
800	2503.5	0.0
810	2007.3333333333333	0.0
820	2723.8333333333335	0.0
830	2602.3333333333335	0.0
840	2567.0	0.0
850	2533.6666666666665	0.0
860	2564.1666666666665	0.0
870	2358.6666666666665	0.0
880	2452.8333333333335	0.0
890	2308.1666666666665	0.0
900	2516.6666666666665	0.0
910	2320.0	0.0
920	2593.6666666666665	0.0
930	2741.5	0.0
940	2532.0	0.0
950	2436.5	0.0
960	2612.6666666666665	0.0
970	2269.6666666666665	0.0
980	2193.1666666666665	0.0
990	2132.5	0.0
1000	1838.6666666666667	0.0
