0	238.33333333333334	0.0
10	70.0	21.0
20	70.0	0.0
30	70.0	6.0
40	70.0	0.0
50	70.0	0.0
60	70.0	0.0
70	70.0	8.0
80	70.0	1.0
90	70.0	7.0
100	70.0	0.0
110	70.0	0.0
120	70.0	11.0
130	70.0	11.0
140	70.0	3.0
150	70.0	0.0
160	70.0	23.0
170	70.0	13.0
180	70.0	6.0
190	70.66666666666667	0.0
200	71.0	7.0
210	71.66666666666667	7.0
220	72.33333333333333	6.0
230	73.33333333333333	0.0
240	98.0	0.0
250	97.66666666666667	16.0
260	215.33333333333334	0.0
270	272.3333333333333	25.0
280	162.33333333333334	34.0
290	180.33333333333334	4.0
300	163.33333333333334	13.0
310	489.6666666666667	4.0
320	511.3333333333333	8.0
330	610.3333333333334	12.0
340	1044.0	9.0
350	1171.6666666666667	11.0
360	977.3333333333334	10.0
370	1476.0	11.0
380	1252.6666666666667	12.0
390	2025.6666666666667	20.0
400	1719.0	12.0
410	1941.0	17.0
420	1952.3333333333333	26.0
430	1558.6666666666667	18.0
440	2030.3333333333333	25.0
450	1993.3333333333333	14.0
460	2552.3333333333335	15.0
470	2136.0	31.0
480	2371.6666666666665	31.0
490	2238.0	21.0
500	2486.3333333333335	32.0
510	1913.0	16.0
520	2283.5	29.0
530	2290.1666666666665	41.0
540	2304.8333333333335	24.0
550	2424.6666666666665	27.0
560	2304.8333333333335	26.0
570	2302.6666666666665	41.0
580	2317.6666666666665	17.0
590	2320.8333333333335	18.0
600	2493.5	45.0
610	2537.5	50.0
620	2610.1666666666665	36.0
630	2760.3333333333335	20.0
640	2401.3333333333335	49.0
650	2547.3333333333335	0.0
660	2685.0	0.0
670	2537.6666666666665	0.0
680	2788.0	0.0
690	2679.6666666666665	0.0
700	2557.6666666666665	0.0
710	2380.0	0.0
720	2571.0	0.0
730	2660.8333333333335	0.0
740	2363.1666666666665	0.0
750	3034.3333333333335	0.0
760	2746.8333333333335	0.0
770	2639.1666666666665	0.0
780	2866.1666666666665	0.0
790	2630.0	0.0
800	2276.3333333333335	0.0
810	2670.6666666666665	0.0
820	2329.3333333333335	0.0
830	2553.8333333333335	0.0
840	2531.3333333333335	0.0
850	2506.6666666666665	0.0
860	2088.3333333333335	0.0
870	2405.6666666666665	0.0
880	2660.6666666666665	0.0
890	2636.6666666666665	0.0
900	2369.1666666666665	0.0
910	1998.5	0.0
920	2667.3333333333335	0.0
930	2202.8333333333335	0.0
940	1984.5	0.0
950	1822.6666666666667	0.0
960	1964.1666666666667	0.0
970	2618.0	0.0
980	2543.3333333333335	0.0
990	2343.0	0.0
1000	2608.0	0.0
