0	245.0	0.0
10	70.0	0.0
20	70.0	0.0
30	70.0	0.0
40	70.0	0.0
50	70.0	0.0
60	70.0	0.0
70	70.0	0.0
80	70.0	0.0
90	70.0	0.0
100	70.0	0.0
110	70.0	0.0
120	70.0	0.0
130	70.0	0.0
140	70.0	0.0
150	70.0	0.0
160	70.0	0.0
170	70.0	0.0
180	70.0	0.0
190	70.33333333333333	0.0
200	70.66666666666667	0.0
210	71.0	0.0
220	70.33333333333333	0.0
230	71.33333333333333	0.0
240	80.0	0.0
250	71.33333333333333	0.0
260	159.33333333333334	0.0
270	131.66666666666666	0.0
280	275.0	0.0
290	241.0	12.0
300	292.3333333333333	0.0
310	132.33333333333334	0.0
320	152.66666666666666	0.0
330	152.33333333333334	0.0
340	147.33333333333334	1.0
350	178.66666666666666	0.0
360	147.66666666666666	0.0
370	162.66666666666666	0.0
380	139.0	0.0
390	138.0	0.0
400	162.0	0.0
410	131.0	0.0
420	486.0	0.0
430	825.3333333333334	2.0
440	995.3333333333334	0.0
450	1050.3333333333333	1.0
460	1003.0	0.0
470	991.6666666666666	0.0
480	1181.6666666666667	2.0
490	1328.3333333333333	3.0
500	2208.6666666666665	0.0
510	1960.3333333333333	1.0
520	2135.3333333333335	1.0
530	1834.3333333333333	1.0
540	2034.0	0.0
550	1678.6666666666667	1.0
560	2034.0	0.0
570	2211.6666666666665	0.0
580	2184.0	4.0
590	2059.0	0.0
600	2351.5	0.0
610	2286.3333333333335	3.0
620	2204.6666666666665	1.0
630	2313.0	0.0
640	2559.3333333333335	1.0
650	2358.1666666666665	0.0
660	2223.3333333333335	0.0
670	2530.0	1.0
680	2434.5	2.0
690	2479.1666666666665	1.0
700	2719.3333333333335	0.0
710	2363.0	2.0
720	2629.6666666666665	0.0
730	2870.0	0.0
740	2505.3333333333335	1.0
750	2658.5	0.0
760	2523.0	1.0
770	2786.8333333333335	0.0
780	2426.5	0.0
790	2701.8333333333335	1.0
800	2587.1666666666665	0.0
810	2366.3333333333335	2.0
820	2482.8333333333335	3.0
830	2651.8333333333335	0.0
840	2674.1666666666665	0.0
850	2220.0	0.0
860	2821.3333333333335	0.0
870	2653.8333333333335	0.0
880	2631.5	1.0
890	2742.6666666666665	0.0
900	2485.1666666666665	1.0
910	2566.8333333333335	0.0
920	2701.3333333333335	0.0
930	2404.0	1.0
940	2585.8333333333335	1.0
950	2625.0	0.0
960	2612.8333333333335	0.0
970	2703.8333333333335	1.0
980	2616.5	2.0
990	2583.3333333333335	3.0
1000	2559.1666666666665	1.0
