0	263.0	0.0
10	70.0	0.0
20	70.0	0.0
30	70.0	0.0
40	70.0	0.0
50	70.0	0.0
60	70.0	0.0
70	70.0	0.0
80	70.0	0.0
90	70.0	0.0
100	70.0	0.0
110	70.0	0.0
120	70.0	0.0
130	70.0	0.0
140	70.0	0.0
150	70.0	0.0
160	70.0	0.0
170	70.0	0.0
180	70.0	0.0
190	70.33333333333333	0.0
200	70.66666666666667	0.0
210	73.0	0.0
220	73.33333333333333	0.0
230	72.0	0.0
240	71.0	0.0
250	104.0	0.0
260	89.0	0.0
270	139.33333333333334	0.0
280	153.33333333333334	0.0
290	316.3333333333333	0.0
300	192.66666666666666	0.0
310	169.33333333333334	0.0
320	130.66666666666666	0.0
330	147.33333333333334	2.0
340	152.33333333333334	0.0
350	130.0	0.0
360	243.33333333333334	0.0
370	162.66666666666666	0.0
380	146.66666666666666	0.0
390	154.66666666666666	0.0
400	194.66666666666666	0.0
410	154.33333333333334	0.0
420	211.0	0.0
430	245.33333333333334	0.0
440	331.0	0.0
450	196.33333333333334	0.0
460	344.3333333333333	0.0
470	405.0	0.0
480	518.3333333333334	0.0
490	316.3333333333333	0.0
500	349.0	0.0
510	392.3333333333333	0.0
520	343.0	0.0
530	419.6666666666667	1.0
540	473.0	0.0
550	504.6666666666667	0.0
560	542.6666666666666	0.0
570	348.3333333333333	0.0
580	626.3333333333334	0.0
590	808.0	1.0
600	941.0	0.0
610	1067.0	0.0
620	604.3333333333334	0.0
630	848.3333333333334	2.0
640	730.3333333333334	0.0
650	932.1666666666666	0.0
660	1740.1666666666667	0.0
670	1468.8333333333333	0.0
680	2384.8333333333335	2.0
690	1720.3333333333333	2.0
700	1742.3333333333333	0.0
710	2005.6666666666667	0.0
720	2053.3333333333335	1.0
730	2200.6666666666665	1.0
740	2512.6666666666665	0.0
750	2071.0	0.0
760	1952.3333333333333	2.0
770	1808.0	2.0
780	1989.0	2.0
790	2536.6666666666665	1.0
800	1880.0	1.0
810	2241.0	1.0
820	2351.0	0.0
830	2208.3333333333335	0.0
840	2355.5	0.0
850	2537.6666666666665	3.0
860	2552.8333333333335	0.0
870	2461.3333333333335	0.0
880	2477.3333333333335	0.0
890	2419.1666666666665	0.0
900	2678.3333333333335	2.0
910	2841.5	1.0
920	2701.6666666666665	0.0
930	2631.1666666666665	1.0
940	2643.3333333333335	1.0
950	2679.3333333333335	1.0
960	2856.8333333333335	0.0
970	2604.6666666666665	1.0
980	2658.8333333333335	0.0
990	2682.3333333333335	3.0
1000	2860.1666666666665	0.0
