0	235.0	0.0
10	70.0	0.0
20	70.0	0.0
30	70.0	0.0
40	70.0	0.0
50	70.0	0.0
60	70.0	0.0
70	70.0	0.0
80	70.0	0.0
90	70.0	0.0
100	70.0	0.0
110	70.0	0.0
120	70.0	0.0
130	70.0	0.0
140	70.0	0.0
150	70.0	0.0
160	70.0	0.0
170	70.66666666666667	0.0
180	71.33333333333333	0.0
190	71.33333333333333	0.0
200	73.0	0.0
210	72.0	0.0
220	76.33333333333333	0.0
230	70.33333333333333	0.0
240	94.33333333333333	0.0
250	105.66666666666667	0.0
260	211.66666666666666	0.0
270	366.0	0.0
280	205.66666666666666	0.0
290	360.6666666666667	0.0
300	247.66666666666666	0.0
310	164.66666666666666	0.0
320	146.0	0.0
330	155.66666666666666	0.0
340	137.66666666666666	0.0
350	195.66666666666666	0.0
360	190.66666666666666	1.0
370	319.6666666666667	0.0
380	146.0	1.0
390	193.33333333333334	0.0
400	443.6666666666667	0.0
410	984.6666666666666	1.0
420	926.6666666666666	1.0
430	1150.5	0.0
440	1491.3333333333333	1.0
450	1418.0	1.0
460	1423.3333333333333	0.0
470	1705.6666666666667	1.0
480	1639.6666666666667	2.0
490	1623.6666666666667	1.0
500	2149.6666666666665	0.0
510	2001.3333333333333	0.0
520	2307.3333333333335	5.0
530	2262.0	4.0
540	2085.6666666666665	3.0
550	1744.0	1.0
560	2207.0	1.0
570	2098.6666666666665	0.0
580	2467.8333333333335	2.0
590	2143.0	0.0
600	2176.5	0.0
610	2289.3333333333335	0.0
620	2364.0	1.0
630	2335.5	0.0
640	2298.3333333333335	0.0
650	2667.1666666666665	1.0
660	2498.5	0.0
670	2517.3333333333335	0.0
680	2470.0	2.0
690	2440.6666666666665	0.0
700	2581.0	0.0
710	2447.8333333333335	2.0
720	2711.3333333333335	3.0
730	2413.5	0.0
740	2348.0	2.0
750	2270.0	0.0
760	2301.6666666666665	0.0
770	2409.0	3.0
780	2481.0	0.0
790	2697.5	2.0
800	2654.6666666666665	1.0
810	2791.0	0.0
820	2182.1666666666665	0.0
830	2639.1666666666665	1.0
840	2923.6666666666665	3.0
850	2889.8333333333335	2.0
860	2831.5	2.0
870	2708.3333333333335	3.0
880	2590.3333333333335	1.0
890	3060.1666666666665	2.0
900	2938.0	0.0
910	2221.8333333333335	2.0
920	2864.3333333333335	1.0
930	2815.6666666666665	2.0
940	2499.0	0.0
950	2425.1666666666665	3.0
960	2656.0	5.0
970	2709.0	3.0
980	2270.3333333333335	1.0
990	3035.5	1.0
1000	2481.8333333333335	2.0
