0	256.3333333333333	0.0
10	70.0	0.0
20	70.0	0.0
30	70.0	0.0
40	70.0	0.0
50	70.0	0.0
60	70.0	0.0
70	70.0	0.0
80	70.0	0.0
90	72.0	0.0
100	80.66666666666667	0.0
110	132.33333333333334	0.0
120	532.3333333333334	0.0
130	105.33333333333333	0.0
140	404.0	0.0
150	192.33333333333334	0.0
160	323.6666666666667	0.0
170	405.6666666666667	0.0
180	203.0	0.0
190	210.33333333333334	0.0
200	257.0	0.0
210	181.33333333333334	0.0
220	358.6666666666667	0.0
230	374.3333333333333	0.0
240	333.0	0.0
250	348.6666666666667	0.0
260	476.6666666666667	0.0
270	516.6666666666666	0.0
280	450.0	0.0
290	665.0	0.0
300	755.3333333333334	0.0
310	937.0	0.0
320	1207.6666666666667	0.0
330	632.0	0.0
340	1236.8333333333333	0.0
350	1726.1666666666667	0.0
360	1382.0	0.0
370	1145.6666666666667	0.0
380	2070.6666666666665	0.0
390	1487.3333333333333	0.0
400	1859.5	0.0
410	1746.5	0.0
420	1829.6666666666667	0.0
430	1947.5	0.0
440	1777.5	0.0
450	1723.8333333333333	0.0
460	1920.8333333333333	0.0
470	1978.8333333333333	0.0
480	1880.6666666666667	0.0
490	2058.8333333333335	0.0
500	1688.3333333333333	0.0
510	1839.5	0.0
520	2723.0	0.0
530	1814.0	0.0
540	1839.8333333333333	0.0
550	2276.3333333333335	0.0
560	1664.3333333333333	0.0
570	1517.5	0.0
580	1864.6666666666667	0.0
590	2173.3333333333335	0.0
600	1831.1666666666667	0.0
610	1738.1666666666667	0.0
620	1523.3333333333333	0.0
630	2415.8333333333335	0.0
640	1830.6666666666667	0.0
650	1745.5	0.0
660	1955.8333333333333	0.0
670	2265.0	0.0
680	2287.8333333333335	0.0
690	1616.5	0.0
700	2087.0	0.0
710	1682.3333333333333	0.0
720	2244.8333333333335	0.0
730	2029.6666666666667	0.0
740	2522.3333333333335	0.0
750	2446.0	0.0
760	2366.3333333333335	0.0
770	2435.5	0.0
780	2135.0	0.0
790	2335.5	0.0
800	2446.3333333333335	0.0
810	2453.6666666666665	0.0
820	2447.1666666666665	0.0
830	2113.3333333333335	0.0
840	2611.0	0.0
850	2534.6666666666665	0.0
860	2415.6666666666665	0.0
870	2363.3333333333335	0.0
880	2263.6666666666665	0.0
890	2278.0	0.0
900	2735.6666666666665	0.0
910	2375.6666666666665	0.0
920	2599.1666666666665	0.0
930	2526.6666666666665	0.0
940	2525.6666666666665	0.0
950	2496.5	0.0
960	2375.0	0.0
970	1966.6666666666667	0.0
980	1861.0	0.0
990	1974.3333333333333	0.0
1000	1872.3333333333333	0.0
