0	280.6666666666667	0.0
10	76.0	988.0
20	70.0	12.0
30	70.0	0.0
40	70.0	0.0
50	70.0	0.0
60	70.0	0.0
70	70.0	0.0
80	70.0	0.0
90	70.0	0.0
100	70.0	0.0
110	70.0	0.0
120	70.0	0.0
130	70.0	0.0
140	70.0	0.0
150	70.0	0.0
160	70.0	0.0
170	71.0	0.0
180	116.66666666666667	0.0
190	171.66666666666666	0.0
200	335.0	0.0
210	271.0	0.0
220	147.0	0.0
230	130.33333333333334	0.0
240	146.0	0.0
250	162.0	0.0
260	192.66666666666666	0.0
270	208.66666666666666	0.0
280	266.6666666666667	0.0
290	436.0	0.0
300	607.6666666666666	0.0
310	487.0	0.0
320	785.0	0.0
330	961.0	0.0
340	844.3333333333334	0.0
350	1283.3333333333333	0.0
360	1607.3333333333333	0.0
370	1408.3333333333333	0.0
380	1552.0	0.0
390	2185.6666666666665	0.0
400	1968.6666666666667	0.0
410	2254.0	0.0
420	2050.6666666666665	0.0
430	1740.6666666666667	0.0
440	2093.6666666666665	0.0
450	2218.0	0.0
460	2092.6666666666665	0.0
470	2068.6666666666665	0.0
480	2001.3333333333333	0.0
490	2090.0	0.0
500	1907.6666666666667	0.0
510	2043.0	0.0
520	2223.6666666666665	0.0
530	2429.0	0.0
540	2116.5	0.0
550	2685.0	0.0
560	2741.5	0.0
570	2621.3333333333335	0.0
580	2498.5	0.0
590	2841.8333333333335	0.0
600	2105.5	0.0
610	2279.0	0.0
620	2393.1666666666665	0.0
630	2389.3333333333335	0.0
640	2627.3333333333335	0.0
650	2251.0	0.0
660	2668.1666666666665	0.0
670	2438.0	0.0
680	2560.6666666666665	0.0
690	2529.0	0.0
700	2423.3333333333335	0.0
710	2423.6666666666665	0.0
720	2552.1666666666665	0.0
730	2513.3333333333335	0.0
740	2705.6666666666665	0.0
750	2456.1666666666665	0.0
760	2712.8333333333335	0.0
770	2417.0	0.0
780	2559.1666666666665	0.0
790	2444.6666666666665	0.0
800	2276.1666666666665	0.0
810	2562.8333333333335	0.0
820	2530.6666666666665	0.0
830	2504.1666666666665	0.0
840	2493.6666666666665	0.0
850	2383.0	0.0
860	2433.0	0.0
870	2523.3333333333335	0.0
880	2519.6666666666665	0.0
890	2546.6666666666665	0.0
900	2369.0	0.0
910	2473.1666666666665	0.0
920	2452.6666666666665	0.0
930	2655.6666666666665	0.0
940	2764.0	0.0
950	2628.0	0.0
960	2344.3333333333335	0.0
970	2139.0	0.0
980	2012.8333333333333	0.0
990	2350.0	0.0
1000	2089.6666666666665	0.0
