0	279.3333333333333	0.0
10	70.33333333333333	881.0
20	70.0	119.0
30	70.0	0.0
40	70.0	0.0
50	70.0	0.0
60	70.0	0.0
70	70.0	0.0
80	70.0	0.0
90	70.0	0.0
100	70.0	0.0
110	70.0	0.0
120	70.0	0.0
130	70.0	0.0
140	70.0	0.0
150	70.0	0.0
160	70.33333333333333	0.0
170	71.66666666666667	0.0
180	80.0	0.0
190	90.66666666666667	0.0
200	84.33333333333333	0.0
210	143.33333333333334	0.0
220	135.33333333333334	0.0
230	99.0	0.0
240	325.0	0.0
250	397.0	0.0
260	102.66666666666667	0.0
270	144.33333333333334	0.0
280	89.0	0.0
290	141.66666666666666	0.0
300	313.6666666666667	0.0
310	343.6666666666667	0.0
320	327.6666666666667	0.0
330	311.0	0.0
340	280.0	0.0
350	344.6666666666667	0.0
360	249.0	0.0
370	273.6666666666667	0.0
380	333.6666666666667	0.0
390	216.0	0.0
400	213.33333333333334	0.0
410	335.0	0.0
420	237.33333333333334	0.0
430	304.0	0.0
440	773.6666666666666	0.0
450	1049.6666666666667	0.0
460	1160.3333333333333	0.0
470	985.3333333333334	0.0
480	1102.6666666666667	0.0
490	1282.6666666666667	0.0
500	1630.6666666666667	0.0
510	971.0	0.0
520	1633.0	0.0
530	1629.0	0.0
540	1913.6666666666667	0.0
550	1323.0	0.0
560	1928.3333333333333	0.0
570	2290.1666666666665	0.0
580	2498.3333333333335	0.0
590	1954.0	0.0
600	2189.3333333333335	0.0
610	2351.0	0.0
620	2191.3333333333335	0.0
630	2111.3333333333335	0.0
640	2124.6666666666665	0.0
650	2432.0	0.0
660	2371.0	0.0
670	2632.3333333333335	0.0
680	2336.6666666666665	0.0
690	2450.3333333333335	0.0
700	2341.1666666666665	0.0
710	2548.1666666666665	0.0
720	2665.3333333333335	0.0
730	2473.0	0.0
740	2267.3333333333335	0.0
750	2656.6666666666665	0.0
760	2213.8333333333335	0.0
770	2655.1666666666665	0.0
780	2513.1666666666665	0.0
790	2624.6666666666665	0.0
800	2471.8333333333335	0.0
810	2631.3333333333335	0.0
820	2612.5	0.0
830	2606.0	0.0
840	2774.0	0.0
850	2739.0	0.0
860	2595.0	0.0
870	2604.8333333333335	0.0
880	2709.0	0.0
890	2603.6666666666665	0.0
900	2674.3333333333335	0.0
910	2767.0	0.0
920	2891.5	0.0
930	2527.0	0.0
940	2734.1666666666665	0.0
950	2567.0	0.0
960	2671.3333333333335	0.0
970	2758.1666666666665	0.0
980	2803.8333333333335	0.0
990	2600.1666666666665	0.0
1000	2585.3333333333335	0.0
