0	295.6666666666667	0.0
10	70.0	0.0
20	70.0	0.0
30	70.0	0.0
40	70.0	0.0
50	70.0	0.0
60	70.0	0.0
70	70.0	0.0
80	70.0	0.0
90	70.0	0.0
100	70.0	0.0
110	70.0	0.0
120	70.0	0.0
130	70.0	0.0
140	70.0	0.0
150	70.0	0.0
160	70.0	0.0
170	70.0	0.0
180	70.66666666666667	0.0
190	71.0	0.0
200	74.33333333333333	0.0
210	71.66666666666667	0.0
220	72.66666666666667	0.0
230	128.0	0.0
240	154.33333333333334	0.0
250	104.33333333333333	0.0
260	234.66666666666666	0.0
270	148.33333333333334	0.0
280	177.0	0.0
290	138.0	0.0
300	146.66666666666666	0.0
310	155.33333333333334	0.0
320	180.0	0.0
330	148.66666666666666	0.0
340	138.0	0.0
350	171.66666666666666	0.0
360	146.33333333333334	0.0
370	234.0	0.0
380	146.33333333333334	0.0
390	239.66666666666666	0.0
400	202.66666666666666	0.0
410	275.6666666666667	0.0
420	307.3333333333333	0.0
430	228.33333333333334	0.0
440	329.0	0.0
450	305.3333333333333	0.0
460	285.6666666666667	0.0
470	329.6666666666667	0.0
480	374.6666666666667	0.0
490	194.0	0.0
500	268.6666666666667	0.0
510	285.0	0.0
520	294.0	0.0
530	480.3333333333333	0.0
540	349.6666666666667	0.0
550	537.6666666666666	0.0
560	493.0	0.0
570	570.0	0.0
580	518.6666666666666	0.0
590	806.0	0.0
600	531.6666666666666	0.0
610	618.0	0.0
620	680.3333333333334	0.0
630	703.0	0.0
640	797.3333333333334	0.0
650	656.3333333333334	0.0
660	1055.6666666666667	0.0
670	903.3333333333334	0.0
680	803.3333333333334	0.0
690	998.6666666666666	0.0
700	1038.0	0.0
710	1688.3333333333333	0.0
720	1332.6666666666667	0.0
730	1602.6666666666667	0.0
740	1126.0	0.0
750	2026.5	0.0
760	1310.3333333333333	0.0
770	1071.0	0.0
780	1215.5	0.0
790	1648.0	0.0
800	1324.3333333333333	0.0
