0	271.0	0.0
10	79.33333333333333	1000.0
20	70.0	0.0
30	70.33333333333333	0.0
40	938.0	0.0
50	70.0	0.0
60	339.0	0.0
70	1675.6666666666667	0.0
80	1818.3333333333333	0.0
90	1985.0	0.0
100	2130.5	0.0
110	2415.3333333333335	0.0
120	2422.5	0.0
130	2607.6666666666665	0.0
140	2423.0	0.0
150	2475.3333333333335	0.0
160	2606.5	0.0
170	2217.6666666666665	0.0
180	2381.0	0.0
190	2297.0	0.0
200	2499.1666666666665	0.0
210	2305.1666666666665	0.0
220	2100.6666666666665	0.0
230	2269.6666666666665	0.0
240	2423.6666666666665	0.0
250	2263.6666666666665	0.0
260	2343.8333333333335	0.0
270	2229.5	0.0
280	2232.6666666666665	0.0
290	2519.8333333333335	0.0
300	2439.6666666666665	0.0
310	1422.1666666666667	0.0
320	1797.5	0.0
330	1426.0	0.0
340	1512.6666666666667	0.0
350	1663.0	0.0
360	1800.3333333333333	0.0
370	2047.3333333333333	0.0
380	1886.0	0.0
390	2270.1666666666665	0.0
400	2184.0	0.0
410	1695.0	0.0
420	1572.5	0.0
430	1690.5	0.0
440	2455.3333333333335	0.0
450	2436.1666666666665	0.0
460	2431.6666666666665	0.0
470	1589.3333333333333	0.0
480	1958.3333333333333	0.0
490	1735.1666666666667	0.0
500	1979.6666666666667	0.0
510	1917.3333333333333	0.0
520	2222.5	0.0
530	2500.0	0.0
540	1939.3333333333333	0.0
550	1663.1666666666667	0.0
560	2254.6666666666665	0.0
570	2280.3333333333335	0.0
580	1863.6666666666667	0.0
590	1388.0	0.0
600	2161.3333333333335	0.0
610	1988.5	0.0
620	2349.6666666666665	0.0
630	2461.0	0.0
640	2672.6666666666665	0.0
650	2262.6666666666665	0.0
660	2436.8333333333335	0.0
670	2304.8333333333335	0.0
680	2297.8333333333335	0.0
690	2655.1666666666665	0.0
700	2489.6666666666665	0.0
710	2502.1666666666665	0.0
720	2246.6666666666665	0.0
730	2479.8333333333335	0.0
740	2344.1666666666665	0.0
750	2019.5	0.0
760	2007.3333333333333	0.0
770	2323.0	0.0
780	2267.0	0.0
790	2122.0	0.0
800	1856.6666666666667	0.0
810	1774.6666666666667	0.0
820	2027.3333333333333	0.0
830	2067.0	0.0
840	2168.3333333333335	0.0
850	2212.1666666666665	0.0
860	2129.1666666666665	0.0
870	2115.0	0.0
880	1871.3333333333333	0.0
890	2633.3333333333335	0.0
900	2344.3333333333335	0.0
910	2584.3333333333335	0.0
920	2463.0	0.0
930	2455.6666666666665	0.0
940	2306.6666666666665	0.0
950	2605.6666666666665	0.0
960	2258.6666666666665	0.0
970	2030.6666666666667	0.0
980	2044.3333333333333	0.0
990	2198.5	0.0
1000	2665.5	0.0
