0	264.3333333333333	0.0
10	70.0	0.0
20	70.0	0.0
30	70.0	0.0
40	70.0	0.0
50	70.0	0.0
60	70.0	0.0
70	70.0	0.0
80	70.33333333333333	0.0
90	71.0	0.0
100	73.0	0.0
110	165.66666666666666	0.0
120	74.66666666666667	0.0
130	323.6666666666667	0.0
140	343.3333333333333	0.0
150	571.0	0.0
160	237.66666666666666	0.0
170	148.0	0.0
180	226.0	0.0
190	142.66666666666666	0.0
200	307.6666666666667	0.0
210	290.0	0.0
220	139.66666666666666	0.0
230	280.0	0.0
240	246.33333333333334	0.0
250	299.0	0.0
260	262.0	0.0
270	322.3333333333333	0.0
280	312.3333333333333	0.0
290	267.6666666666667	0.0
300	376.6666666666667	0.0
310	498.0	0.0
320	422.0	0.0
330	784.6666666666666	0.0
340	592.0	0.0
350	924.3333333333334	0.0
360	1324.0	0.0
370	1901.3333333333333	0.0
380	2567.6666666666665	0.0
390	2609.3333333333335	0.0
400	2265.0	0.0
410	2417.6666666666665	0.0
420	2548.8333333333335	0.0
430	2502.6666666666665	0.0
440	2363.8333333333335	0.0
450	2453.6666666666665	0.0
460	2402.0	0.0
470	2380.0	0.0
480	2646.5	0.0
490	2371.1666666666665	0.0
500	2484.0	0.0
510	2270.6666666666665	0.0
520	2465.5	0.0
530	2214.3333333333335	0.0
540	2317.6666666666665	0.0
550	1946.3333333333333	0.0
560	2489.8333333333335	0.0
570	1513.3333333333333	0.0
580	1756.3333333333333	0.0
590	2487.3333333333335	0.0
600	2361.0	0.0
