0	249.33333333333334	0.0
10	70.0	0.0
20	70.0	0.0
30	70.0	0.0
40	70.0	0.0
50	70.0	0.0
60	70.0	0.0
70	70.0	0.0
80	71.66666666666667	0.0
90	71.33333333333333	0.0
100	74.66666666666667	0.0
110	75.33333333333333	0.0
120	85.33333333333333	0.0
130	143.0	0.0
140	219.33333333333334	0.0
150	285.0	0.0
160	273.0	0.0
170	297.0	0.0
180	310.0	0.0
190	349.6666666666667	0.0
200	119.33333333333333	0.0
210	295.6666666666667	0.0
220	403.3333333333333	0.0
230	417.0	0.0
240	366.6666666666667	0.0
250	312.3333333333333	0.0
260	429.6666666666667	0.0
270	413.0	0.0
280	352.0	0.0
290	367.6666666666667	0.0
300	709.6666666666666	0.0
310	597.0	0.0
320	753.6666666666666	0.0
330	497.0	0.0
340	921.3333333333334	0.0
350	872.3333333333334	0.0
360	1634.0	0.0
370	1542.3333333333333	0.0
380	2077.1666666666665	0.0
390	1155.3333333333333	0.0
400	2167.3333333333335	0.0
410	2531.3333333333335	0.0
420	1928.8333333333333	0.0
430	2387.0	0.0
440	2342.6666666666665	0.0
450	2867.8333333333335	0.0
460	2091.1666666666665	0.0
470	2438.0	0.0
480	2294.8333333333335	0.0
490	2358.0	0.0
500	2720.6666666666665	0.0
510	2035.5	0.0
520	2137.5	0.0
530	2106.0	0.0
540	2426.1666666666665	0.0
550	2292.6666666666665	0.0
560	2384.3333333333335	0.0
570	1861.3333333333333	0.0
580	1898.5	0.0
590	2593.6666666666665	0.0
600	1598.0	0.0
