0	274.6666666666667	0.0
10	140.66666666666666	580.0
20	102.0	420.0
30	80.0	0.0
40	202.33333333333334	0.0
50	1564.0	0.0
60	1920.6666666666667	0.0
70	1916.3333333333333	0.0
80	1925.0	0.0
90	2319.6666666666665	0.0
100	2183.8333333333335	0.0
110	2449.1666666666665	0.0
120	2252.3333333333335	0.0
130	2305.0	0.0
140	2054.6666666666665	0.0
150	2406.5	0.0
160	2315.3333333333335	0.0
170	2420.3333333333335	0.0
180	1644.5	0.0
190	2349.0	0.0
200	2397.0	0.0
210	2377.6666666666665	0.0
220	2299.0	0.0
230	2344.6666666666665	0.0
240	2329.6666666666665	0.0
250	2400.6666666666665	0.0
260	2433.5	0.0
270	2400.5	0.0
280	2530.5	0.0
290	2174.0	0.0
300	2194.6666666666665	0.0
310	2661.6666666666665	0.0
320	2023.3333333333333	0.0
330	1999.6666666666667	0.0
340	1955.3333333333333	0.0
350	2193.6666666666665	0.0
360	2165.5	0.0
370	1941.1666666666667	0.0
380	2192.3333333333335	0.0
390	1932.1666666666667	0.0
400	1446.3333333333333	0.0
410	2288.0	0.0
420	2539.1666666666665	0.0
430	2469.0	0.0
440	1899.0	0.0
450	1775.1666666666667	0.0
460	2056.5	0.0
470	1658.6666666666667	0.0
480	2047.0	0.0
490	1659.3333333333333	0.0
500	1937.5	0.0
510	2222.5	0.0
520	1996.6666666666667	0.0
530	2219.6666666666665	0.0
540	2021.6666666666667	0.0
550	1874.8333333333333	0.0
560	2720.3333333333335	0.0
570	2269.0	0.0
580	2446.0	0.0
590	2346.0	0.0
600	2374.3333333333335	0.0
