0	251.66666666666666	0.0
10	141.0	405.0
20	487.0	82.0
30	141.33333333333334	400.0
40	1435.3333333333333	113.0
50	1746.6666666666667	0.0
60	2107.6666666666665	0.0
70	2212.0	0.0
80	2345.3333333333335	0.0
90	2346.3333333333335	0.0
100	2388.8333333333335	0.0
110	2183.1666666666665	0.0
120	2138.6666666666665	0.0
130	2310.0	0.0
140	2178.3333333333335	0.0
150	2345.3333333333335	0.0
160	2229.3333333333335	0.0
170	2270.6666666666665	0.0
180	2118.0	0.0
190	2204.3333333333335	0.0
200	2297.0	0.0
210	2231.3333333333335	0.0
220	2374.6666666666665	0.0
230	2490.1666666666665	0.0
240	2467.5	0.0
250	2354.3333333333335	0.0
260	1634.0	0.0
270	1785.6666666666667	0.0
280	1573.6666666666667	0.0
290	2045.5	0.0
300	1919.5	0.0
310	1879.3333333333333	0.0
320	2084.3333333333335	0.0
330	2208.0	0.0
340	2203.1666666666665	0.0
350	1840.5	0.0
360	1973.6666666666667	0.0
370	2238.0	0.0
380	2036.8333333333333	0.0
390	2048.6666666666665	0.0
400	2164.3333333333335	0.0
410	2145.3333333333335	0.0
420	1863.6666666666667	0.0
430	2144.6666666666665	0.0
440	1765.6666666666667	0.0
450	1593.3333333333333	0.0
460	1487.3333333333333	0.0
470	1211.0	0.0
480	1674.3333333333333	0.0
490	1459.3333333333333	0.0
500	1348.3333333333333	0.0
510	1197.1666666666667	0.0
520	1866.0	0.0
530	1621.0	0.0
540	2063.5	0.0
550	1713.0	0.0
560	1949.6666666666667	0.0
570	1989.8333333333333	0.0
580	2031.0	0.0
590	2088.8333333333335	0.0
600	1943.3333333333333	0.0
