0	241.33333333333334	0.0
10	141.33333333333334	225.0
20	500.0	301.0
30	102.66666666666667	228.0
40	263.3333333333333	183.0
50	1647.3333333333333	63.0
60	1757.0	0.0
70	2052.0	0.0
80	2127.0	0.0
90	2048.3333333333335	0.0
100	2314.5	0.0
110	2415.8333333333335	0.0
120	2436.6666666666665	0.0
130	2283.0	0.0
140	2455.0	0.0
150	2122.6666666666665	0.0
160	2299.3333333333335	0.0
170	2237.6666666666665	0.0
180	2196.0	0.0
190	2393.3333333333335	0.0
200	1148.1666666666667	0.0
210	1625.0	0.0
220	1497.6666666666667	0.0
230	1666.6666666666667	0.0
240	1698.3333333333333	0.0
250	1478.3333333333333	0.0
260	1874.0	0.0
270	2091.1666666666665	0.0
280	1890.8333333333333	0.0
290	1866.6666666666667	0.0
300	1418.6666666666667	0.0
310	1518.6666666666667	0.0
320	1329.0	0.0
330	2292.0	0.0
340	2555.3333333333335	0.0
350	1927.0	0.0
360	2347.6666666666665	0.0
370	2453.0	0.0
380	2433.6666666666665	0.0
390	2520.3333333333335	0.0
400	2146.3333333333335	0.0
410	2370.6666666666665	0.0
420	2329.6666666666665	0.0
430	2497.8333333333335	0.0
440	2071.6666666666665	0.0
450	2456.3333333333335	0.0
460	2383.6666666666665	0.0
470	2597.5	0.0
480	2322.3333333333335	0.0
490	2468.5	0.0
500	1956.8333333333333	0.0
510	2782.0	0.0
520	2592.0	0.0
530	1941.6666666666667	0.0
540	1834.3333333333333	0.0
550	1888.5	0.0
560	2197.1666666666665	0.0
570	1921.3333333333333	0.0
580	2174.5	0.0
590	2447.6666666666665	0.0
600	1790.6666666666667	0.0
