0	262.6666666666667	0.0
10	140.0	195.0
20	141.0	159.0
30	273.6666666666667	176.0
40	1471.6666666666667	205.0
50	1564.0	124.0
60	1837.0	81.0
70	1895.0	60.0
80	2298.6666666666665	0.0
90	2300.3333333333335	0.0
100	2317.1666666666665	0.0
110	2110.1666666666665	0.0
120	2434.6666666666665	0.0
130	2232.5	0.0
140	2476.1666666666665	0.0
150	2393.3333333333335	0.0
160	2359.6666666666665	0.0
170	2305.1666666666665	0.0
180	2392.6666666666665	0.0
190	1928.0	0.0
200	2340.6666666666665	0.0
210	2586.1666666666665	0.0
220	2425.8333333333335	0.0
230	2257.0	0.0
240	2330.8333333333335	0.0
250	2403.3333333333335	0.0
260	2488.6666666666665	0.0
270	2088.6666666666665	0.0
280	2449.6666666666665	0.0
290	2155.6666666666665	0.0
300	1951.0	0.0
310	2524.8333333333335	0.0
320	2510.3333333333335	0.0
330	1946.5	0.0
340	2555.0	0.0
350	2496.0	0.0
360	2558.3333333333335	0.0
370	2430.6666666666665	0.0
380	2251.3333333333335	0.0
390	2510.8333333333335	0.0
400	2534.0	0.0
410	1745.3333333333333	0.0
420	2068.3333333333335	0.0
430	1982.6666666666667	0.0
440	1881.6666666666667	0.0
450	2750.8333333333335	0.0
460	1941.3333333333333	0.0
470	1963.0	0.0
480	2009.3333333333333	0.0
490	2118.6666666666665	0.0
500	2094.3333333333335	0.0
510	1832.3333333333333	0.0
520	1997.1666666666667	0.0
530	1568.5	0.0
540	1949.3333333333333	0.0
550	1711.0	0.0
560	1850.0	0.0
570	1425.6666666666667	0.0
580	1624.6666666666667	0.0
590	1418.3333333333333	0.0
600	1204.3333333333333	0.0
