0	218.0	0.0
10	143.33333333333334	304.0
20	140.66666666666666	148.0
30	140.66666666666666	230.0
40	204.33333333333334	114.0
50	160.33333333333334	85.0
60	1652.6666666666667	119.0
70	2076.6666666666665	0.0
80	2290.6666666666665	0.0
90	2047.5	0.0
100	2174.6666666666665	0.0
110	2230.8333333333335	0.0
120	2468.5	0.0
130	2271.3333333333335	0.0
140	2599.3333333333335	0.0
150	2223.6666666666665	0.0
160	2507.1666666666665	0.0
170	2432.1666666666665	0.0
180	2232.0	0.0
190	2235.0	0.0
200	2491.6666666666665	0.0
210	2508.6666666666665	0.0
220	1347.3333333333333	0.0
230	2305.3333333333335	0.0
240	1860.0	0.0
250	2177.0	0.0
260	2267.1666666666665	0.0
270	2547.5	0.0
280	2682.0	0.0
290	2234.6666666666665	0.0
300	2459.1666666666665	0.0
310	2588.8333333333335	0.0
320	2371.1666666666665	0.0
330	2188.5	0.0
340	2388.3333333333335	0.0
350	2364.0	0.0
360	2395.0	0.0
370	2480.3333333333335	0.0
380	2414.1666666666665	0.0
390	2148.8333333333335	0.0
400	2586.6666666666665	0.0
410	2380.3333333333335	0.0
420	2562.6666666666665	0.0
430	2390.3333333333335	0.0
440	2094.3333333333335	0.0
450	2077.3333333333335	0.0
460	1838.6666666666667	0.0
470	2194.0	0.0
480	2439.6666666666665	0.0
490	2393.5	0.0
500	2325.3333333333335	0.0
510	2178.6666666666665	0.0
520	2011.3333333333333	0.0
530	2061.3333333333335	0.0
540	2216.3333333333335	0.0
550	1866.1666666666667	0.0
560	2096.3333333333335	0.0
570	1997.8333333333333	0.0
580	2711.0	0.0
590	2508.5	0.0
600	2426.8333333333335	0.0
