0	230.66666666666666	0.0
10	70.0	1000.0
20	70.0	0.0
30	70.0	0.0
40	75.0	0.0
50	92.33333333333333	0.0
60	71.33333333333333	0.0
70	144.33333333333334	0.0
80	441.0	0.0
90	150.0	0.0
100	433.3333333333333	0.0
110	331.3333333333333	0.0
120	637.3333333333334	0.0
130	1106.3333333333333	0.0
140	1497.3333333333333	0.0
150	1523.6666666666667	0.0
160	1212.6666666666667	0.0
170	1684.0	0.0
180	1180.6666666666667	0.0
190	2078.3333333333335	0.0
200	2342.5	0.0
210	2374.6666666666665	0.0
220	2291.1666666666665	0.0
230	2304.0	0.0
240	2364.3333333333335	0.0
250	2275.6666666666665	0.0
260	2151.3333333333335	0.0
270	2365.1666666666665	0.0
280	2341.5	0.0
290	2452.3333333333335	0.0
300	2496.0	0.0
310	2359.5	0.0
320	2400.6666666666665	0.0
330	2412.3333333333335	0.0
340	2363.6666666666665	0.0
350	2554.1666666666665	0.0
360	2313.3333333333335	0.0
370	1971.0	0.0
380	1431.0	0.0
390	1902.3333333333333	0.0
400	1951.8333333333333	0.0
410	1964.6666666666667	0.0
420	2090.0	0.0
430	1846.0	0.0
440	1852.6666666666667	0.0
450	1877.1666666666667	0.0
460	2401.6666666666665	0.0
470	2649.0	0.0
480	2486.0	0.0
490	2139.3333333333335	0.0
500	2231.6666666666665	0.0
510	1763.3333333333333	0.0
520	1777.0	0.0
530	1704.0	0.0
540	1849.3333333333333	0.0
550	1655.0	0.0
560	2448.0	0.0
570	2320.0	0.0
580	2066.3333333333335	0.0
590	2064.6666666666665	0.0
600	2337.0	0.0
