0	251.66666666666666	0.0
10	70.0	1000.0
20	70.0	0.0
30	70.0	0.0
40	71.0	0.0
50	80.66666666666667	0.0
60	741.6666666666666	0.0
70	241.66666666666666	0.0
80	70.33333333333333	0.0
90	192.66666666666666	0.0
100	281.6666666666667	0.0
110	2093.6666666666665	0.0
120	1866.1666666666667	0.0
130	1796.3333333333333	0.0
140	1960.6666666666667	0.0
150	2218.1666666666665	0.0
160	2324.3333333333335	0.0
170	2250.8333333333335	0.0
180	2491.0	0.0
190	2474.6666666666665	0.0
200	2256.6666666666665	0.0
210	2483.8333333333335	0.0
220	2382.0	0.0
230	2417.3333333333335	0.0
240	2711.5	0.0
250	2184.0	0.0
260	2365.0	0.0
270	2400.3333333333335	0.0
280	2181.6666666666665	0.0
290	2330.5	0.0
300	2395.8333333333335	0.0
310	1887.8333333333333	0.0
320	1472.0	0.0
330	1779.3333333333333	0.0
340	1891.0	0.0
350	1728.0	0.0
360	2006.8333333333333	0.0
370	1705.3333333333333	0.0
380	1514.3333333333333	0.0
390	2043.5	0.0
400	1979.5	0.0
410	2195.0	0.0
420	2073.3333333333335	0.0
430	1971.6666666666667	0.0
440	1674.0	0.0
450	1370.6666666666667	0.0
460	1552.3333333333333	0.0
470	1530.3333333333333	0.0
480	2139.6666666666665	0.0
490	1961.3333333333333	0.0
500	2315.6666666666665	0.0
510	1984.1666666666667	0.0
520	2362.3333333333335	0.0
530	2185.3333333333335	0.0
540	2091.5	0.0
550	2336.0	0.0
560	2257.3333333333335	0.0
570	1663.3333333333333	0.0
580	2534.6666666666665	0.0
590	1714.0	0.0
600	2408.6666666666665	0.0
