0	258.6666666666667	0.0
10	143.33333333333334	1000.0
20	157.33333333333334	0.0
30	105.66666666666667	0.0
40	137.0	0.0
50	74.66666666666667	0.0
60	119.33333333333333	0.0
70	295.0	0.0
80	1193.6666666666667	0.0
90	987.6666666666666	0.0
100	1979.3333333333333	0.0
110	2229.3333333333335	0.0
120	2239.6666666666665	0.0
130	2067.0	0.0
140	2424.0	0.0
150	2051.6666666666665	0.0
160	2323.0	0.0
170	2307.6666666666665	0.0
180	2055.0	0.0
190	2532.6666666666665	0.0
200	2328.8333333333335	0.0
210	2051.3333333333335	0.0
220	2660.1666666666665	0.0
230	2420.6666666666665	0.0
240	2444.6666666666665	0.0
250	2527.6666666666665	0.0
260	2274.5	0.0
270	2308.3333333333335	0.0
280	2218.0	0.0
290	2314.0	0.0
300	2154.0	0.0
310	2505.3333333333335	0.0
320	2426.3333333333335	0.0
330	2601.6666666666665	0.0
340	2255.6666666666665	0.0
350	2318.6666666666665	0.0
360	1880.3333333333333	0.0
370	974.0	0.0
380	1650.0	0.0
390	1791.8333333333333	0.0
400	1916.0	0.0
410	1839.0	0.0
420	2013.5	0.0
430	2183.6666666666665	0.0
440	1679.0	0.0
450	1926.1666666666667	0.0
460	1872.8333333333333	0.0
470	2093.6666666666665	0.0
480	1961.8333333333333	0.0
490	1454.3333333333333	0.0
500	1357.6666666666667	0.0
510	1654.0	0.0
520	1980.0	0.0
530	2012.3333333333333	0.0
540	2234.0	0.0
550	2007.3333333333333	0.0
560	2334.5	0.0
570	1813.6666666666667	0.0
580	1688.1666666666667	0.0
590	1468.1666666666667	0.0
600	1208.1666666666667	0.0
