0	241.33333333333334	0.0
10	70.0	1000.0
20	70.0	0.0
30	70.0	0.0
40	70.0	0.0
50	70.0	0.0
60	70.0	0.0
70	70.0	0.0
80	70.0	0.0
90	70.0	0.0
100	70.0	0.0
110	70.0	0.0
120	70.0	0.0
130	70.0	0.0
140	70.0	0.0
150	70.66666666666667	0.0
160	70.33333333333333	0.0
170	70.66666666666667	0.0
180	70.66666666666667	0.0
190	77.0	0.0
200	90.66666666666667	0.0
210	76.66666666666667	0.0
220	146.33333333333334	0.0
230	375.3333333333333	0.0
240	96.0	0.0
250	181.66666666666666	0.0
260	466.6666666666667	0.0
270	234.33333333333334	0.0
280	152.66666666666666	0.0
290	187.0	0.0
300	164.33333333333334	0.0
310	282.3333333333333	0.0
320	277.6666666666667	0.0
330	281.6666666666667	0.0
340	422.6666666666667	0.0
350	443.6666666666667	0.0
360	773.3333333333334	0.0
370	919.0	0.0
380	1298.3333333333333	0.0
390	1297.0	0.0
400	1233.0	0.0
410	1226.3333333333333	0.0
420	1694.3333333333333	0.0
430	1579.0	0.0
440	1756.3333333333333	0.0
450	1581.6666666666667	0.0
460	1613.3333333333333	0.0
470	2074.6666666666665	0.0
480	1779.0	0.0
490	1842.3333333333333	0.0
500	1974.3333333333333	0.0
510	2399.1666666666665	0.0
520	2235.3333333333335	0.0
530	2378.6666666666665	0.0
540	2325.6666666666665	0.0
550	2223.0	0.0
560	1894.6666666666667	0.0
570	2238.3333333333335	0.0
580	2082.8333333333335	0.0
590	2466.1666666666665	0.0
600	2512.8333333333335	0.0
610	2531.6666666666665	0.0
620	2489.1666666666665	0.0
630	2271.6666666666665	0.0
640	2507.6666666666665	0.0
650	2523.0	0.0
660	2571.5	0.0
670	2414.1666666666665	0.0
680	2482.0	0.0
690	2489.6666666666665	0.0
700	2530.1666666666665	0.0
710	2515.8333333333335	0.0
720	2388.3333333333335	0.0
730	2568.1666666666665	0.0
740	2738.3333333333335	0.0
750	2472.3333333333335	0.0
760	2395.3333333333335	0.0
770	2489.6666666666665	0.0
780	2522.5	0.0
790	2371.8333333333335	0.0
800	2459.3333333333335	0.0
810	2683.6666666666665	0.0
820	2527.6666666666665	0.0
830	2715.0	0.0
840	2584.3333333333335	0.0
850	2405.0	0.0
860	2585.1666666666665	0.0
870	2548.3333333333335	0.0
880	2683.0	0.0
890	2581.6666666666665	0.0
900	2506.3333333333335	0.0
910	2644.6666666666665	0.0
920	2503.5	0.0
930	2210.5	0.0
940	2147.1666666666665	0.0
950	2469.3333333333335	0.0
960	2510.0	0.0
970	2663.8333333333335	0.0
980	2582.1666666666665	0.0
990	2325.5	0.0
1000	2461.1666666666665	0.0
