0	293.3333333333333	0.0
10	122.33333333333333	1000.0
20	115.66666666666667	0.0
30	118.66666666666667	0.0
40	119.66666666666667	0.0
50	110.0	0.0
60	100.33333333333333	0.0
70	100.66666666666667	0.0
80	101.33333333333333	0.0
90	100.33333333333333	0.0
100	100.66666666666667	0.0
110	100.0	0.0
120	101.33333333333333	0.0
130	117.33333333333333	0.0
140	110.66666666666667	0.0
150	133.66666666666666	0.0
160	131.0	0.0
170	131.33333333333334	0.0
180	130.66666666666666	0.0
190	440.0	0.0
200	249.66666666666666	0.0
210	164.66666666666666	0.0
220	131.0	0.0
230	131.0	0.0
240	178.33333333333334	0.0
250	506.6666666666667	0.0
260	241.66666666666666	0.0
270	308.0	0.0
280	584.0	0.0
290	755.0	0.0
300	772.0	0.0
310	897.0	0.0
320	1288.0	0.0
330	1296.3333333333333	0.0
340	1375.3333333333333	0.0
350	2154.3333333333335	0.0
360	2075.3333333333335	0.0
370	1889.3333333333333	0.0
380	1840.0	0.0
390	2034.0	0.0
400	1868.0	0.0
410	2177.3333333333335	0.0
420	2031.0	0.0
430	2122.6666666666665	0.0
440	2139.0	0.0
450	2179.1666666666665	0.0
460	2315.3333333333335	0.0
470	2335.6666666666665	0.0
480	2159.5	0.0
490	2156.6666666666665	0.0
500	2456.3333333333335	0.0
510	2377.1666666666665	0.0
520	2410.0	0.0
530	2439.8333333333335	0.0
540	2577.0	0.0
550	2306.6666666666665	0.0
560	2580.1666666666665	0.0
570	2373.5	0.0
580	2561.3333333333335	0.0
590	2651.3333333333335	0.0
600	2598.6666666666665	0.0
610	2659.6666666666665	0.0
620	2641.5	0.0
630	2458.6666666666665	0.0
640	2568.8333333333335	0.0
650	2436.5	0.0
660	2774.0	0.0
670	2694.0	0.0
680	2600.6666666666665	0.0
690	2517.3333333333335	0.0
700	2644.6666666666665	0.0
710	2502.5	0.0
720	2571.6666666666665	0.0
730	2595.8333333333335	0.0
740	2452.3333333333335	0.0
750	2735.6666666666665	0.0
760	2497.6666666666665	0.0
770	2345.0	0.0
780	2483.6666666666665	0.0
790	2526.3333333333335	0.0
800	2691.6666666666665	0.0
810	2524.0	0.0
820	2232.5	0.0
830	2354.6666666666665	0.0
840	2342.0	0.0
850	2528.5	0.0
860	2445.3333333333335	0.0
870	2150.6666666666665	0.0
880	2530.3333333333335	0.0
890	2883.5	0.0
900	1784.1666666666667	0.0
910	2459.6666666666665	0.0
920	2476.0	0.0
930	2673.5	0.0
940	2658.3333333333335	0.0
950	2493.1666666666665	0.0
960	2435.5	0.0
970	2567.8333333333335	0.0
980	2418.6666666666665	0.0
990	2737.0	0.0
1000	2350.1666666666665	0.0
