0	271.0	0.0
10	70.0	0.0
20	70.0	0.0
30	70.0	0.0
40	70.0	0.0
50	70.0	0.0
60	70.0	0.0
70	70.0	0.0
80	70.0	0.0
90	70.0	0.0
100	70.0	0.0
110	70.0	0.0
120	70.0	0.0
130	70.0	0.0
140	70.0	0.0
150	70.0	0.0
160	70.0	0.0
170	70.0	0.0
180	70.0	0.0
190	70.33333333333333	0.0
200	70.33333333333333	0.0
210	71.33333333333333	0.0
220	71.33333333333333	0.0
230	87.33333333333333	0.0
240	182.0	0.0
250	337.3333333333333	0.0
260	288.0	0.0
270	189.66666666666666	0.0
280	180.33333333333334	0.0
290	154.66666666666666	0.0
300	146.33333333333334	0.0
310	138.0	0.0
320	130.0	0.0
330	138.0	0.0
340	170.0	0.0
350	162.0	0.0
360	159.33333333333334	0.0
370	678.0	0.0
380	751.3333333333334	0.0
390	497.3333333333333	0.0
400	781.0	0.0
410	785.3333333333334	0.0
420	1007.3333333333334	0.0
430	1824.0	0.0
440	1130.3333333333333	0.0
450	1047.6666666666667	0.0
460	1494.0	0.0
470	1848.3333333333333	0.0
480	2052.6666666666665	0.0
490	2203.0	0.0
500	2190.3333333333335	0.0
510	1763.6666666666667	0.0
520	2235.0	0.0
530	2249.3333333333335	0.0
540	2116.3333333333335	0.0
550	1785.6666666666667	0.0
560	2052.0	0.0
570	2182.6666666666665	0.0
580	2423.1666666666665	0.0
590	2197.6666666666665	0.0
600	2421.1666666666665	0.0
610	2216.8333333333335	0.0
620	2369.6666666666665	0.0
630	2530.6666666666665	0.0
640	2509.6666666666665	0.0
650	2371.5	0.0
660	2481.0	0.0
670	2701.0	0.0
680	2484.3333333333335	0.0
690	2720.0	0.0
700	2731.6666666666665	0.0
710	2695.3333333333335	0.0
720	2557.5	0.0
730	2429.0	0.0
740	2584.0	0.0
750	2377.0	0.0
760	2396.6666666666665	0.0
770	2508.6666666666665	0.0
780	2524.8333333333335	0.0
790	2642.8333333333335	0.0
800	2525.6666666666665	0.0
810	2474.5	0.0
820	2599.1666666666665	0.0
830	2802.3333333333335	0.0
840	2462.6666666666665	0.0
850	2506.8333333333335	0.0
860	2542.6666666666665	0.0
870	2660.8333333333335	0.0
880	2604.3333333333335	0.0
890	2643.6666666666665	0.0
900	2530.5	0.0
910	2411.3333333333335	0.0
920	2610.0	0.0
930	2564.8333333333335	0.0
940	2391.6666666666665	0.0
950	2242.0	0.0
960	2516.0	0.0
970	2722.1666666666665	0.0
980	2482.6666666666665	0.0
990	1976.3333333333333	0.0
1000	2358.0	0.0
