0	268.3333333333333	0.0
10	70.0	0.0
20	70.0	0.0
30	70.0	0.0
40	70.0	0.0
50	70.0	0.0
60	70.0	0.0
70	70.0	0.0
80	70.0	0.0
90	70.0	0.0
100	70.0	0.0
110	70.0	0.0
120	70.0	0.0
130	70.0	0.0
140	70.0	0.0
150	70.0	0.0
160	70.0	0.0
170	70.66666666666667	0.0
180	70.0	0.0
190	71.0	0.0
200	70.33333333333333	0.0
210	73.66666666666667	0.0
220	79.0	0.0
230	70.0	0.0
240	72.33333333333333	0.0
250	107.0	0.0
260	165.33333333333334	0.0
270	226.66666666666666	0.0
280	263.6666666666667	0.0
290	199.66666666666666	0.0
300	212.33333333333334	0.0
310	136.33333333333334	0.0
320	164.0	0.0
330	139.66666666666666	0.0
340	162.66666666666666	0.0
350	138.33333333333334	0.0
360	146.66666666666666	0.0
370	146.0	0.0
380	299.0	0.0
390	209.66666666666666	0.0
400	194.33333333333334	0.0
410	223.66666666666666	0.0
420	221.0	0.0
430	235.33333333333334	0.0
440	275.6666666666667	0.0
450	244.66666666666666	0.0
460	169.33333333333334	0.0
470	211.66666666666666	0.0
480	270.6666666666667	0.0
490	259.0	0.0
500	252.0	0.0
510	336.0	0.0
520	404.3333333333333	0.0
530	383.0	0.0
540	350.6666666666667	0.0
550	309.0	0.0
560	471.6666666666667	0.0
570	540.0	0.0
580	288.3333333333333	0.0
590	374.3333333333333	0.0
600	440.3333333333333	0.0
610	499.6666666666667	0.0
620	490.3333333333333	0.0
630	488.6666666666667	0.0
640	521.6666666666666	0.0
650	707.3333333333334	0.0
660	775.6666666666666	0.0
670	682.3333333333334	0.0
680	544.5	0.0
690	714.6666666666666	0.0
700	816.3333333333334	0.0
710	1377.3333333333333	0.0
720	1683.6666666666667	0.0
730	1003.6666666666666	0.0
740	915.1666666666666	0.0
750	1218.0	0.0
760	1049.6666666666667	0.0
770	843.6666666666666	0.0
780	864.3333333333334	0.0
790	1481.5	0.0
800	2485.6666666666665	0.0
810	2058.3333333333335	0.0
820	1873.5	0.0
830	2217.1666666666665	0.0
840	2181.0	0.0
850	2156.6666666666665	0.0
860	2442.5	0.0
870	2531.3333333333335	0.0
880	2625.3333333333335	0.0
890	2266.8333333333335	0.0
900	2241.3333333333335	0.0
910	2701.8333333333335	0.0
920	2400.5	0.0
930	2630.5	0.0
940	1503.3333333333333	0.0
950	1556.6666666666667	0.0
960	2258.3333333333335	0.0
970	2039.6666666666667	0.0
980	2746.3333333333335	0.0
990	2112.6666666666665	0.0
1000	2324.3333333333335	0.0
