0	250.0	0.0
10	70.0	0.0
20	70.0	0.0
30	70.0	0.0
40	70.0	0.0
50	70.0	0.0
60	70.0	0.0
70	70.0	0.0
80	70.0	0.0
90	89.33333333333333	0.0
100	75.66666666666667	0.0
110	103.66666666666667	4.0
120	193.0	0.0
130	376.3333333333333	0.0
140	376.0	0.0
150	287.6666666666667	27.0
160	450.0	0.0
170	152.0	13.0
180	120.66666666666667	0.0
190	144.66666666666666	0.0
200	430.3333333333333	0.0
210	280.3333333333333	0.0
220	330.3333333333333	30.0
230	268.6666666666667	21.0
240	240.66666666666666	0.0
250	433.6666666666667	0.0
260	598.6666666666666	0.0
270	648.0	2.0
280	506.6666666666667	14.0
290	664.3333333333334	76.0
300	1097.8333333333333	40.0
310	1482.8333333333333	10.0
320	2253.6666666666665	58.0
330	603.0	117.0
340	2057.1666666666665	92.0
350	2714.5	79.0
360	2039.0	128.0
370	2475.5	284.0
380	2457.6666666666665	5.0
390	2428.0	0.0
400	2303.6666666666665	0.0
410	1695.6666666666667	0.0
420	2446.0	0.0
430	2271.1666666666665	0.0
440	2305.0	0.0
450	2392.6666666666665	0.0
460	2308.3333333333335	0.0
470	2247.0	0.0
480	2314.3333333333335	0.0
490	1898.3333333333333	0.0
500	1629.3333333333333	0.0
510	2410.5	0.0
520	2240.8333333333335	0.0
530	2265.0	0.0
540	2465.3333333333335	0.0
550	2278.3333333333335	0.0
560	2565.0	0.0
570	2403.6666666666665	0.0
580	2451.0	0.0
590	2382.0	0.0
600	2321.8333333333335	0.0
610	2360.8333333333335	0.0
620	2366.0	0.0
630	2125.3333333333335	0.0
640	1667.6666666666667	0.0
650	2441.6666666666665	0.0
660	1911.3333333333333	0.0
670	1485.0	0.0
680	2111.0	0.0
690	1808.6666666666667	0.0
700	2461.5	0.0
710	1718.3333333333333	0.0
720	2009.8333333333333	0.0
730	2011.3333333333333	0.0
740	2416.0	0.0
750	1353.0	0.0
760	1915.3333333333333	0.0
770	2079.6666666666665	0.0
780	1922.3333333333333	0.0
790	1823.8333333333333	0.0
800	1782.0	0.0
810	2441.3333333333335	0.0
820	2232.3333333333335	0.0
830	2396.8333333333335	0.0
840	2205.3333333333335	0.0
850	2405.0	0.0
860	2009.3333333333333	0.0
870	2243.6666666666665	0.0
880	2390.0	0.0
890	2538.3333333333335	0.0
900	2365.0	0.0
910	2656.5	0.0
920	2485.6666666666665	0.0
930	2637.0	0.0
940	2593.6666666666665	0.0
950	2413.6666666666665	0.0
960	2527.6666666666665	0.0
970	2411.6666666666665	0.0
980	2632.3333333333335	0.0
990	2231.3333333333335	0.0
1000	2866.5	0.0
