0	242.0	0.0
10	70.0	0.0
20	70.0	0.0
30	70.0	0.0
40	70.0	0.0
50	70.0	0.0
60	70.0	0.0
70	70.0	0.0
80	70.66666666666667	0.0
90	71.0	0.0
100	91.66666666666667	0.0
110	75.33333333333333	0.0
120	152.33333333333334	0.0
130	167.33333333333334	14.0
140	177.33333333333334	0.0
150	417.6666666666667	0.0
160	323.6666666666667	0.0
170	127.33333333333333	0.0
180	135.33333333333334	0.0
190	325.6666666666667	0.0
200	374.3333333333333	0.0
210	337.6666666666667	0.0
220	307.0	0.0
230	334.6666666666667	0.0
240	391.6666666666667	0.0
250	461.3333333333333	1.0
260	378.3333333333333	0.0
270	436.3333333333333	0.0
280	435.3333333333333	24.0
290	538.6666666666666	28.0
300	949.8333333333334	50.0
310	665.6666666666666	45.0
320	502.3333333333333	16.0
330	1326.0	11.0
340	989.6666666666666	153.0
350	1833.5	15.0
360	1341.0	139.0
370	1520.6666666666667	49.0
380	2278.5	153.0
390	1498.3333333333333	141.0
400	1964.3333333333333	71.0
410	1974.1666666666667	47.0
420	2225.6666666666665	43.0
430	2539.0	0.0
440	2050.0	0.0
450	2502.5	0.0
460	2241.3333333333335	0.0
470	2419.6666666666665	0.0
480	2350.6666666666665	0.0
490	1771.5	0.0
500	2188.1666666666665	0.0
510	1871.3333333333333	0.0
520	2246.8333333333335	0.0
530	2424.5	0.0
540	1874.0	0.0
550	1882.5	0.0
560	1968.6666666666667	0.0
570	2096.0	0.0
580	1935.6666666666667	0.0
590	1833.6666666666667	0.0
600	2277.0	0.0
610	1299.1666666666667	0.0
620	1270.3333333333333	0.0
630	2266.0	0.0
640	1476.0	0.0
650	1552.3333333333333	0.0
660	2216.1666666666665	0.0
670	1680.8333333333333	0.0
680	2179.6666666666665	0.0
690	1669.0	0.0
700	2468.6666666666665	0.0
710	2506.5	0.0
720	2490.6666666666665	0.0
730	2519.8333333333335	0.0
740	1744.8333333333333	0.0
750	2025.6666666666667	0.0
760	2346.0	0.0
770	2512.1666666666665	0.0
780	2365.3333333333335	0.0
790	2630.3333333333335	0.0
800	2555.3333333333335	0.0
810	2554.6666666666665	0.0
820	2327.6666666666665	0.0
830	2267.3333333333335	0.0
840	2644.5	0.0
850	2447.6666666666665	0.0
860	2424.8333333333335	0.0
870	2527.5	0.0
880	2545.5	0.0
890	2505.6666666666665	0.0
900	2376.6666666666665	0.0
910	2601.6666666666665	0.0
920	1636.3333333333333	0.0
930	1935.0	0.0
940	1809.3333333333333	0.0
950	2054.6666666666665	0.0
960	1987.8333333333333	0.0
970	2101.6666666666665	0.0
980	2241.1666666666665	0.0
990	2040.0	0.0
1000	2114.6666666666665	0.0
