0	268.0	0.0
10	70.0	0.0
20	70.0	0.0
30	70.0	0.0
40	70.0	0.0
50	70.0	0.0
60	70.0	0.0
70	70.0	0.0
80	70.0	0.0
90	74.33333333333333	0.0
100	79.33333333333333	0.0
110	141.33333333333334	0.0
120	310.0	0.0
130	80.33333333333333	0.0
140	300.0	0.0
150	164.66666666666666	0.0
160	194.0	0.0
170	304.6666666666667	9.0
180	182.0	0.0
190	193.66666666666666	0.0
200	370.3333333333333	0.0
210	337.3333333333333	0.0
220	315.3333333333333	0.0
230	449.0	0.0
240	344.6666666666667	41.0
250	325.0	14.0
260	340.3333333333333	0.0
270	666.0	0.0
280	453.0	43.0
290	545.3333333333334	0.0
300	433.0	66.0
310	779.0	0.0
320	677.3333333333334	17.0
330	1376.3333333333333	59.0
340	1261.5	56.0
350	1698.6666666666667	38.0
360	758.6666666666666	64.0
370	1769.1666666666667	22.0
380	1648.1666666666667	70.0
390	1711.1666666666667	112.0
400	1886.8333333333333	64.0
410	1535.0	55.0
420	1823.0	157.0
430	1398.3333333333333	92.0
440	2240.1666666666665	100.0
450	2050.0	77.0
460	2020.1666666666667	85.0
470	2094.0	191.0
480	2322.3333333333335	111.0
490	2336.0	196.0
500	2130.5	61.0
510	2138.0	130.0
520	1585.5	145.0
530	2120.5	128.0
540	2137.5	24.0
550	2002.0	96.0
560	2573.0	125.0
570	2661.8333333333335	142.0
580	2515.3333333333335	43.0
590	2553.1666666666665	106.0
600	2570.8333333333335	140.0
