0	218.0	0.0
10	70.0	0.0
20	70.0	0.0
30	70.0	0.0
40	70.0	0.0
50	70.0	0.0
60	70.0	0.0
70	70.0	0.0
80	70.0	0.0
90	70.66666666666667	0.0
100	93.33333333333333	0.0
110	77.33333333333333	0.0
120	74.66666666666667	0.0
130	130.0	0.0
140	210.66666666666666	2.0
150	163.33333333333334	0.0
160	140.0	0.0
170	118.66666666666667	0.0
180	151.66666666666666	0.0
190	279.6666666666667	0.0
200	439.0	0.0
210	278.3333333333333	0.0
220	318.6666666666667	9.0
230	322.6666666666667	5.0
240	364.3333333333333	0.0
250	679.6666666666666	0.0
260	575.6666666666666	0.0
270	506.3333333333333	51.0
280	613.3333333333334	5.0
290	700.6666666666666	9.0
300	781.0	17.0
310	1744.6666666666667	13.0
320	2187.5	176.0
330	1775.3333333333333	102.0
340	1893.6666666666667	74.0
350	1676.0	82.0
360	2376.1666666666665	12.0
370	2287.6666666666665	75.0
380	2241.0	101.0
390	2883.1666666666665	167.0
400	2554.0	120.0
410	2332.6666666666665	163.0
420	2405.5	68.0
430	2566.1666666666665	115.0
440	2692.0	86.0
450	2495.5	118.0
460	1941.3333333333333	96.0
470	2122.5	93.0
480	1929.6666666666667	67.0
490	1838.3333333333333	193.0
500	1770.6666666666667	153.0
510	2112.1666666666665	87.0
520	2283.0	129.0
530	1666.0	34.0
540	2319.5	99.0
550	2104.5	189.0
560	1740.8333333333333	97.0
570	2050.0	206.0
580	2578.5	52.0
590	2375.5	110.0
600	2176.0	147.0
