0	250.0	0.0
10	70.0	0.0
20	70.0	0.0
30	70.0	0.0
40	70.0	0.0
50	70.0	0.0
60	70.0	0.0
70	70.0	0.0
80	70.33333333333333	0.0
90	71.66666666666667	0.0
100	94.33333333333333	0.0
110	86.33333333333333	0.0
120	132.0	0.0
130	132.33333333333334	3.0
140	76.0	0.0
150	250.33333333333334	0.0
160	142.0	0.0
170	99.0	0.0
180	299.6666666666667	0.0
190	150.33333333333334	0.0
200	86.0	0.0
210	144.33333333333334	0.0
220	440.1666666666667	0.0
230	432.0	0.0
240	484.3333333333333	1.0
250	355.6666666666667	0.0
260	312.0	30.0
270	311.3333333333333	43.0
280	344.3333333333333	59.0
290	605.3333333333334	0.0
300	405.3333333333333	3.0
310	713.3333333333334	37.0
320	856.0	12.0
330	1438.3333333333333	4.0
340	1140.6666666666667	80.0
350	1762.6666666666667	107.0
360	2170.6666666666665	37.0
370	2041.6666666666667	72.0
380	2345.3333333333335	18.0
390	2275.1666666666665	148.0
400	2538.0	70.0
410	2486.8333333333335	50.0
420	2442.6666666666665	66.0
430	2663.8333333333335	100.0
440	2462.6666666666665	73.0
450	2220.6666666666665	100.0
460	2410.5	186.0
470	2421.0	56.0
480	2077.3333333333335	120.0
490	2332.6666666666665	86.0
500	2463.3333333333335	69.0
510	1979.0	55.0
520	2209.0	104.0
530	2083.0	257.0
540	1601.6666666666667	92.0
550	2555.0	56.0
560	1894.1666666666667	112.0
570	2007.6666666666667	124.0
580	2400.0	75.0
590	2436.5	41.0
600	1661.0	189.0
