0	224.0	0.0
10	70.0	0.0
20	70.0	0.0
30	70.0	0.0
40	70.0	0.0
50	70.0	0.0
60	70.0	0.0
70	70.0	0.0
80	71.0	0.0
90	73.66666666666667	0.0
100	75.0	0.0
110	196.33333333333334	0.0
120	159.0	0.0
130	201.66666666666666	13.0
140	134.66666666666666	0.0
150	256.6666666666667	0.0
160	155.0	22.0
170	488.3333333333333	0.0
180	317.0	31.0
190	299.0	0.0
200	384.3333333333333	13.0
210	442.3333333333333	0.0
220	322.6666666666667	0.0
230	418.3333333333333	9.0
240	354.6666666666667	0.0
250	529.0	0.0
260	356.6666666666667	0.0
270	457.3333333333333	0.0
280	593.6666666666666	19.0
290	428.3333333333333	22.0
300	559.3333333333334	0.0
310	877.3333333333334	12.0
320	751.6666666666666	0.0
330	966.5	14.0
340	1132.0	7.0
350	1420.5	34.0
360	1132.3333333333333	17.0
370	1520.1666666666667	50.0
380	1278.8333333333333	27.0
390	1352.8333333333333	54.0
400	1984.0	123.0
410	2533.1666666666665	87.0
420	2200.0	72.0
430	2678.1666666666665	183.0
440	2122.0	88.0
450	2199.5	253.0
460	2834.8333333333335	192.0
470	1980.0	118.0
480	2502.0	97.0
490	2382.6666666666665	34.0
500	2419.3333333333335	123.0
510	1712.1666666666667	73.0
520	1689.6666666666667	14.0
530	2540.3333333333335	35.0
540	2349.0	146.0
550	2506.6666666666665	36.0
560	2286.3333333333335	156.0
570	2325.0	49.0
580	1667.1666666666667	16.0
590	2240.6666666666665	84.0
600	1736.6666666666667	123.0
