0	290.6666666666667	0.0
10	70.0	0.0
20	70.0	0.0
30	70.0	0.0
40	70.0	0.0
50	70.0	0.0
60	70.0	0.0
70	70.0	0.0
80	70.0	0.0
90	99.0	0.0
100	72.66666666666667	0.0
110	80.0	0.0
120	338.3333333333333	0.0
130	391.3333333333333	11.0
140	390.3333333333333	0.0
150	129.33333333333334	0.0
160	221.33333333333334	0.0
170	394.6666666666667	0.0
180	80.66666666666667	0.0
190	369.0	0.0
200	320.6666666666667	1.0
210	278.0	0.0
220	255.66666666666666	8.0
230	469.0	8.0
240	298.6666666666667	0.0
250	421.6666666666667	1.0
260	427.0	8.0
270	590.3333333333334	0.0
280	550.3333333333334	0.0
290	459.0	0.0
300	440.3333333333333	35.0
310	592.3333333333334	30.0
320	489.6666666666667	52.0
330	810.3333333333334	8.0
340	1316.3333333333333	46.0
350	1064.3333333333333	116.0
360	1213.1666666666667	196.0
370	1375.0	167.0
380	1266.0	116.0
390	1051.5	69.0
400	1833.3333333333333	32.0
410	1805.8333333333333	53.0
420	1557.0	100.0
430	1695.3333333333333	44.0
440	2088.6666666666665	82.0
450	1563.1666666666667	15.0
460	1214.0	145.0
470	1476.1666666666667	41.0
480	1262.8333333333333	127.0
490	1173.3333333333333	59.0
500	1289.6666666666667	56.0
510	1353.8333333333333	131.0
520	934.3333333333334	104.0
530	1271.0	111.0
540	1145.0	101.0
550	1760.3333333333333	117.0
560	2230.1666666666665	236.0
570	2016.0	177.0
580	1960.8333333333333	27.0
590	2041.6666666666667	216.0
600	1758.3333333333333	139.0
