0	261.3333333333333	0.0
10	70.0	1.0
20	70.0	26.0
30	70.0	0.0
40	70.0	4.0
50	70.0	12.0
60	70.0	11.0
70	70.0	3.0
80	71.0	9.0
90	70.66666666666667	0.0
100	114.66666666666667	8.0
110	122.33333333333333	0.0
120	109.66666666666667	1.0
130	74.66666666666667	11.0
140	116.66666666666667	5.0
150	99.33333333333333	3.0
160	194.66666666666666	36.0
170	356.3333333333333	6.0
180	536.3333333333334	34.0
190	740.3333333333334	14.0
200	200.66666666666666	9.0
210	1371.0	10.0
220	1273.3333333333333	25.0
230	1823.6666666666667	34.0
240	2275.8333333333335	31.0
250	2267.0	27.0
260	2156.3333333333335	26.0
270	2203.1666666666665	30.0
280	2366.0	28.0
290	2284.3333333333335	31.0
300	2266.6666666666665	26.0
310	2280.6666666666665	29.0
320	2243.3333333333335	23.0
330	2366.6666666666665	22.0
340	2199.5	28.0
350	2452.6666666666665	27.0
360	2266.6666666666665	20.0
370	2358.0	21.0
380	2449.6666666666665	30.0
390	2309.0	18.0
400	2339.0	21.0
410	2124.3333333333335	12.0
420	2465.0	19.0
430	2294.0	12.0
440	2260.8333333333335	32.0
450	2423.0	14.0
460	1906.1666666666667	22.0
470	2006.5	16.0
480	2001.5	25.0
490	1801.3333333333333	61.0
500	2040.0	43.0
510	2189.0	26.0
520	1894.5	18.0
530	2205.0	0.0
540	2059.8333333333335	0.0
550	2049.3333333333335	0.0
560	1851.1666666666667	0.0
570	2293.6666666666665	0.0
580	2392.1666666666665	0.0
590	1964.3333333333333	0.0
600	2218.8333333333335	0.0
