0	256.3333333333333	0.0
10	70.0	0.0
20	70.0	0.0
30	70.0	0.0
40	70.0	0.0
50	70.0	0.0
60	70.0	0.0
70	70.0	0.0
80	71.33333333333333	0.0
90	79.33333333333333	0.0
100	76.0	0.0
110	211.33333333333334	0.0
120	102.33333333333333	0.0
130	300.0	0.0
140	91.33333333333333	0.0
150	140.0	0.0
160	373.3333333333333	0.0
170	373.6666666666667	0.0
180	372.0	0.0
190	271.0	0.0
200	146.33333333333334	0.0
210	161.66666666666666	0.0
220	401.6666666666667	0.0
230	353.0	0.0
240	354.6666666666667	0.0
250	199.66666666666666	0.0
260	350.6666666666667	0.0
270	336.0	0.0
280	386.6666666666667	0.0
290	341.0	0.0
300	412.6666666666667	0.0
310	406.3333333333333	0.0
320	468.6666666666667	0.0
330	422.0	0.0
340	479.0	0.0
350	884.6666666666666	0.0
360	748.0	0.0
370	847.8333333333334	0.0
380	1172.6666666666667	0.0
390	978.8333333333334	0.0
400	1330.1666666666667	0.0
410	1489.3333333333333	0.0
420	1516.0	0.0
430	1887.5	0.0
440	1736.1666666666667	0.0
450	1472.3333333333333	0.0
460	1881.3333333333333	0.0
470	2145.8333333333335	0.0
480	1723.1666666666667	0.0
490	1987.8333333333333	0.0
500	1818.5	0.0
510	1443.5	0.0
520	1829.6666666666667	0.0
530	1643.3333333333333	0.0
540	1607.1666666666667	0.0
550	1404.0	0.0
560	1736.6666666666667	0.0
570	1821.0	0.0
580	1551.0	0.0
590	1786.5	0.0
600	1796.3333333333333	0.0
610	1893.6666666666667	0.0
620	1782.0	0.0
630	1665.0	0.0
640	1761.8333333333333	0.0
650	1542.3333333333333	0.0
660	1749.3333333333333	0.0
670	2071.6666666666665	0.0
680	2091.3333333333335	0.0
690	2222.0	0.0
700	2239.0	0.0
710	2420.6666666666665	0.0
720	2176.6666666666665	0.0
730	2401.1666666666665	0.0
740	2366.5	0.0
750	2600.8333333333335	0.0
760	2306.0	0.0
770	2409.1666666666665	0.0
780	2447.6666666666665	0.0
790	2198.6666666666665	0.0
800	2507.0	0.0
810	1858.8333333333333	0.0
820	2019.8333333333333	0.0
830	2223.3333333333335	0.0
840	2042.6666666666667	0.0
850	2364.3333333333335	0.0
860	2391.5	0.0
870	2521.0	0.0
880	2459.3333333333335	0.0
890	2415.5	0.0
900	2249.6666666666665	0.0
910	2462.6666666666665	0.0
920	2295.0	0.0
930	2335.8333333333335	0.0
940	2618.0	0.0
950	2363.6666666666665	0.0
960	2392.6666666666665	0.0
970	2217.8333333333335	0.0
980	2581.0	0.0
990	2577.3333333333335	0.0
1000	2256.6666666666665	0.0
