0	255.0	0.0
10	70.0	0.0
20	70.0	0.0
30	70.0	0.0
40	70.0	0.0
50	70.0	0.0
60	70.0	0.0
70	70.0	0.0
80	70.0	0.0
90	71.33333333333333	0.0
100	72.66666666666667	0.0
110	132.0	0.0
120	347.6666666666667	0.0
130	344.0	0.0
140	381.0	0.0
150	101.33333333333333	0.0
160	150.66666666666666	0.0
170	289.6666666666667	0.0
180	103.0	0.0
190	183.0	0.0
200	228.0	0.0
210	222.0	0.0
220	426.0	0.0
230	473.0	0.0
240	416.0	0.0
250	572.0	0.0
260	467.3333333333333	0.0
270	443.0	0.0
280	399.6666666666667	0.0
290	645.3333333333334	0.0
300	927.3333333333334	0.0
310	849.0	0.0
320	1308.6666666666667	0.0
330	1544.3333333333333	0.0
340	2084.5	0.0
350	2230.5	0.0
360	2240.0	0.0
370	1865.6666666666667	0.0
380	2486.3333333333335	0.0
390	2295.0	0.0
400	2138.3333333333335	0.0
410	2383.3333333333335	0.0
420	2472.0	0.0
430	1884.0	0.0
440	2554.5	0.0
450	2306.6666666666665	0.0
460	2197.3333333333335	0.0
470	2264.5	0.0
480	2552.3333333333335	0.0
490	2410.5	0.0
500	2669.6666666666665	0.0
510	2657.8333333333335	0.0
520	2377.3333333333335	0.0
530	2645.6666666666665	0.0
540	2109.8333333333335	0.0
550	1979.1666666666667	0.0
560	1803.3333333333333	0.0
570	1998.1666666666667	0.0
580	2080.5	0.0
590	2085.0	0.0
600	1177.3333333333333	0.0
610	1268.0	0.0
620	1825.0	0.0
630	1528.6666666666667	0.0
640	1402.0	0.0
650	1729.3333333333333	0.0
660	1475.0	0.0
670	1496.3333333333333	0.0
680	2014.6666666666667	0.0
690	2082.5	0.0
700	1836.6666666666667	0.0
710	1730.6666666666667	0.0
720	1623.3333333333333	0.0
730	2155.0	0.0
740	1948.3333333333333	0.0
750	2099.8333333333335	0.0
760	2000.3333333333333	0.0
770	2052.3333333333335	0.0
780	1749.6666666666667	0.0
790	1678.3333333333333	0.0
800	1575.8333333333333	0.0
810	1924.3333333333333	0.0
820	2258.0	0.0
830	2094.6666666666665	0.0
840	2519.8333333333335	0.0
850	2361.0	0.0
860	2085.0	0.0
870	2273.6666666666665	0.0
880	2375.0	0.0
890	2392.3333333333335	0.0
900	2183.6666666666665	0.0
910	2533.0	0.0
920	2585.0	0.0
930	2199.0	0.0
940	2142.3333333333335	0.0
950	2397.6666666666665	0.0
960	2281.0	0.0
970	2377.6666666666665	0.0
980	2531.3333333333335	0.0
990	2359.3333333333335	0.0
1000	2295.6666666666665	0.0
