0	259.0	0.0
10	70.0	0.0
20	70.0	0.0
30	70.0	0.0
40	70.0	0.0
50	70.0	0.0
60	70.0	0.0
70	70.0	0.0
80	70.33333333333333	0.0
90	73.33333333333333	0.0
100	76.66666666666667	0.0
110	80.33333333333333	0.0
120	286.6666666666667	0.0
130	143.66666666666666	0.0
140	118.0	0.0
150	189.66666666666666	0.0
160	146.33333333333334	0.0
170	164.0	0.0
180	335.3333333333333	0.0
190	286.3333333333333	0.0
200	300.0	0.0
210	264.3333333333333	0.0
220	300.0	0.0
230	231.33333333333334	0.0
240	297.0	0.0
250	292.6666666666667	0.0
260	334.6666666666667	0.0
270	299.0	0.0
280	449.3333333333333	0.0
290	418.6666666666667	0.0
300	449.3333333333333	0.0
310	341.3333333333333	0.0
320	519.3333333333334	0.0
330	433.6666666666667	0.0
340	709.0	0.0
350	521.6666666666666	0.0
360	762.6666666666666	0.0
370	1161.8333333333333	0.0
380	1139.5	0.0
390	1406.0	0.0
400	1635.0	0.0
410	1649.3333333333333	0.0
420	1775.1666666666667	0.0
430	1563.0	0.0
440	1809.1666666666667	0.0
450	1813.0	0.0
460	2405.3333333333335	0.0
470	1972.1666666666667	0.0
480	2015.6666666666667	0.0
490	2336.6666666666665	0.0
500	2174.8333333333335	0.0
510	1866.8333333333333	0.0
520	1731.8333333333333	0.0
530	2047.6666666666667	0.0
540	1902.6666666666667	0.0
550	1579.8333333333333	0.0
560	2258.5	0.0
570	1989.8333333333333	0.0
580	2507.6666666666665	0.0
590	2225.6666666666665	0.0
600	1913.1666666666667	0.0
610	1706.3333333333333	0.0
620	1933.0	0.0
630	2017.5	0.0
640	1172.6666666666667	0.0
650	1222.0	0.0
660	2166.6666666666665	0.0
670	1786.0	0.0
680	1567.3333333333333	0.0
690	1721.1666666666667	0.0
700	1516.6666666666667	0.0
710	1871.0	0.0
720	1977.0	0.0
730	1915.3333333333333	0.0
740	1975.1666666666667	0.0
750	1752.3333333333333	0.0
760	2074.8333333333335	0.0
770	2019.0	0.0
780	1685.8333333333333	0.0
790	1699.3333333333333	0.0
800	2233.0	0.0
810	2159.6666666666665	0.0
820	2556.5	0.0
830	2455.6666666666665	0.0
840	2318.6666666666665	0.0
850	2297.3333333333335	0.0
860	2139.6666666666665	0.0
870	2603.5	0.0
880	2519.3333333333335	0.0
890	2243.6666666666665	0.0
900	2482.0	0.0
910	2227.6666666666665	0.0
920	1844.1666666666667	0.0
930	2134.3333333333335	0.0
940	2446.0	0.0
950	1861.3333333333333	0.0
960	1830.0	0.0
970	1979.1666666666667	0.0
980	2595.0	0.0
990	2013.1666666666667	0.0
1000	1564.1666666666667	0.0
