0	279.3333333333333	0.0
10	70.0	0.0
20	70.0	0.0
30	70.0	0.0
40	70.0	0.0
50	70.0	0.0
60	70.0	0.0
70	70.0	0.0
80	70.33333333333333	0.0
90	92.33333333333333	0.0
100	96.66666666666667	0.0
110	151.33333333333334	0.0
120	70.0	0.0
130	211.33333333333334	0.0
140	171.66666666666666	0.0
150	148.66666666666666	0.0
160	135.66666666666666	0.0
170	127.0	0.0
180	182.33333333333334	0.0
190	230.0	0.0
200	136.66666666666666	0.0
210	278.0	0.0
220	369.3333333333333	0.0
230	265.6666666666667	0.0
240	248.0	0.0
250	284.6666666666667	0.0
260	321.0	0.0
270	270.6666666666667	0.0
280	387.0	0.0
290	348.0	0.0
300	475.6666666666667	0.0
310	383.6666666666667	0.0
320	841.1666666666666	0.0
330	646.3333333333334	0.0
340	521.6666666666666	0.0
350	1095.8333333333333	0.0
360	1279.6666666666667	0.0
370	1260.6666666666667	0.0
380	1514.6666666666667	0.0
390	1255.3333333333333	0.0
400	1910.5	0.0
410	2105.1666666666665	0.0
420	1921.1666666666667	0.0
430	2272.3333333333335	0.0
440	2625.5	0.0
450	2457.0	0.0
460	2559.5	0.0
470	2648.3333333333335	0.0
480	2161.5	0.0
490	2518.0	0.0
500	2621.1666666666665	0.0
510	1834.8333333333333	0.0
520	2384.6666666666665	0.0
530	1662.1666666666667	0.0
540	1822.0	0.0
550	2171.1666666666665	0.0
560	2278.0	0.0
570	2173.1666666666665	0.0
580	2010.3333333333333	0.0
590	2679.6666666666665	0.0
600	2264.8333333333335	0.0
610	1968.0	0.0
620	1501.0	0.0
630	2266.0	0.0
640	2220.8333333333335	0.0
650	2306.5	0.0
660	1874.6666666666667	0.0
670	2366.1666666666665	0.0
680	1841.6666666666667	0.0
690	2084.5	0.0
700	2201.3333333333335	0.0
710	2049.3333333333335	0.0
720	1800.6666666666667	0.0
730	2271.1666666666665	0.0
740	2166.3333333333335	0.0
750	2104.8333333333335	0.0
760	2332.0	0.0
770	2554.3333333333335	0.0
780	2547.0	0.0
790	2591.5	0.0
800	2444.8333333333335	0.0
810	2546.6666666666665	0.0
820	2415.8333333333335	0.0
830	2284.8333333333335	0.0
840	2446.3333333333335	0.0
850	2583.8333333333335	0.0
860	2611.0	0.0
870	2187.5	0.0
880	2291.6666666666665	0.0
890	2457.6666666666665	0.0
900	2187.1666666666665	0.0
910	2234.6666666666665	0.0
920	2346.1666666666665	0.0
930	2502.5	0.0
940	2490.0	0.0
950	2504.8333333333335	0.0
960	2449.8333333333335	0.0
970	2608.0	0.0
980	2654.5	0.0
990	2588.0	0.0
1000	2653.0	0.0
