0	245.0	0.0
10	70.0	0.0
20	70.0	0.0
30	70.0	0.0
40	70.0	0.0
50	70.0	0.0
60	70.0	0.0
70	70.0	0.0
80	70.0	0.0
90	70.0	0.0
100	70.0	0.0
110	70.0	0.0
120	70.0	0.0
130	70.0	0.0
140	70.0	0.0
150	70.0	0.0
160	70.0	0.0
170	70.0	0.0
180	70.0	0.0
190	70.33333333333333	0.0
200	71.66666666666667	0.0
210	71.66666666666667	0.0
220	72.0	0.0
230	88.66666666666667	0.0
240	185.33333333333334	0.0
250	194.66666666666666	0.0
260	193.33333333333334	0.0
270	147.66666666666666	0.0
280	134.0	0.0
290	130.0	0.0
300	138.0	0.0
310	138.0	0.0
320	147.66666666666666	0.0
330	138.0	0.0
340	154.33333333333334	0.0
350	130.0	0.0
360	181.0	0.0
370	154.66666666666666	0.0
380	192.0	0.0
390	258.0	0.0
400	235.33333333333334	0.0
410	219.66666666666666	0.0
420	302.6666666666667	0.0
430	259.3333333333333	0.0
440	393.3333333333333	0.0
450	348.0	0.0
460	224.33333333333334	0.0
470	614.0	0.0
480	736.3333333333334	0.0
490	853.6666666666666	0.0
500	922.6666666666666	0.0
510	1052.6666666666667	0.0
520	1071.3333333333333	0.0
530	1240.0	0.0
540	1211.3333333333333	0.0
550	1349.6666666666667	0.0
560	1597.3333333333333	0.0
570	1522.8333333333333	0.0
580	1585.0	0.0
590	1787.3333333333333	0.0
600	2326.6666666666665	0.0
610	2377.6666666666665	0.0
620	2368.6666666666665	0.0
630	1976.0	0.0
640	2238.3333333333335	0.0
650	2331.0	0.0
660	1814.6666666666667	0.0
670	1725.8333333333333	0.0
680	1760.1666666666667	0.0
690	2395.3333333333335	0.0
700	2243.5	0.0
710	2711.3333333333335	0.0
720	2269.5	0.0
730	2197.0	0.0
740	2419.5	0.0
750	2660.1666666666665	0.0
760	2583.6666666666665	0.0
770	2755.0	0.0
780	2447.8333333333335	0.0
790	2786.3333333333335	0.0
800	2698.6666666666665	0.0
