0	264.0	0.0
10	70.0	0.0
20	70.0	0.0
30	70.0	0.0
40	70.0	0.0
50	70.0	0.0
60	70.0	0.0
70	70.0	0.0
80	70.0	0.0
90	70.0	0.0
100	70.0	0.0
110	70.0	0.0
120	70.0	0.0
130	70.0	0.0
140	70.0	0.0
150	70.0	0.0
160	70.0	0.0
170	70.0	0.0
180	70.66666666666667	0.0
190	71.0	0.0
200	71.0	0.0
210	76.0	0.0
220	76.66666666666667	0.0
230	76.33333333333333	0.0
240	120.33333333333333	0.0
250	253.0	0.0
260	165.33333333333334	0.0
270	209.0	0.0
280	164.0	0.0
290	170.33333333333334	0.0
300	138.66666666666666	0.0
310	130.33333333333334	0.0
320	146.66666666666666	0.0
330	139.0	0.0
340	162.33333333333334	0.0
350	179.66666666666666	0.0
360	130.0	0.0
370	152.66666666666666	0.0
380	216.66666666666666	0.0
390	218.0	0.0
400	261.3333333333333	0.0
410	227.0	0.0
420	224.0	0.0
430	146.33333333333334	0.0
440	410.3333333333333	0.0
450	238.66666666666666	0.0
460	498.6666666666667	0.0
470	706.6666666666666	0.0
480	625.3333333333334	0.0
490	795.6666666666666	0.0
500	751.6666666666666	0.0
510	1161.3333333333333	0.0
520	839.0	0.0
530	1049.3333333333333	0.0
540	1481.1666666666667	0.0
550	1480.3333333333333	0.0
560	1428.0	0.0
570	1999.0	0.0
580	1752.0	0.0
590	2007.0	0.0
600	1872.3333333333333	0.0
610	1988.0	0.0
620	2109.6666666666665	0.0
630	2253.3333333333335	0.0
640	1951.5	0.0
650	2178.5	0.0
660	2029.3333333333333	0.0
670	2049.0	0.0
680	2118.3333333333335	0.0
690	2508.3333333333335	0.0
700	2420.0	0.0
710	2253.1666666666665	0.0
720	2503.3333333333335	0.0
730	2272.6666666666665	0.0
740	2699.0	0.0
750	2345.5	0.0
760	2522.1666666666665	0.0
770	2239.5	0.0
780	2650.3333333333335	0.0
790	2530.3333333333335	0.0
800	2615.3333333333335	0.0
