0	256.0	0.0
10	70.0	0.0
20	70.0	0.0
30	70.0	0.0
40	70.0	0.0
50	70.0	0.0
60	70.0	0.0
70	70.0	0.0
80	70.0	0.0
90	70.0	0.0
100	70.0	0.0
110	70.0	0.0
120	70.0	0.0
130	70.0	0.0
140	70.0	0.0
150	70.0	0.0
160	70.0	0.0
170	70.0	0.0
180	70.0	0.0
190	70.66666666666667	0.0
200	71.0	0.0
210	71.33333333333333	0.0
220	72.66666666666667	0.0
230	70.66666666666667	0.0
240	74.33333333333333	0.0
250	102.0	0.0
260	109.33333333333333	0.0
270	152.0	0.0
280	260.6666666666667	0.0
290	194.66666666666666	0.0
300	193.66666666666666	0.0
310	150.0	0.0
320	154.33333333333334	0.0
330	146.0	0.0
340	138.33333333333334	0.0
350	157.0	0.0
360	248.0	0.0
370	198.66666666666666	0.0
380	130.0	0.0
390	197.0	0.0
400	130.0	0.0
410	963.0	0.0
420	990.0	0.0
430	802.3333333333334	0.0
440	1568.3333333333333	0.0
450	1571.3333333333333	0.0
460	1745.0	0.0
470	1312.3333333333333	0.0
480	1509.0	0.0
490	1535.0	0.0
500	1859.8333333333333	0.0
510	2304.0	0.0
520	2024.3333333333333	0.0
530	2407.8333333333335	0.0
540	2259.0	0.0
550	2441.1666666666665	0.0
560	2325.3333333333335	0.0
570	2317.0	0.0
580	2354.0	0.0
590	2458.3333333333335	0.0
600	2263.0	0.0
610	2543.8333333333335	0.0
620	2478.1666666666665	0.0
630	2536.6666666666665	0.0
640	2428.8333333333335	0.0
650	2382.1666666666665	0.0
660	2578.6666666666665	0.0
670	2345.8333333333335	0.0
680	2204.5	0.0
690	2541.8333333333335	0.0
700	2250.3333333333335	0.0
710	2711.5	0.0
720	2570.6666666666665	0.0
730	2455.1666666666665	0.0
740	2524.3333333333335	0.0
750	2560.6666666666665	0.0
760	2420.6666666666665	0.0
770	2680.6666666666665	0.0
780	2673.1666666666665	0.0
790	2593.3333333333335	0.0
800	2705.3333333333335	0.0
