0	234.0	0.0
10	70.0	1000.0
20	70.0	0.0
30	70.0	0.0
40	70.0	0.0
50	70.0	0.0
60	70.0	0.0
70	70.0	0.0
80	70.0	0.0
90	70.0	0.0
100	70.0	0.0
110	70.0	0.0
120	70.0	0.0
130	70.0	0.0
140	70.0	0.0
150	70.0	0.0
160	71.0	0.0
170	70.33333333333333	0.0
180	70.33333333333333	0.0
190	74.66666666666667	0.0
200	77.33333333333333	0.0
210	73.0	0.0
220	70.66666666666667	0.0
230	85.33333333333333	0.0
240	178.66666666666666	0.0
250	115.66666666666667	0.0
260	366.6666666666667	0.0
270	491.6666666666667	0.0
280	329.0	0.0
290	190.33333333333334	0.0
300	127.33333333333333	0.0
310	174.33333333333334	0.0
320	138.33333333333334	0.0
330	206.0	0.0
340	146.0	0.0
350	144.0	0.0
360	234.66666666666666	0.0
370	296.3333333333333	0.0
380	171.0	0.0
390	217.66666666666666	0.0
400	148.33333333333334	0.0
410	308.3333333333333	0.0
420	178.33333333333334	0.0
430	534.3333333333334	0.0
440	911.6666666666666	0.0
450	836.6666666666666	0.0
460	887.6666666666666	0.0
470	1245.3333333333333	0.0
480	1213.6666666666667	0.0
490	1287.0	0.0
500	1465.0	0.0
510	1589.1666666666667	0.0
520	1579.8333333333333	0.0
530	1871.0	0.0
540	2025.3333333333333	0.0
550	1719.6666666666667	0.0
560	1916.8333333333333	0.0
570	2366.6666666666665	0.0
580	2179.6666666666665	0.0
590	2292.3333333333335	0.0
600	2294.0	0.0
610	2336.0	0.0
620	2471.6666666666665	0.0
630	2266.5	0.0
640	2715.3333333333335	0.0
650	2225.6666666666665	0.0
660	2288.1666666666665	0.0
670	2500.6666666666665	0.0
680	2316.5	0.0
690	2390.6666666666665	0.0
700	2309.0	0.0
710	2484.0	0.0
720	2376.0	0.0
730	2632.0	0.0
740	2662.6666666666665	0.0
750	2681.6666666666665	0.0
760	2449.1666666666665	0.0
770	2559.3333333333335	0.0
780	2761.1666666666665	0.0
790	2690.0	0.0
800	2634.5	0.0
810	2702.3333333333335	0.0
820	2914.3333333333335	0.0
830	2604.5	0.0
840	2552.1666666666665	0.0
850	2671.3333333333335	0.0
860	2774.3333333333335	0.0
870	2743.5	0.0
880	2524.6666666666665	0.0
890	2683.5	0.0
900	2684.1666666666665	0.0
910	2513.6666666666665	0.0
920	2637.0	0.0
930	2495.8333333333335	0.0
940	2561.0	0.0
950	2686.6666666666665	0.0
960	2483.6666666666665	0.0
970	2974.8333333333335	0.0
980	2773.1666666666665	0.0
990	2438.0	0.0
1000	2900.5	0.0
