0	303.3333333333333	0.0
10	70.0	1000.0
20	70.0	0.0
30	70.0	0.0
40	70.0	0.0
50	70.0	0.0
60	70.0	0.0
70	70.0	0.0
80	70.0	0.0
90	70.0	0.0
100	70.0	0.0
110	70.0	0.0
120	70.0	0.0
130	70.0	0.0
140	70.0	0.0
150	70.0	0.0
160	71.66666666666667	0.0
170	70.66666666666667	0.0
180	73.0	0.0
190	71.66666666666667	0.0
200	73.0	0.0
210	70.66666666666667	0.0
220	105.66666666666667	0.0
230	136.66666666666666	0.0
240	389.0	0.0
250	485.3333333333333	0.0
260	361.3333333333333	0.0
270	184.0	0.0
280	193.33333333333334	0.0
290	348.0	0.0
300	227.66666666666666	0.0
310	231.33333333333334	0.0
320	156.33333333333334	0.0
330	225.0	0.0
340	620.3333333333334	0.0
350	504.0	0.0
360	655.6666666666666	0.0
370	855.6666666666666	0.0
380	856.3333333333334	0.0
390	1315.0	0.0
400	888.6666666666666	0.0
410	1046.6666666666667	0.0
420	1161.3333333333333	0.0
430	1133.0	0.0
440	1308.6666666666667	0.0
450	1303.3333333333333	0.0
460	1328.6666666666667	0.0
470	1380.6666666666667	0.0
480	1580.3333333333333	0.0
490	1560.0	0.0
500	2108.3333333333335	0.0
510	1780.3333333333333	0.0
520	2380.6666666666665	0.0
530	2012.3333333333333	0.0
540	1697.6666666666667	0.0
550	1572.6666666666667	0.0
560	1862.8333333333333	0.0
570	1730.8333333333333	0.0
580	2561.0	0.0
590	2482.1666666666665	0.0
600	1922.0	0.0
610	1777.6666666666667	0.0
620	2552.3333333333335	0.0
630	2312.6666666666665	0.0
640	2412.0	0.0
650	2732.8333333333335	0.0
660	2596.8333333333335	0.0
670	2304.3333333333335	0.0
680	2603.8333333333335	0.0
690	2678.3333333333335	0.0
700	2583.0	0.0
710	2549.1666666666665	0.0
720	2248.6666666666665	0.0
730	2349.3333333333335	0.0
740	2518.0	0.0
750	2720.8333333333335	0.0
760	2586.0	0.0
770	2452.0	0.0
780	2459.0	0.0
790	2435.5	0.0
800	2427.6666666666665	0.0
810	2514.1666666666665	0.0
820	2707.0	0.0
830	2539.0	0.0
840	2585.3333333333335	0.0
850	2280.6666666666665	0.0
860	2449.3333333333335	0.0
870	2632.6666666666665	0.0
880	2551.8333333333335	0.0
890	2540.3333333333335	0.0
900	2383.6666666666665	0.0
910	2340.6666666666665	0.0
920	2467.0	0.0
930	2520.5	0.0
940	2493.6666666666665	0.0
950	2445.6666666666665	0.0
960	2130.0	0.0
970	1881.3333333333333	0.0
980	2076.3333333333335	0.0
990	2095.8333333333335	0.0
1000	1968.8333333333333	0.0
