0	237.33333333333334	0.0
10	70.0	448.0
20	70.0	0.0
30	70.0	0.0
40	70.0	0.0
50	70.0	0.0
60	70.0	0.0
70	70.0	0.0
80	70.0	0.0
90	70.0	0.0
100	70.0	0.0
110	70.0	0.0
120	70.0	0.0
130	70.0	0.0
140	70.0	0.0
150	70.0	0.0
160	70.0	0.0
170	70.0	0.0
180	72.66666666666667	0.0
190	71.0	0.0
200	81.0	0.0
210	71.33333333333333	0.0
220	70.0	0.0
230	205.66666666666666	0.0
240	87.33333333333333	0.0
250	160.66666666666666	0.0
260	139.66666666666666	0.0
270	155.66666666666666	0.0
280	345.3333333333333	0.0
290	242.33333333333334	0.0
300	177.0	0.0
310	156.0	0.0
320	178.66666666666666	0.0
330	154.33333333333334	0.0
340	224.33333333333334	0.0
350	202.0	0.0
360	165.33333333333334	0.0
370	217.66666666666666	0.0
380	608.3333333333334	0.0
390	993.6666666666666	0.0
400	817.3333333333334	0.0
410	1057.0	0.0
420	948.3333333333334	0.0
430	1339.0	0.0
440	1534.6666666666667	0.0
450	1818.8333333333333	0.0
460	1821.6666666666667	0.0
470	1774.6666666666667	0.0
480	1703.3333333333333	0.0
490	2122.6666666666665	0.0
500	2226.3333333333335	0.0
510	2460.0	0.0
520	2238.6666666666665	0.0
530	2366.5	0.0
540	2075.3333333333335	0.0
550	1926.6666666666667	0.0
560	2235.8333333333335	0.0
570	2397.6666666666665	0.0
580	2163.6666666666665	0.0
590	2115.8333333333335	0.0
600	2224.1666666666665	0.0
610	2165.0	0.0
620	2203.6666666666665	0.0
630	2578.3333333333335	0.0
640	2368.5	0.0
650	2734.6666666666665	0.0
660	2450.1666666666665	0.0
670	2213.8333333333335	0.0
680	2401.0	0.0
690	2354.6666666666665	0.0
700	2586.6666666666665	0.0
710	2283.0	0.0
720	2694.3333333333335	0.0
730	2924.5	0.0
740	2829.8333333333335	0.0
750	2973.3333333333335	0.0
760	2652.0	0.0
770	2748.3333333333335	0.0
780	2598.5	0.0
790	2703.0	0.0
800	2539.0	0.0
810	2514.3333333333335	0.0
820	2642.1666666666665	0.0
830	2516.5	0.0
840	2433.0	0.0
850	1851.6666666666667	0.0
860	2800.1666666666665	0.0
870	2620.3333333333335	0.0
880	2856.0	0.0
890	2886.8333333333335	0.0
900	2737.8333333333335	0.0
910	2787.6666666666665	0.0
920	2764.5	0.0
930	2585.3333333333335	0.0
940	2774.6666666666665	0.0
950	2188.5	0.0
960	2168.8333333333335	0.0
970	2053.8333333333335	0.0
980	2731.0	0.0
990	2676.0	0.0
1000	2529.1666666666665	0.0
