0	263.0	0.0
10	70.0	255.0
20	70.0	0.0
30	70.0	0.0
40	70.0	0.0
50	70.0	0.0
60	70.0	0.0
70	70.0	0.0
80	70.0	0.0
90	70.0	0.0
100	70.0	0.0
110	70.0	0.0
120	70.0	0.0
130	70.0	0.0
140	70.0	0.0
150	70.0	0.0
160	70.0	0.0
170	70.0	0.0
180	70.0	0.0
190	70.66666666666667	0.0
200	72.66666666666667	0.0
210	75.66666666666667	0.0
220	95.0	0.0
230	145.33333333333334	0.0
240	137.33333333333334	0.0
250	150.66666666666666	0.0
260	405.0	0.0
270	345.6666666666667	0.0
280	148.0	0.0
290	161.33333333333334	0.0
300	146.66666666666666	0.0
310	146.0	0.0
320	139.0	0.0
330	181.0	0.0
340	203.0	0.0
350	286.0	0.0
360	225.33333333333334	0.0
370	306.0	0.0
380	554.3333333333334	0.0
390	806.6666666666666	0.0
400	730.0	0.0
410	966.6666666666666	0.0
420	894.0	0.0
430	1237.6666666666667	0.0
440	986.3333333333334	0.0
450	1424.6666666666667	0.0
460	1548.0	0.0
470	2082.6666666666665	0.0
480	1951.3333333333333	0.0
490	2207.6666666666665	0.0
500	1930.3333333333333	0.0
510	2304.3333333333335	0.0
520	2470.3333333333335	0.0
530	2495.1666666666665	0.0
540	2310.6666666666665	0.0
550	2269.0	0.0
560	2575.5	0.0
570	2477.0	0.0
580	2399.1666666666665	0.0
590	2270.6666666666665	0.0
600	2427.0	0.0
610	2163.3333333333335	0.0
620	2299.0	0.0
630	2453.6666666666665	0.0
640	2442.6666666666665	0.0
650	2376.3333333333335	0.0
660	2102.3333333333335	0.0
670	2393.0	0.0
680	2496.6666666666665	0.0
690	2326.0	0.0
700	2541.0	0.0
710	2626.3333333333335	0.0
720	2715.8333333333335	0.0
730	2616.3333333333335	0.0
740	2650.8333333333335	0.0
750	2830.0	0.0
760	2704.3333333333335	0.0
770	2539.3333333333335	0.0
780	2684.3333333333335	0.0
790	2408.6666666666665	0.0
800	2573.0	0.0
810	2554.8333333333335	0.0
820	2633.3333333333335	0.0
830	2710.3333333333335	0.0
840	2489.3333333333335	0.0
850	2682.0	0.0
860	2592.6666666666665	0.0
870	2700.8333333333335	0.0
880	2516.0	0.0
890	2675.0	0.0
900	2701.3333333333335	0.0
910	2235.6666666666665	0.0
920	1995.6666666666667	0.0
930	1884.8333333333333	0.0
940	2785.6666666666665	0.0
950	2476.5	0.0
960	2026.3333333333333	0.0
970	2018.3333333333333	0.0
980	2261.0	0.0
990	2732.1666666666665	0.0
1000	2411.1666666666665	0.0
