0	245.66666666666666	0.0
10	70.0	254.0
20	70.0	0.0
30	70.0	0.0
40	70.0	0.0
50	70.0	0.0
60	70.0	0.0
70	70.0	0.0
80	70.0	0.0
90	70.0	0.0
100	70.0	0.0
110	70.0	0.0
120	70.0	0.0
130	70.0	0.0
140	70.0	0.0
150	70.0	0.0
160	70.0	0.0
170	70.0	0.0
180	70.0	0.0
190	71.33333333333333	0.0
200	71.66666666666667	0.0
210	72.33333333333333	0.0
220	73.0	0.0
230	71.33333333333333	0.0
240	104.66666666666667	0.0
250	127.0	0.0
260	182.66666666666666	0.0
270	297.3333333333333	0.0
280	326.3333333333333	0.0
290	184.33333333333334	0.0
300	147.66666666666666	0.0
310	130.0	0.0
320	154.0	0.0
330	138.0	0.0
340	170.0	0.0
350	191.33333333333334	0.0
360	230.0	0.0
370	227.33333333333334	0.0
380	273.6666666666667	0.0
390	249.0	0.0
400	189.66666666666666	0.0
410	249.66666666666666	0.0
420	383.0	0.0
430	276.3333333333333	0.0
440	563.0	0.0
450	789.3333333333334	0.0
460	712.3333333333334	0.0
470	1283.6666666666667	0.0
480	717.0	0.0
490	880.6666666666666	0.0
500	1044.6666666666667	0.0
510	771.6666666666666	0.0
520	1427.6666666666667	0.0
530	1788.5	0.0
540	1736.3333333333333	0.0
550	2216.0	0.0
560	2312.6666666666665	0.0
570	2523.0	0.0
580	2272.0	0.0
590	2136.0	0.0
600	1896.3333333333333	0.0
610	2076.5	0.0
620	2442.6666666666665	0.0
630	2089.3333333333335	0.0
640	2327.3333333333335	0.0
650	2005.6666666666667	0.0
660	2119.3333333333335	0.0
670	2475.3333333333335	0.0
680	2302.3333333333335	0.0
690	2494.3333333333335	0.0
700	2359.3333333333335	0.0
710	2207.1666666666665	0.0
720	2283.0	0.0
730	2395.6666666666665	0.0
740	2496.0	0.0
750	2544.1666666666665	0.0
760	2199.3333333333335	0.0
770	2343.8333333333335	0.0
780	2460.8333333333335	0.0
790	2210.6666666666665	0.0
800	2536.1666666666665	0.0
810	2800.8333333333335	0.0
820	2742.0	0.0
830	2525.6666666666665	0.0
840	2428.0	0.0
850	2454.0	0.0
860	2436.5	0.0
870	2372.3333333333335	0.0
880	2354.3333333333335	0.0
890	2644.0	0.0
900	2676.8333333333335	0.0
910	2377.1666666666665	0.0
920	2224.3333333333335	0.0
930	2532.0	0.0
940	2424.1666666666665	0.0
950	2416.0	0.0
960	2555.8333333333335	0.0
970	2493.8333333333335	0.0
980	2524.8333333333335	0.0
990	2499.6666666666665	0.0
1000	2583.3333333333335	0.0
