0	298.3333333333333	0.0
10	128.0	251.0
20	115.66666666666667	0.0
30	104.66666666666667	0.0
40	102.0	0.0
50	100.66666666666667	0.0
60	100.0	0.0
70	100.0	0.0
80	100.0	0.0
90	101.0	0.0
100	100.66666666666667	0.0
110	93.66666666666667	0.0
120	102.66666666666667	0.0
130	100.0	0.0
140	106.33333333333333	0.0
150	114.33333333333333	0.0
160	133.0	0.0
170	131.0	0.0
180	130.0	0.0
190	130.0	0.0
200	162.66666666666666	0.0
210	131.66666666666666	0.0
220	157.0	0.0
230	130.0	0.0
240	300.0	0.0
250	283.3333333333333	0.0
260	440.6666666666667	0.0
270	180.66666666666666	0.0
280	384.0	0.0
290	470.6666666666667	0.0
300	489.6666666666667	0.0
310	512.6666666666666	0.0
320	635.6666666666666	0.0
330	705.6666666666666	0.0
340	824.3333333333334	0.0
350	919.0	0.0
360	1106.0	0.0
370	1537.6666666666667	0.0
380	1241.0	0.0
390	1704.6666666666667	0.0
400	1373.6666666666667	0.0
410	1828.1666666666667	0.0
420	2147.0	0.0
430	1706.0	0.0
440	2301.0	0.0
450	2053.0	0.0
460	1966.0	0.0
470	2279.0	0.0
480	2431.8333333333335	0.0
490	2125.6666666666665	0.0
500	2007.0	0.0
510	2159.3333333333335	0.0
520	2051.0	0.0
530	2276.6666666666665	0.0
540	2454.3333333333335	0.0
550	2316.0	0.0
560	2415.0	0.0
570	2229.8333333333335	0.0
580	2568.0	0.0
590	2586.1666666666665	0.0
600	2406.6666666666665	0.0
610	2463.6666666666665	0.0
620	2740.0	0.0
630	2550.6666666666665	0.0
640	2623.5	0.0
650	2472.5	0.0
660	2497.6666666666665	0.0
670	2776.8333333333335	0.0
680	2533.3333333333335	0.0
690	2083.0	0.0
700	2553.0	0.0
710	2760.3333333333335	0.0
720	2496.8333333333335	0.0
730	2749.5	0.0
740	2410.3333333333335	0.0
750	2488.0	0.0
760	2086.6666666666665	0.0
770	2350.0	0.0
780	2410.6666666666665	0.0
790	2486.3333333333335	0.0
800	2584.6666666666665	0.0
810	2203.8333333333335	0.0
820	2591.3333333333335	0.0
830	2295.0	0.0
840	2626.5	0.0
850	2703.3333333333335	0.0
860	2638.3333333333335	0.0
870	2647.5	0.0
880	2713.8333333333335	0.0
890	2529.8333333333335	0.0
900	2650.5	0.0
910	2411.6666666666665	0.0
920	2537.1666666666665	0.0
930	2023.6666666666667	0.0
940	2016.0	0.0
950	2329.3333333333335	0.0
960	2160.6666666666665	0.0
970	2098.8333333333335	0.0
980	2244.8333333333335	0.0
990	2094.1666666666665	0.0
1000	2086.1666666666665	0.0
