0	268.6666666666667	0.0
10	627.3333333333334	1000.0
20	1069.3333333333333	0.0
30	399.6666666666667	0.0
40	584.3333333333334	0.0
50	1442.3333333333333	0.0
60	1201.0	0.0
70	1814.0	0.0
80	2205.6666666666665	0.0
90	2173.0	0.0
100	2485.8333333333335	0.0
110	2131.6666666666665	0.0
120	2482.6666666666665	0.0
130	2378.6666666666665	0.0
140	2411.6666666666665	0.0
150	2294.6666666666665	0.0
160	2716.3333333333335	0.0
170	2516.3333333333335	0.0
180	2523.5	0.0
190	2306.0	0.0
200	2411.3333333333335	0.0
210	2337.1666666666665	0.0
220	2404.6666666666665	0.0
230	2318.6666666666665	0.0
240	2133.1666666666665	0.0
250	2240.0	0.0
260	2515.6666666666665	0.0
270	2313.3333333333335	0.0
280	2513.3333333333335	0.0
290	2409.0	0.0
300	1595.3333333333333	0.0
310	2474.3333333333335	0.0
320	2035.3333333333333	0.0
330	1780.6666666666667	0.0
340	1952.5	0.0
350	2047.3333333333333	0.0
360	1960.3333333333333	0.0
370	1947.6666666666667	0.0
380	2175.8333333333335	0.0
390	2041.1666666666667	0.0
400	2272.8333333333335	0.0
410	2259.5	0.0
420	1965.0	0.0
430	1889.1666666666667	0.0
440	1625.3333333333333	0.0
450	2075.3333333333335	0.0
460	2424.5	0.0
470	2036.1666666666667	0.0
480	1822.6666666666667	0.0
490	2247.3333333333335	0.0
500	2381.0	0.0
510	2347.6666666666665	0.0
520	2503.0	0.0
530	2499.5	0.0
540	2509.6666666666665	0.0
550	2418.0	0.0
560	2294.6666666666665	0.0
570	2475.8333333333335	0.0
580	2279.0	0.0
590	2546.3333333333335	0.0
600	2506.6666666666665	0.0
610	2504.1666666666665	0.0
620	2370.6666666666665	0.0
630	2152.0	0.0
640	2394.1666666666665	0.0
650	2639.3333333333335	0.0
660	2505.6666666666665	0.0
670	2415.1666666666665	0.0
680	2306.0	0.0
690	2123.6666666666665	0.0
700	2012.8333333333333	0.0
710	1832.0	0.0
720	1940.6666666666667	0.0
730	2454.8333333333335	0.0
740	2496.0	0.0
750	1869.1666666666667	0.0
760	1809.8333333333333	0.0
770	1743.0	0.0
780	2631.3333333333335	0.0
790	2426.3333333333335	0.0
800	2456.8333333333335	0.0
810	2235.1666666666665	0.0
820	2204.1666666666665	0.0
830	2369.6666666666665	0.0
840	2364.0	0.0
850	2493.3333333333335	0.0
860	2445.1666666666665	0.0
870	2344.6666666666665	0.0
880	2421.3333333333335	0.0
890	2448.3333333333335	0.0
900	2494.5	0.0
910	2503.0	0.0
920	1734.6666666666667	0.0
930	2081.3333333333335	0.0
940	1900.6666666666667	0.0
950	1880.5	0.0
960	2558.0	0.0
970	2566.3333333333335	0.0
980	2412.6666666666665	0.0
990	2661.5	0.0
1000	2542.6666666666665	0.0
