0	249.33333333333334	0.0
10	1148.3333333333333	1000.0
20	79.0	0.0
30	264.3333333333333	0.0
40	219.33333333333334	0.0
50	1329.8333333333333	0.0
60	1665.3333333333333	0.0
70	1986.8333333333333	0.0
80	2172.0	0.0
90	2382.0	0.0
100	2049.3333333333335	0.0
110	2273.3333333333335	0.0
120	2457.8333333333335	0.0
130	2536.0	0.0
140	2458.6666666666665	0.0
150	2305.0	0.0
160	2366.6666666666665	0.0
170	2163.6666666666665	0.0
180	2301.3333333333335	0.0
190	2319.0	0.0
200	2396.6666666666665	0.0
210	2354.8333333333335	0.0
220	2317.8333333333335	0.0
230	2337.1666666666665	0.0
240	2210.0	0.0
250	1136.0	0.0
260	1226.1666666666667	0.0
270	1746.6666666666667	0.0
280	2220.0	0.0
290	2024.5	0.0
300	2279.6666666666665	0.0
310	1789.3333333333333	0.0
320	1963.3333333333333	0.0
330	2058.1666666666665	0.0
340	1664.6666666666667	0.0
350	1584.6666666666667	0.0
360	2306.5	0.0
370	1340.3333333333333	0.0
380	1647.3333333333333	0.0
390	2276.8333333333335	0.0
400	1730.8333333333333	0.0
410	1985.6666666666667	0.0
420	2064.8333333333335	0.0
430	1817.6666666666667	0.0
440	2099.3333333333335	0.0
450	2560.6666666666665	0.0
460	2753.6666666666665	0.0
470	2327.6666666666665	0.0
480	2312.3333333333335	0.0
490	1795.6666666666667	0.0
500	1964.0	0.0
510	2166.0	0.0
520	1850.1666666666667	0.0
530	1676.6666666666667	0.0
540	2479.0	0.0
550	2416.5	0.0
560	1446.6666666666667	0.0
570	2432.8333333333335	0.0
580	2470.8333333333335	0.0
590	2418.0	0.0
600	2502.3333333333335	0.0
610	2399.5	0.0
620	2677.6666666666665	0.0
630	2664.3333333333335	0.0
640	2375.3333333333335	0.0
650	2536.3333333333335	0.0
660	2651.6666666666665	0.0
670	2524.3333333333335	0.0
680	2202.3333333333335	0.0
690	2442.8333333333335	0.0
700	2272.3333333333335	0.0
710	2503.3333333333335	0.0
720	2378.5	0.0
730	2417.5	0.0
740	2644.0	0.0
750	2398.0	0.0
760	2560.0	0.0
770	2629.8333333333335	0.0
780	2433.5	0.0
790	2706.0	0.0
800	2207.3333333333335	0.0
810	1770.8333333333333	0.0
820	1727.6666666666667	0.0
830	1914.6666666666667	0.0
840	1842.6666666666667	0.0
850	1947.6666666666667	0.0
860	2070.0	0.0
870	2603.8333333333335	0.0
880	2546.0	0.0
890	2463.6666666666665	0.0
900	1936.3333333333333	0.0
910	2548.3333333333335	0.0
920	1951.6666666666667	0.0
930	2192.6666666666665	0.0
940	2014.8333333333333	0.0
950	1892.8333333333333	0.0
960	2372.8333333333335	0.0
970	1785.1666666666667	0.0
980	1812.6666666666667	0.0
990	1729.6666666666667	0.0
1000	1857.5	0.0
