0	300.3333333333333	0.0
10	70.0	0.0
20	70.0	0.0
30	70.0	0.0
40	70.0	0.0
50	70.0	0.0
60	70.0	0.0
70	70.0	0.0
80	71.0	0.0
90	74.66666666666667	0.0
100	74.0	0.0
110	84.33333333333333	0.0
120	207.0	0.0
130	401.0	0.0
140	212.0	0.0
150	96.66666666666667	0.0
160	340.3333333333333	0.0
170	341.3333333333333	0.0
180	297.6666666666667	0.0
190	144.0	0.0
200	327.6666666666667	0.0
210	360.0	0.0
220	331.3333333333333	0.0
230	442.0	0.0
240	412.3333333333333	0.0
250	378.0	0.0
260	356.6666666666667	0.0
270	411.3333333333333	0.0
280	490.6666666666667	0.0
290	568.3333333333334	0.0
300	707.0	0.0
310	595.3333333333334	0.0
320	1058.6666666666667	0.0
330	1508.6666666666667	0.0
340	1000.6666666666666	0.0
350	1175.3333333333333	0.0
360	1173.0	0.0
370	1694.3333333333333	0.0
380	1069.3333333333333	0.0
390	1241.6666666666667	0.0
400	1539.3333333333333	0.0
410	866.3333333333334	0.0
420	1277.6666666666667	0.0
430	1496.0	0.0
440	1517.8333333333333	0.0
450	1732.0	0.0
460	1304.0	0.0
470	2038.5	0.0
480	1727.5	0.0
490	1636.3333333333333	0.0
500	2290.6666666666665	0.0
510	2318.6666666666665	0.0
520	2470.8333333333335	0.0
530	2027.0	0.0
540	2725.3333333333335	0.0
550	2134.5	0.0
560	2340.0	0.0
570	2745.5	0.0
580	2453.5	0.0
590	2521.0	0.0
600	2256.0	0.0
610	2405.3333333333335	0.0
620	2488.3333333333335	0.0
630	2503.6666666666665	0.0
640	2519.1666666666665	0.0
650	2602.6666666666665	0.0
660	2508.6666666666665	0.0
670	2454.8333333333335	0.0
680	2532.6666666666665	0.0
690	2161.6666666666665	0.0
700	1724.3333333333333	0.0
710	1960.6666666666667	0.0
720	1754.3333333333333	0.0
730	2248.0	0.0
740	2304.3333333333335	0.0
750	2303.0	0.0
760	2094.3333333333335	0.0
770	1488.0	0.0
780	1793.0	0.0
790	2244.0	0.0
800	2321.0	0.0
810	2383.0	0.0
820	1951.5	0.0
830	2421.6666666666665	0.0
840	2441.6666666666665	0.0
850	1848.6666666666667	0.0
860	2055.8333333333335	0.0
870	2627.8333333333335	0.0
880	2791.8333333333335	0.0
890	2503.6666666666665	0.0
900	2624.6666666666665	0.0
910	2116.1666666666665	0.0
920	1928.0	0.0
930	1671.6666666666667	0.0
940	2487.3333333333335	0.0
950	1976.0	0.0
960	1731.6666666666667	0.0
970	1904.0	0.0
980	1927.8333333333333	0.0
990	2449.6666666666665	0.0
1000	2502.8333333333335	0.0
