0	273.3333333333333	0.0
10	70.0	0.0
20	70.0	0.0
30	70.0	0.0
40	70.0	0.0
50	70.0	0.0
60	70.0	0.0
70	70.0	0.0
80	70.0	0.0
90	70.0	0.0
100	70.0	0.0
110	70.0	0.0
120	70.0	0.0
130	70.0	0.0
140	70.0	0.0
150	70.0	0.0
160	70.0	0.0
170	70.0	0.0
180	71.0	0.0
190	71.33333333333333	0.0
200	71.0	0.0
210	72.0	0.0
220	71.33333333333333	0.0
230	72.0	0.0
240	72.0	0.0
250	102.33333333333333	0.0
260	125.66666666666667	0.0
270	285.0	0.0
280	295.0	0.0
290	183.66666666666666	0.0
300	164.33333333333334	0.0
310	147.0	0.0
320	170.66666666666666	0.0
330	156.33333333333334	0.0
340	234.0	0.0
350	163.0	0.0
360	162.33333333333334	0.0
370	236.33333333333334	0.0
380	218.0	0.0
390	186.0	0.0
400	221.33333333333334	0.0
410	236.0	0.0
420	199.0	0.0
430	252.33333333333334	0.0
440	284.6666666666667	0.0
450	283.0	0.0
460	208.66666666666666	0.0
470	245.33333333333334	0.0
480	312.0	0.0
490	280.3333333333333	0.0
500	347.6666666666667	0.0
510	402.6666666666667	0.0
520	334.3333333333333	0.0
530	379.0	0.0
540	433.3333333333333	0.0
550	456.3333333333333	0.0
560	690.0	0.0
570	509.8333333333333	0.0
580	372.0	0.0
590	533.3333333333334	0.0
600	781.1666666666666	0.0
