0	255.33333333333334	0.0
10	70.0	0.0
20	70.0	0.0
30	70.0	0.0
40	70.0	0.0
50	70.0	0.0
60	70.0	0.0
70	70.0	0.0
80	70.33333333333333	0.0
90	74.33333333333333	0.0
100	79.33333333333333	0.0
110	176.0	0.0
120	343.6666666666667	0.0
130	221.33333333333334	0.0
140	117.33333333333333	0.0
150	147.0	0.0
160	396.6666666666667	0.0
170	306.0	0.0
180	323.3333333333333	0.0
190	144.66666666666666	0.0
200	294.6666666666667	0.0
210	183.0	0.0
220	225.33333333333334	0.0
230	283.3333333333333	0.0
240	279.3333333333333	0.0
250	248.33333333333334	0.0
260	319.6666666666667	0.0
270	310.0	0.0
280	409.0	0.0
290	342.6666666666667	0.0
300	530.0	0.0
310	480.3333333333333	0.0
320	689.0	0.0
330	641.5	0.0
340	676.3333333333334	0.0
350	662.0	0.0
360	866.8333333333334	0.0
370	1142.6666666666667	0.0
380	1307.6666666666667	0.0
390	1087.6666666666667	0.0
400	1978.0	0.0
410	1511.0	0.0
420	1824.3333333333333	0.0
430	1742.8333333333333	0.0
440	2035.6666666666667	0.0
450	1142.3333333333333	0.0
460	1526.1666666666667	0.0
470	1992.1666666666667	0.0
480	1798.0	0.0
490	1958.0	0.0
500	2101.0	0.0
510	1740.5	0.0
520	1926.6666666666667	0.0
530	2154.0	0.0
540	1862.8333333333333	0.0
550	1600.5	0.0
560	1829.5	0.0
570	2272.0	0.0
580	2409.3333333333335	0.0
590	2470.1666666666665	0.0
600	2607.6666666666665	0.0
610	2306.1666666666665	0.0
620	2515.1666666666665	0.0
630	2352.6666666666665	0.0
640	2360.3333333333335	0.0
650	2406.3333333333335	0.0
660	2454.0	0.0
670	2497.0	0.0
680	2492.5	0.0
690	2508.1666666666665	0.0
700	2570.1666666666665	0.0
710	2509.3333333333335	0.0
720	1981.5	0.0
730	2023.0	0.0
740	1827.6666666666667	0.0
750	1632.3333333333333	0.0
760	1796.5	0.0
770	2055.5	0.0
780	2013.0	0.0
790	2238.3333333333335	0.0
800	1920.3333333333333	0.0
810	2084.6666666666665	0.0
820	1968.5	0.0
830	2304.3333333333335	0.0
840	1827.3333333333333	0.0
850	1555.3333333333333	0.0
860	2455.6666666666665	0.0
870	2376.6666666666665	0.0
880	2579.6666666666665	0.0
890	1728.0	0.0
900	2583.3333333333335	0.0
910	2489.5	0.0
920	2566.0	0.0
930	2576.8333333333335	0.0
940	2441.0	0.0
950	2523.6666666666665	0.0
960	1723.0	0.0
970	1826.6666666666667	0.0
980	1725.0	0.0
990	2232.6666666666665	0.0
1000	2140.6666666666665	0.0
