0	239.0	0.0
10	70.0	0.0
20	70.0	0.0
30	70.0	0.0
40	70.0	0.0
50	70.0	0.0
60	70.0	0.0
70	70.0	0.0
80	71.33333333333333	0.0
90	71.0	0.0
100	90.0	0.0
110	129.66666666666666	0.0
120	189.0	0.0
130	127.0	0.0
140	311.3333333333333	0.0
150	331.3333333333333	0.0
160	348.6666666666667	0.0
170	245.66666666666666	0.0
180	167.0	0.0
190	137.0	0.0
200	581.6666666666666	0.0
210	493.3333333333333	0.0
220	380.6666666666667	0.0
230	163.66666666666666	0.0
240	226.33333333333334	0.0
250	293.3333333333333	0.0
260	537.3333333333334	0.0
270	477.3333333333333	0.0
280	412.6666666666667	0.0
290	659.0	0.0
300	697.6666666666666	0.0
310	806.3333333333334	0.0
320	1254.0	0.0
330	1750.5	0.0
340	2157.3333333333335	0.0
350	2018.0	0.0
360	2460.5	0.0
370	2250.8333333333335	0.0
380	2163.6666666666665	0.0
390	2160.3333333333335	0.0
400	2618.5	0.0
410	2446.1666666666665	0.0
420	2348.5	0.0
430	2560.1666666666665	0.0
440	2475.3333333333335	0.0
450	2586.0	0.0
460	1600.3333333333333	0.0
470	2124.3333333333335	0.0
480	1165.1666666666667	0.0
490	1463.3333333333333	0.0
500	1938.5	0.0
510	1535.5	0.0
520	1062.6666666666667	0.0
530	1687.8333333333333	0.0
540	1670.1666666666667	0.0
550	1810.0	0.0
560	1771.6666666666667	0.0
570	1649.8333333333333	0.0
580	2506.0	0.0
590	1424.0	0.0
600	1657.1666666666667	0.0
610	1778.8333333333333	0.0
620	1429.6666666666667	0.0
630	2073.0	0.0
640	1923.1666666666667	0.0
650	1602.0	0.0
660	1360.0	0.0
670	2035.1666666666667	0.0
680	2035.1666666666667	0.0
690	1986.6666666666667	0.0
700	2147.1666666666665	0.0
710	2088.3333333333335	0.0
720	2436.6666666666665	0.0
730	2399.8333333333335	0.0
740	2444.0	0.0
750	2255.6666666666665	0.0
760	2367.8333333333335	0.0
770	2137.5	0.0
780	2260.3333333333335	0.0
790	2602.0	0.0
800	2562.3333333333335	0.0
810	2400.8333333333335	0.0
820	2382.8333333333335	0.0
830	2425.3333333333335	0.0
840	2528.5	0.0
850	2304.1666666666665	0.0
860	2714.6666666666665	0.0
870	2328.3333333333335	0.0
880	2514.3333333333335	0.0
890	2646.6666666666665	0.0
900	2464.0	0.0
910	2350.0	0.0
920	2183.6666666666665	0.0
930	2520.6666666666665	0.0
940	2412.3333333333335	0.0
950	2744.5	0.0
960	2578.8333333333335	0.0
970	2284.6666666666665	0.0
980	2151.6666666666665	0.0
990	2402.1666666666665	0.0
1000	2170.6666666666665	0.0
