0	292.3333333333333	0.0
10	70.0	0.0
20	70.0	0.0
30	70.0	0.0
40	70.0	0.0
50	70.0	0.0
60	70.0	0.0
70	70.0	0.0
80	71.0	0.0
90	72.66666666666667	0.0
100	75.0	0.0
110	92.33333333333333	0.0
120	227.0	0.0
130	173.66666666666666	0.0
140	154.33333333333334	0.0
150	345.3333333333333	0.0
160	299.3333333333333	0.0
170	168.66666666666666	0.0
180	248.33333333333334	0.0
190	162.0	0.0
200	295.0	0.0
210	357.0	0.0
220	273.6666666666667	0.0
230	267.6666666666667	0.0
240	297.0	0.0
250	375.0	0.0
260	332.3333333333333	0.0
270	358.3333333333333	0.0
280	414.0	0.0
290	544.3333333333334	0.0
300	464.6666666666667	0.0
310	551.6666666666666	0.0
320	666.3333333333334	0.0
330	621.6666666666666	0.0
340	552.3333333333334	0.0
350	975.6666666666666	0.0
360	1184.1666666666667	0.0
370	1387.0	0.0
380	920.6666666666666	0.0
390	1276.3333333333333	0.0
400	1425.6666666666667	0.0
410	1211.1666666666667	0.0
420	1762.8333333333333	0.0
430	1222.3333333333333	0.0
440	1556.6666666666667	0.0
450	1718.1666666666667	0.0
460	1487.3333333333333	0.0
470	1506.8333333333333	0.0
480	1769.1666666666667	0.0
490	2206.0	0.0
500	1418.3333333333333	0.0
510	1713.1666666666667	0.0
520	1866.1666666666667	0.0
530	2078.3333333333335	0.0
540	2241.8333333333335	0.0
550	2314.3333333333335	0.0
560	2192.1666666666665	0.0
570	2419.5	0.0
580	2047.0	0.0
590	2214.0	0.0
600	2266.5	0.0
610	1835.0	0.0
620	2320.0	0.0
630	2259.8333333333335	0.0
640	1928.0	0.0
650	2571.5	0.0
660	2328.3333333333335	0.0
670	2036.8333333333333	0.0
680	2031.3333333333333	0.0
690	1914.8333333333333	0.0
700	2283.3333333333335	0.0
710	2320.6666666666665	0.0
720	2092.1666666666665	0.0
730	1900.6666666666667	0.0
740	1829.0	0.0
750	2029.3333333333333	0.0
760	1865.6666666666667	0.0
770	1917.0	0.0
780	2179.0	0.0
790	2335.0	0.0
800	1967.3333333333333	0.0
810	2079.6666666666665	0.0
820	2194.1666666666665	0.0
830	1664.6666666666667	0.0
840	2303.6666666666665	0.0
850	2380.6666666666665	0.0
860	2386.6666666666665	0.0
870	2447.3333333333335	0.0
880	2233.6666666666665	0.0
890	2394.0	0.0
900	2613.6666666666665	0.0
910	2463.3333333333335	0.0
920	2524.1666666666665	0.0
930	2411.1666666666665	0.0
940	2453.6666666666665	0.0
950	1727.3333333333333	0.0
960	1628.3333333333333	0.0
970	2378.3333333333335	0.0
980	2285.6666666666665	0.0
990	2297.3333333333335	0.0
1000	2391.6666666666665	0.0
