0	261.3333333333333	0.0
10	70.0	0.0
20	70.0	0.0
30	70.0	0.0
40	70.0	0.0
50	70.0	0.0
60	70.0	0.0
70	70.0	0.0
80	70.0	0.0
90	72.0	0.0
100	71.33333333333333	0.0
110	151.66666666666666	0.0
120	226.66666666666666	0.0
130	369.6666666666667	0.0
140	424.6666666666667	0.0
150	169.33333333333334	0.0
160	100.0	0.0
170	285.0	0.0
180	99.66666666666667	0.0
190	408.6666666666667	0.0
200	514.6666666666666	0.0
210	418.6666666666667	0.0
220	359.0	0.0
230	303.0	0.0
240	283.6666666666667	0.0
250	320.0	0.0
260	319.3333333333333	0.0
270	310.3333333333333	0.0
280	498.3333333333333	0.0
290	386.0	0.0
300	495.6666666666667	0.0
310	760.0	0.0
320	767.3333333333334	0.0
330	1396.8333333333333	0.0
340	1359.0	0.0
350	1501.6666666666667	0.0
360	2454.0	0.0
370	2419.6666666666665	0.0
380	2351.3333333333335	0.0
390	2637.8333333333335	0.0
400	2621.6666666666665	0.0
410	2435.6666666666665	0.0
420	2580.0	0.0
430	2315.3333333333335	0.0
440	2164.3333333333335	0.0
450	2379.6666666666665	0.0
460	2362.5	0.0
470	2570.0	0.0
480	1810.6666666666667	0.0
490	2459.8333333333335	0.0
500	1567.0	0.0
510	2018.6666666666667	0.0
520	1620.1666666666667	0.0
530	1897.0	0.0
540	2114.3333333333335	0.0
550	1788.8333333333333	0.0
560	2028.3333333333333	0.0
570	1823.1666666666667	0.0
580	2026.3333333333333	0.0
590	2040.0	0.0
600	1385.0	0.0
610	2034.0	0.0
620	2304.6666666666665	0.0
630	1318.0	0.0
640	1482.3333333333333	0.0
650	2063.3333333333335	0.0
660	1966.5	0.0
670	2086.8333333333335	0.0
680	2384.3333333333335	0.0
690	1573.0	0.0
700	2048.3333333333335	0.0
710	1907.3333333333333	0.0
720	2089.0	0.0
730	1733.6666666666667	0.0
740	1943.3333333333333	0.0
750	1713.3333333333333	0.0
760	2090.3333333333335	0.0
770	2610.6666666666665	0.0
780	2363.8333333333335	0.0
790	2382.0	0.0
800	2394.3333333333335	0.0
810	2544.1666666666665	0.0
820	2317.5	0.0
830	2592.5	0.0
840	2369.1666666666665	0.0
850	2697.5	0.0
860	2507.8333333333335	0.0
870	2560.8333333333335	0.0
880	2284.6666666666665	0.0
890	2291.0	0.0
900	2409.3333333333335	0.0
910	2308.0	0.0
920	2410.1666666666665	0.0
930	2383.0	0.0
940	2143.0	0.0
950	1963.3333333333333	0.0
960	2053.1666666666665	0.0
970	1909.3333333333333	0.0
980	1684.6666666666667	0.0
990	2375.6666666666665	0.0
1000	1851.1666666666667	0.0
