0	260.6666666666667	0.0
10	70.0	0.0
20	70.0	0.0
30	70.0	0.0
40	70.0	0.0
50	70.0	0.0
60	70.0	0.0
70	70.0	0.0
80	70.0	0.0
90	71.33333333333333	0.0
100	74.0	0.0
110	267.0	0.0
120	266.6666666666667	0.0
130	130.0	0.0
140	207.33333333333334	0.0
150	181.33333333333334	0.0
160	187.66666666666666	0.0
170	261.0	0.0
180	169.0	0.0
190	137.0	0.0
200	189.33333333333334	0.0
210	343.3333333333333	0.0
220	321.6666666666667	0.0
230	284.0	0.0
240	307.0	0.0
250	245.0	0.0
260	466.3333333333333	0.0
270	440.3333333333333	0.0
280	370.6666666666667	0.0
290	274.0	0.0
300	358.3333333333333	0.0
310	444.3333333333333	0.0
320	419.3333333333333	0.0
330	613.6666666666666	0.0
340	734.0	0.0
350	879.0	0.0
360	1002.3333333333334	0.0
370	889.3333333333334	0.0
380	975.6666666666666	0.0
390	1780.0	0.0
400	1945.6666666666667	0.0
410	1525.6666666666667	0.0
420	2187.8333333333335	0.0
430	1732.3333333333333	0.0
440	1647.6666666666667	0.0
450	1812.1666666666667	0.0
460	1584.1666666666667	0.0
470	1678.5	0.0
480	2003.1666666666667	0.0
490	2088.6666666666665	0.0
500	2138.3333333333335	0.0
510	1768.6666666666667	0.0
520	1462.6666666666667	0.0
530	2102.3333333333335	0.0
540	1703.3333333333333	0.0
550	2016.6666666666667	0.0
560	1946.5	0.0
570	1930.3333333333333	0.0
580	1815.3333333333333	0.0
590	2073.1666666666665	0.0
600	2251.0	0.0
