0	252.66666666666666	0.0
10	70.0	0.0
20	70.0	0.0
30	70.0	0.0
40	70.0	0.0
50	70.0	0.0
60	70.0	0.0
70	70.0	0.0
80	70.66666666666667	0.0
90	70.0	0.0
100	73.0	0.0
110	98.33333333333333	0.0
120	148.0	0.0
130	371.6666666666667	0.0
140	206.33333333333334	0.0
150	323.0	0.0
160	151.0	0.0
170	177.66666666666666	0.0
180	237.0	0.0
190	237.33333333333334	0.0
200	228.66666666666666	0.0
210	748.0	0.0
220	612.3333333333334	0.0
230	261.6666666666667	0.0
240	391.0	0.0
250	298.6666666666667	0.0
260	424.0	0.0
270	859.3333333333334	0.0
280	1561.6666666666667	0.0
290	1937.3333333333333	0.0
300	2019.1666666666667	0.0
310	2315.3333333333335	0.0
320	2496.6666666666665	0.0
330	2143.1666666666665	0.0
340	2750.6666666666665	0.0
350	2373.3333333333335	0.0
360	2478.3333333333335	0.0
370	2099.5	0.0
380	2368.6666666666665	0.0
390	2410.8333333333335	0.0
400	2245.0	0.0
410	2186.6666666666665	0.0
420	2410.5	0.0
430	2550.0	0.0
440	2335.0	0.0
450	2069.1666666666665	0.0
460	2080.6666666666665	0.0
470	2416.3333333333335	0.0
480	2117.6666666666665	0.0
490	2237.0	0.0
500	1943.8333333333333	0.0
510	2104.8333333333335	0.0
520	2392.6666666666665	0.0
530	2183.0	0.0
540	2305.8333333333335	0.0
550	1906.3333333333333	0.0
560	1837.6666666666667	0.0
570	2112.1666666666665	0.0
580	2194.0	0.0
590	2112.5	0.0
600	2007.3333333333333	0.0
