0	286.0	0.0
10	70.0	0.0
20	70.0	0.0
30	70.0	0.0
40	70.0	0.0
50	70.0	0.0
60	70.0	0.0
70	70.0	0.0
80	70.33333333333333	0.0
90	72.0	0.0
100	106.33333333333333	0.0
110	227.33333333333334	0.0
120	251.66666666666666	0.0
130	104.66666666666667	0.0
140	315.3333333333333	0.0
150	326.6666666666667	0.0
160	192.33333333333334	0.0
170	258.0	0.0
180	475.6666666666667	0.0
190	514.6666666666666	0.0
200	279.3333333333333	0.0
210	333.6666666666667	0.0
220	320.6666666666667	0.0
230	286.0	0.0
240	298.6666666666667	0.0
250	302.6666666666667	0.0
260	330.3333333333333	0.0
270	477.3333333333333	0.0
280	410.0	0.0
290	406.3333333333333	0.0
300	345.3333333333333	0.0
310	543.3333333333334	0.0
320	538.0	0.0
330	742.3333333333334	0.0
340	964.6666666666666	0.0
350	667.0	0.0
360	1112.6666666666667	0.0
370	1375.0	0.0
380	1186.3333333333333	0.0
390	1563.0	0.0
400	1599.5	0.0
410	1530.6666666666667	0.0
420	1701.1666666666667	0.0
430	1818.5	0.0
440	1636.1666666666667	0.0
450	1955.6666666666667	0.0
460	1806.5	0.0
470	1874.6666666666667	0.0
480	1950.3333333333333	0.0
490	1596.6666666666667	0.0
500	2209.3333333333335	0.0
510	2284.1666666666665	0.0
520	2015.3333333333333	0.0
530	2418.6666666666665	0.0
540	2606.5	0.0
550	1705.6666666666667	0.0
560	1809.0	0.0
570	2360.5	0.0
580	2443.0	0.0
590	2221.6666666666665	0.0
600	2359.8333333333335	0.0
