0	268.0	0.0
10	102.33333333333333	1000.0
20	92.33333333333333	0.0
30	73.66666666666667	0.0
40	70.0	0.0
50	70.66666666666667	0.0
60	1188.3333333333333	0.0
70	1695.0	0.0
80	344.3333333333333	0.0
90	332.3333333333333	0.0
100	2039.3333333333333	0.0
110	1432.6666666666667	0.0
120	2432.1666666666665	0.0
130	2348.0	0.0
140	2258.0	0.0
150	2025.0	0.0
160	2105.6666666666665	0.0
170	2290.0	0.0
180	2158.6666666666665	0.0
190	2511.0	0.0
200	2004.3333333333333	0.0
210	2681.0	0.0
220	2369.3333333333335	0.0
230	2343.0	0.0
240	2233.3333333333335	0.0
250	2280.0	0.0
260	2325.8333333333335	0.0
270	2597.0	0.0
280	2169.5	0.0
290	2597.3333333333335	0.0
300	2372.1666666666665	0.0
310	2765.5	0.0
320	2158.1666666666665	0.0
330	1932.8333333333333	0.0
340	2487.6666666666665	0.0
350	1949.6666666666667	0.0
360	2627.1666666666665	0.0
370	1948.0	0.0
380	1912.6666666666667	0.0
390	2266.0	0.0
400	1823.8333333333333	0.0
410	2362.5	0.0
420	2780.1666666666665	0.0
430	2448.6666666666665	0.0
440	2696.5	0.0
450	2516.1666666666665	0.0
460	2521.0	0.0
470	1803.6666666666667	0.0
480	1805.3333333333333	0.0
490	1758.0	0.0
500	2376.6666666666665	0.0
510	1938.3333333333333	0.0
520	2268.0	0.0
530	2287.3333333333335	0.0
540	2338.6666666666665	0.0
550	2402.3333333333335	0.0
560	2075.3333333333335	0.0
570	1802.0	0.0
580	2134.8333333333335	0.0
590	2029.0	0.0
600	1920.0	0.0
