0	257.6666666666667	0.0
10	70.0	1000.0
20	70.0	0.0
30	70.0	0.0
40	70.0	0.0
50	70.0	0.0
60	70.0	0.0
70	70.0	0.0
80	70.0	0.0
90	72.33333333333333	0.0
100	73.66666666666667	0.0
110	94.33333333333333	0.0
120	78.66666666666667	0.0
130	70.66666666666667	0.0
140	113.33333333333333	0.0
150	385.6666666666667	0.0
160	441.0	0.0
170	259.6666666666667	0.0
180	346.0	0.0
190	193.66666666666666	0.0
200	221.66666666666666	0.0
210	353.3333333333333	0.0
220	239.33333333333334	0.0
230	541.3333333333334	0.0
240	325.6666666666667	0.0
250	520.0	0.0
260	595.3333333333334	0.0
270	561.0	0.0
280	696.6666666666666	0.0
290	552.3333333333334	0.0
300	1219.6666666666667	0.0
310	1654.0	0.0
320	2850.6666666666665	0.0
330	1848.5	0.0
340	2272.8333333333335	0.0
350	2572.6666666666665	0.0
360	2156.6666666666665	0.0
370	2514.0	0.0
380	2403.8333333333335	0.0
390	2517.3333333333335	0.0
400	2158.3333333333335	0.0
410	2524.5	0.0
420	2706.6666666666665	0.0
430	2535.1666666666665	0.0
440	2629.3333333333335	0.0
450	2411.3333333333335	0.0
460	1729.0	0.0
470	1875.6666666666667	0.0
480	2134.8333333333335	0.0
490	2171.5	0.0
500	2098.0	0.0
510	1991.0	0.0
520	1922.5	0.0
530	1619.5	0.0
540	1746.0	0.0
550	2078.3333333333335	0.0
560	1886.6666666666667	0.0
570	2378.8333333333335	0.0
580	2487.0	0.0
590	1818.0	0.0
600	2101.3333333333335	0.0
610	1925.6666666666667	0.0
620	2332.0	0.0
630	2261.0	0.0
640	2516.1666666666665	0.0
650	2131.1666666666665	0.0
660	2271.0	0.0
670	2689.3333333333335	0.0
680	2357.8333333333335	0.0
690	2392.8333333333335	0.0
700	2214.6666666666665	0.0
710	1651.3333333333333	0.0
720	2094.3333333333335	0.0
730	1971.6666666666667	0.0
740	1864.3333333333333	0.0
750	2266.0	0.0
760	2350.1666666666665	0.0
770	2153.3333333333335	0.0
780	2217.8333333333335	0.0
790	1732.8333333333333	0.0
800	2292.5	0.0
810	2192.1666666666665	0.0
820	1933.6666666666667	0.0
830	1825.0	0.0
840	2444.1666666666665	0.0
850	2160.6666666666665	0.0
860	2330.5	0.0
870	2266.1666666666665	0.0
880	2781.1666666666665	0.0
890	2344.6666666666665	0.0
900	2455.6666666666665	0.0
910	2207.6666666666665	0.0
920	2518.0	0.0
930	2367.0	0.0
940	2253.1666666666665	0.0
950	2437.3333333333335	0.0
960	2388.1666666666665	0.0
970	2511.8333333333335	0.0
980	2364.8333333333335	0.0
990	2367.8333333333335	0.0
1000	2256.5	0.0
