0	277.3333333333333	0.0
10	70.0	1000.0
20	70.0	0.0
30	70.0	0.0
40	70.0	0.0
50	70.0	0.0
60	70.0	0.0
70	70.0	0.0
80	73.0	0.0
90	71.33333333333333	0.0
100	71.66666666666667	0.0
110	147.33333333333334	0.0
120	165.33333333333334	0.0
130	382.3333333333333	0.0
140	98.0	0.0
150	106.33333333333333	0.0
160	146.33333333333334	0.0
170	426.0	0.0
180	163.33333333333334	0.0
190	259.0	0.0
200	296.0	0.0
210	126.0	0.0
220	287.6666666666667	0.0
230	299.6666666666667	0.0
240	235.66666666666666	0.0
250	671.0	0.0
260	389.3333333333333	0.0
270	441.0	0.0
280	374.0	0.0
290	343.0	0.0
300	506.0	0.0
310	421.0	0.0
320	495.0	0.0
330	718.0	0.0
340	712.6666666666666	0.0
350	1213.6666666666667	0.0
360	1442.3333333333333	0.0
370	1094.0	0.0
380	1197.0	0.0
390	1408.3333333333333	0.0
400	2625.1666666666665	0.0
410	1350.0	0.0
420	2049.5	0.0
430	1822.1666666666667	0.0
440	1896.1666666666667	0.0
450	1843.3333333333333	0.0
460	2092.1666666666665	0.0
470	1965.3333333333333	0.0
480	2134.3333333333335	0.0
490	1606.6666666666667	0.0
500	2142.6666666666665	0.0
510	1853.6666666666667	0.0
520	1866.6666666666667	0.0
530	1441.3333333333333	0.0
540	1655.6666666666667	0.0
550	2039.5	0.0
560	2199.1666666666665	0.0
570	1906.1666666666667	0.0
580	1368.1666666666667	0.0
590	1975.0	0.0
600	1751.6666666666667	0.0
610	1995.6666666666667	0.0
620	2040.5	0.0
630	2181.8333333333335	0.0
640	2342.0	0.0
650	1514.3333333333333	0.0
660	1757.8333333333333	0.0
670	1781.3333333333333	0.0
680	2062.5	0.0
690	1882.0	0.0
700	2514.6666666666665	0.0
710	1734.6666666666667	0.0
720	1481.0	0.0
730	1406.6666666666667	0.0
740	1921.6666666666667	0.0
750	1293.3333333333333	0.0
760	1584.0	0.0
770	1920.3333333333333	0.0
780	1653.8333333333333	0.0
790	2572.3333333333335	0.0
800	2135.3333333333335	0.0
810	1978.3333333333333	0.0
820	1982.5	0.0
830	1809.6666666666667	0.0
840	1864.6666666666667	0.0
850	2022.8333333333333	0.0
860	1903.6666666666667	0.0
870	1687.5	0.0
880	1710.6666666666667	0.0
890	1681.0	0.0
900	2378.6666666666665	0.0
910	1789.3333333333333	0.0
920	2187.0	0.0
930	2230.1666666666665	0.0
940	2638.6666666666665	0.0
950	2406.0	0.0
960	2634.6666666666665	0.0
970	2276.6666666666665	0.0
980	2267.0	0.0
990	2402.3333333333335	0.0
1000	2615.5	0.0
