0	278.6666666666667
10	70.0
20	70.0
30	70.0
40	70.0
50	70.0
60	70.0
70	70.0
80	70.0
90	70.0
100	70.0
110	70.0
120	70.0
130	70.0
140	70.0
150	70.0
160	70.0
170	70.0
180	70.66666666666667
190	70.33333333333333
200	70.66666666666667
210	75.33333333333333
220	74.0
230	71.66666666666667
240	76.33333333333333
250	99.0
260	169.33333333333334
270	362.3333333333333
280	188.33333333333334
290	132.33333333333334
300	141.33333333333334
310	146.66666666666666
320	154.33333333333334
330	163.33333333333334
340	187.66666666666666
350	226.0
360	155.0
370	162.66666666666666
380	210.33333333333334
390	235.66666666666666
400	162.33333333333334
410	241.66666666666666
420	181.0
430	201.66666666666666
440	199.0
450	156.33333333333334
460	276.0
470	454.3333333333333
480	746.6666666666666
490	1080.6666666666667
500	928.6666666666666
510	1368.3333333333333
520	876.6666666666666
530	1126.0
540	1367.3333333333333
550	1905.0
560	1752.8333333333333
570	2036.3333333333333
580	2350.6666666666665
590	1712.0
600	1217.6666666666667
610	1671.3333333333333
620	2305.5
630	2415.0
640	1702.0
650	1867.6666666666667
660	2077.6666666666665
670	2243.8333333333335
680	2297.8333333333335
690	2344.3333333333335
700	2393.0
710	2521.0
720	2227.5
730	2361.6666666666665
740	2468.3333333333335
750	2307.0
760	2261.6666666666665
770	2449.0
780	2321.6666666666665
790	2555.8333333333335
800	2536.6666666666665
810	2558.3333333333335
820	2639.3333333333335
830	2794.3333333333335
840	2548.0
850	2629.1666666666665
860	2704.6666666666665
870	2153.0
880	2599.5
890	2391.0
900	2531.3333333333335
910	2605.0
920	2802.1666666666665
930	2583.5
940	2352.0
950	2430.0
960	2680.1666666666665
970	2472.8333333333335
980	2595.0
990	2982.5
1000	2460.1666666666665
