0	260.3333333333333	0.0
10	70.0	0.0
20	70.0	0.0
30	70.0	0.0
40	70.0	0.0
50	70.0	0.0
60	70.0	0.0
70	70.0	0.0
80	70.66666666666667	0.0
90	73.66666666666667	0.0
100	120.0	0.0
110	73.0	0.0
120	120.33333333333333	0.0
130	237.0	0.0
140	141.66666666666666	0.0
150	195.0	0.0
160	121.33333333333333	0.0
170	276.0	0.0
180	114.66666666666667	0.0
190	428.0	0.0
200	455.0	0.0
210	378.3333333333333	0.0
220	547.6666666666666	0.0
230	319.6666666666667	0.0
240	322.0	0.0
250	294.0	0.0
260	378.3333333333333	0.0
270	426.6666666666667	0.0
280	609.3333333333334	0.0
290	568.3333333333334	0.0
300	1048.3333333333333	0.0
310	636.3333333333334	0.0
320	726.3333333333334	0.0
330	776.6666666666666	0.0
340	1011.0	0.0
350	1676.6666666666667	0.0
360	1582.1666666666667	0.0
370	1607.6666666666667	0.0
380	2161.3333333333335	0.0
390	2597.6666666666665	0.0
400	2689.5	0.0
410	2333.3333333333335	0.0
420	2286.0	0.0
430	2224.1666666666665	0.0
440	2072.6666666666665	0.0
450	1901.5	0.0
460	1681.3333333333333	0.0
470	2481.6666666666665	0.0
480	2546.6666666666665	0.0
490	2550.6666666666665	0.0
500	2504.1666666666665	0.0
510	2443.5	0.0
520	2388.3333333333335	0.0
530	2393.6666666666665	0.0
540	2503.6666666666665	0.0
550	2487.3333333333335	0.0
560	2542.6666666666665	0.0
570	2256.6666666666665	0.0
580	2597.3333333333335	0.0
590	2229.5	0.0
600	1897.5	0.0
610	1964.6666666666667	0.0
620	2215.6666666666665	0.0
630	2067.3333333333335	0.0
640	2401.6666666666665	0.0
650	2360.3333333333335	0.0
660	1775.3333333333333	0.0
670	1743.3333333333333	0.0
680	1303.6666666666667	0.0
690	2360.3333333333335	0.0
700	2468.5	0.0
710	2456.6666666666665	0.0
720	2366.3333333333335	0.0
730	2439.6666666666665	0.0
740	2594.3333333333335	0.0
750	2281.0	0.0
760	2416.5	0.0
770	2468.6666666666665	0.0
780	2342.0	0.0
790	2418.0	0.0
800	2366.5	0.0
810	2273.0	0.0
820	2466.3333333333335	0.0
830	2473.6666666666665	0.0
840	2471.0	0.0
850	2610.3333333333335	0.0
860	2447.6666666666665	0.0
870	2363.0	0.0
880	2221.0	0.0
890	2206.6666666666665	0.0
900	2484.6666666666665	0.0
910	2353.6666666666665	0.0
920	2308.3333333333335	0.0
930	2523.0	0.0
940	1777.6666666666667	0.0
950	2413.0	0.0
960	2033.0	0.0
970	1857.3333333333333	0.0
980	2507.3333333333335	0.0
990	2525.0	0.0
1000	2350.3333333333335	0.0
