0	267.3333333333333	0.0
10	70.0	0.0
20	70.0	0.0
30	70.0	0.0
40	70.0	0.0
50	70.0	0.0
60	70.0	0.0
70	70.0	0.0
80	70.0	0.0
90	73.66666666666667	0.0
100	75.0	0.0
110	141.0	0.0
120	198.33333333333334	0.0
130	157.0	0.0
140	283.3333333333333	0.0
150	126.0	0.0
160	392.6666666666667	0.0
170	170.33333333333334	0.0
180	152.66666666666666	0.0
190	290.3333333333333	0.0
200	365.6666666666667	0.0
210	215.0	0.0
220	392.0	0.0
230	411.3333333333333	0.0
240	471.3333333333333	0.0
250	366.0	0.0
260	381.0	0.0
270	257.6666666666667	0.0
280	776.6666666666666	0.0
290	528.3333333333334	0.0
300	522.3333333333334	0.0
310	631.0	0.0
320	855.3333333333334	0.0
330	1013.0	0.0
340	1152.3333333333333	0.0
350	967.6666666666666	0.0
360	933.1666666666666	0.0
370	1768.0	0.0
380	1927.5	0.0
390	1907.5	0.0
400	2380.1666666666665	0.0
410	2255.8333333333335	0.0
420	2445.6666666666665	0.0
430	1851.8333333333333	0.0
440	1920.1666666666667	0.0
450	2184.1666666666665	0.0
460	2393.3333333333335	0.0
470	2343.5	0.0
480	2326.3333333333335	0.0
490	2232.5	0.0
500	2274.0	0.0
510	2357.1666666666665	0.0
520	2371.6666666666665	0.0
530	2398.0	0.0
540	2237.0	0.0
550	2253.8333333333335	0.0
560	2264.1666666666665	0.0
570	1763.6666666666667	0.0
580	2356.3333333333335	0.0
590	1653.0	0.0
600	2330.3333333333335	0.0
610	2400.6666666666665	0.0
620	1782.6666666666667	0.0
630	2134.0	0.0
640	1955.6666666666667	0.0
650	2389.1666666666665	0.0
660	1922.8333333333333	0.0
670	2014.8333333333333	0.0
680	2065.0	0.0
690	1997.5	0.0
700	1996.0	0.0
710	2204.0	0.0
720	2025.3333333333333	0.0
730	2120.0	0.0
740	2157.0	0.0
750	2152.0	0.0
760	2018.0	0.0
770	2069.1666666666665	0.0
780	2179.5	0.0
790	1755.6666666666667	0.0
800	2312.3333333333335	0.0
810	2277.0	0.0
820	2662.6666666666665	0.0
830	2256.0	0.0
840	2279.3333333333335	0.0
850	2369.6666666666665	0.0
860	2168.0	0.0
870	2275.0	0.0
880	2497.3333333333335	0.0
890	2274.3333333333335	0.0
900	2236.0	0.0
910	2574.1666666666665	0.0
920	2349.5	0.0
930	2644.3333333333335	0.0
940	2555.8333333333335	0.0
950	2487.3333333333335	0.0
960	2544.3333333333335	0.0
970	2406.3333333333335	0.0
980	2536.6666666666665	0.0
990	2443.1666666666665	0.0
1000	1775.0	0.0
