0	255.0	0.0
10	70.0	0.0
20	70.0	0.0
30	70.0	1.0
40	70.0	0.0
50	70.0	1.0
60	70.0	0.0
70	70.0	0.0
80	71.33333333333333	0.0
90	76.66666666666667	0.0
100	128.66666666666666	1.0
110	190.66666666666666	0.0
120	87.66666666666667	5.0
130	393.0	2.0
140	246.0	4.0
150	410.3333333333333	0.0
160	120.66666666666667	5.0
170	80.66666666666667	0.0
180	686.6666666666666	0.0
190	432.6666666666667	14.0
200	1167.3333333333333	9.0
210	1821.3333333333333	3.0
220	2387.1666666666665	1.0
230	2144.0	7.0
240	2095.6666666666665	1.0
250	2290.1666666666665	8.0
260	2392.3333333333335	4.0
270	2371.0	8.0
280	1727.0	4.0
290	2479.0	3.0
300	2345.0	6.0
310	2427.6666666666665	0.0
320	2325.0	3.0
330	2392.5	3.0
340	2318.6666666666665	4.0
350	2286.6666666666665	11.0
360	2172.6666666666665	0.0
370	2572.6666666666665	10.0
380	2401.8333333333335	8.0
390	2352.5	4.0
400	2417.3333333333335	11.0
410	2146.1666666666665	5.0
420	1692.5	1.0
430	1520.0	6.0
440	2732.6666666666665	10.0
450	2557.6666666666665	1.0
460	2612.6666666666665	10.0
470	2228.1666666666665	7.0
480	2617.3333333333335	3.0
490	2330.0	7.0
500	2523.3333333333335	2.0
510	2062.6666666666665	15.0
520	1769.3333333333333	7.0
530	2168.3333333333335	7.0
540	1584.0	11.0
550	2345.1666666666665	9.0
560	2015.6666666666667	12.0
570	2187.0	12.0
580	2204.6666666666665	8.0
590	1739.3333333333333	10.0
600	2426.5	12.0
610	2294.0	3.0
620	2016.6666666666667	3.0
630	2200.6666666666665	10.0
640	2261.5	21.0
650	2166.8333333333335	17.0
660	2399.1666666666665	22.0
670	2479.5	9.0
680	2621.5	2.0
690	2093.1666666666665	6.0
700	1927.0	8.0
710	2561.3333333333335	1.0
720	2384.8333333333335	6.0
730	2396.3333333333335	4.0
740	2371.3333333333335	9.0
750	1825.0	3.0
760	1736.8333333333333	2.0
770	2677.1666666666665	3.0
780	2487.3333333333335	2.0
790	2609.3333333333335	3.0
800	2581.3333333333335	4.0
810	1858.3333333333333	1.0
820	1707.3333333333333	7.0
830	2258.3333333333335	3.0
840	1513.0	6.0
850	2492.3333333333335	8.0
860	2158.5	14.0
870	2360.6666666666665	12.0
880	2316.8333333333335	9.0
890	1944.3333333333333	1.0
900	1964.6666666666667	13.0
910	2441.1666666666665	11.0
920	2295.8333333333335	9.0
930	2379.3333333333335	3.0
940	2368.8333333333335	1.0
950	2589.1666666666665	6.0
960	2331.6666666666665	12.0
970	2758.0	12.0
980	2572.6666666666665	7.0
990	2422.3333333333335	3.0
1000	1995.8333333333333	3.0
