0	238.33333333333334	0.0
10	70.0	0.0
20	70.0	0.0
30	70.0	0.0
40	70.0	1.0
50	70.0	4.0
60	70.0	0.0
70	70.0	0.0
80	70.0	0.0
90	84.66666666666667	0.0
100	81.0	0.0
110	104.0	0.0
120	74.33333333333333	1.0
130	248.33333333333334	0.0
140	271.3333333333333	0.0
150	383.6666666666667	0.0
160	404.0	1.0
170	159.33333333333334	13.0
180	164.66666666666666	10.0
190	312.6666666666667	3.0
200	1186.1666666666667	4.0
210	1065.5	9.0
220	952.6666666666666	2.0
230	1830.1666666666667	1.0
240	2307.3333333333335	5.0
250	1963.0	2.0
260	2217.6666666666665	14.0
270	2277.6666666666665	6.0
280	2527.5	3.0
290	2303.6666666666665	5.0
300	2142.3333333333335	7.0
310	2149.3333333333335	2.0
320	2462.1666666666665	7.0
330	2142.0	8.0
340	2383.6666666666665	6.0
350	2443.3333333333335	4.0
360	1975.6666666666667	5.0
370	1923.3333333333333	8.0
380	2527.0	3.0
390	2086.5	2.0
400	2563.1666666666665	1.0
410	2478.0	3.0
420	2257.0	6.0
430	1981.5	7.0
440	1830.6666666666667	1.0
450	2380.6666666666665	0.0
460	1957.6666666666667	1.0
470	1450.8333333333333	3.0
480	2015.6666666666667	6.0
490	1963.1666666666667	3.0
500	1830.0	8.0
510	1552.0	5.0
520	1657.0	8.0
530	2225.6666666666665	7.0
540	2566.0	6.0
550	2272.6666666666665	2.0
560	2477.0	1.0
570	2325.3333333333335	3.0
580	1835.0	6.0
590	2503.6666666666665	0.0
600	1884.0	1.0
610	1732.1666666666667	1.0
620	2296.3333333333335	3.0
630	2551.8333333333335	3.0
640	2359.3333333333335	5.0
650	2577.8333333333335	0.0
660	2285.1666666666665	4.0
670	2289.6666666666665	1.0
680	2407.0	2.0
690	2567.0	8.0
700	1643.6666666666667	12.0
710	1818.8333333333333	2.0
720	1929.8333333333333	1.0
730	1828.8333333333333	7.0
740	1814.0	9.0
750	1963.6666666666667	15.0
760	2383.3333333333335	13.0
770	1848.8333333333333	21.0
780	1914.1666666666667	7.0
790	2401.8333333333335	1.0
800	2499.6666666666665	2.0
810	2374.8333333333335	5.0
820	2632.3333333333335	14.0
830	2513.5	7.0
840	2541.1666666666665	0.0
850	2414.0	1.0
860	2192.8333333333335	5.0
870	1954.1666666666667	14.0
880	2236.1666666666665	11.0
890	2068.3333333333335	18.0
900	2266.8333333333335	5.0
910	2161.0	6.0
920	1648.3333333333333	2.0
930	1765.0	11.0
940	1977.3333333333333	5.0
950	2317.8333333333335	1.0
960	2478.3333333333335	5.0
970	2433.3333333333335	10.0
980	2767.1666666666665	6.0
990	2265.5	6.0
1000	2569.1666666666665	7.0
