0	289.0	0.0
10	70.0	0.0
20	70.0	0.0
30	70.0	0.0
40	70.0	0.0
50	70.0	0.0
60	70.0	0.0
70	70.0	1.0
80	73.66666666666667	3.0
90	77.66666666666667	2.0
100	75.33333333333333	0.0
110	133.0	0.0
120	162.66666666666666	0.0
130	164.33333333333334	3.0
140	78.66666666666667	3.0
150	71.0	9.0
160	170.33333333333334	0.0
170	261.3333333333333	2.0
180	609.0	6.0
190	933.0	8.0
200	1448.6666666666667	2.0
210	1140.0	6.0
220	1241.0	1.0
230	2011.1666666666667	8.0
240	2073.6666666666665	4.0
250	2221.0	5.0
260	2632.8333333333335	14.0
270	2224.1666666666665	14.0
280	2351.6666666666665	6.0
290	1676.6666666666667	9.0
300	2566.5	4.0
310	2352.0	3.0
320	2534.0	18.0
330	2385.0	20.0
340	2251.6666666666665	8.0
350	2278.6666666666665	3.0
360	2629.3333333333335	10.0
370	1990.6666666666667	19.0
380	1729.6666666666667	8.0
390	1738.1666666666667	4.0
400	2272.6666666666665	9.0
410	2299.3333333333335	12.0
420	2349.3333333333335	4.0
430	2184.0	4.0
440	2280.3333333333335	11.0
450	2343.3333333333335	5.0
460	1761.0	8.0
470	1648.3333333333333	5.0
480	1912.3333333333333	2.0
490	2273.3333333333335	9.0
500	2436.1666666666665	13.0
510	1952.8333333333333	11.0
520	2036.3333333333333	8.0
530	2008.0	17.0
540	2075.0	3.0
550	2197.6666666666665	13.0
560	2208.0	17.0
570	2020.0	11.0
580	2079.6666666666665	10.0
590	1959.3333333333333	11.0
600	2501.1666666666665	12.0
610	1787.8333333333333	10.0
620	2009.3333333333333	19.0
630	2011.8333333333333	7.0
640	2213.1666666666665	1.0
650	2272.1666666666665	10.0
660	1898.0	4.0
670	2287.3333333333335	5.0
680	1727.0	6.0
690	1580.3333333333333	0.0
700	2141.8333333333335	2.0
710	2672.5	5.0
720	2378.0	7.0
730	2434.3333333333335	6.0
740	2466.1666666666665	4.0
750	2533.6666666666665	15.0
760	2582.0	5.0
770	2484.1666666666665	4.0
780	2736.1666666666665	6.0
790	2544.8333333333335	9.0
800	2512.6666666666665	5.0
810	2430.3333333333335	7.0
820	2358.3333333333335	2.0
830	2410.0	6.0
840	2490.1666666666665	2.0
850	1789.8333333333333	3.0
860	1736.0	11.0
870	1838.6666666666667	7.0
880	2402.1666666666665	3.0
890	2331.0	3.0
900	2501.6666666666665	4.0
910	2478.0	5.0
920	2463.3333333333335	5.0
930	2161.0	10.0
940	2598.3333333333335	15.0
950	2603.3333333333335	4.0
960	2266.6666666666665	14.0
970	2548.5	6.0
980	2510.3333333333335	16.0
990	2505.0	8.0
1000	2382.0	5.0
