0	246.33333333333334	0.0
10	70.0	0.0
20	70.0	0.0
30	70.0	0.0
40	70.0	0.0
50	70.0	1.0
60	70.0	0.0
70	70.0	0.0
80	70.33333333333333	5.0
90	73.0	5.0
100	71.0	0.0
110	76.33333333333333	0.0
120	411.3333333333333	0.0
130	163.66666666666666	18.0
140	124.0	9.0
150	145.66666666666666	0.0
160	87.66666666666667	13.0
170	146.33333333333334	32.0
180	111.66666666666667	34.0
190	443.3333333333333	0.0
200	164.33333333333334	11.0
210	125.66666666666667	9.0
220	657.6666666666666	0.0
230	805.0	63.0
240	508.6666666666667	8.0
250	541.6666666666666	67.0
260	861.6666666666666	26.0
270	783.0	89.0
280	1311.0	63.0
290	931.6666666666666	48.0
300	1412.3333333333333	87.0
310	1633.5	60.0
320	1275.3333333333333	38.0
330	1969.0	95.0
340	841.0	54.0
350	1926.3333333333333	165.0
360	1436.3333333333333	0.0
370	1717.0	0.0
380	1465.3333333333333	0.0
390	2212.6666666666665	0.0
400	1942.5	0.0
410	1963.6666666666667	0.0
420	2114.8333333333335	0.0
430	2333.3333333333335	0.0
440	1996.3333333333333	0.0
450	1843.8333333333333	0.0
460	1938.6666666666667	0.0
470	2073.0	0.0
480	2542.8333333333335	0.0
490	2250.5	0.0
500	2464.3333333333335	0.0
510	2295.3333333333335	0.0
520	2480.8333333333335	0.0
530	2129.0	0.0
540	2494.0	0.0
550	2558.6666666666665	0.0
560	2591.8333333333335	0.0
570	2375.0	0.0
580	1871.0	0.0
590	2359.8333333333335	0.0
600	2082.0	0.0
610	1892.6666666666667	0.0
620	1928.6666666666667	0.0
630	1891.6666666666667	0.0
640	1834.0	0.0
650	2105.6666666666665	0.0
660	1875.6666666666667	0.0
670	1807.8333333333333	0.0
680	1856.1666666666667	0.0
690	1705.3333333333333	0.0
700	2344.3333333333335	0.0
710	1994.0	0.0
720	1916.0	0.0
730	2355.3333333333335	0.0
740	1782.0	0.0
750	1566.1666666666667	0.0
760	2402.1666666666665	0.0
770	2168.3333333333335	0.0
780	1870.0	0.0
790	2664.5	0.0
800	2025.0	0.0
810	2358.3333333333335	0.0
820	2519.3333333333335	0.0
830	2601.0	0.0
840	2196.3333333333335	0.0
850	2400.3333333333335	0.0
860	2494.8333333333335	0.0
870	2600.1666666666665	0.0
880	1920.6666666666667	0.0
890	2262.3333333333335	0.0
900	2538.3333333333335	0.0
910	1840.5	0.0
920	1837.6666666666667	0.0
930	1872.0	0.0
940	1716.6666666666667	0.0
950	1747.3333333333333	0.0
960	2028.0	0.0
970	1654.3333333333333	0.0
980	2064.6666666666665	0.0
990	2364.3333333333335	0.0
1000	1916.5	0.0
