0	245.66666666666666	0.0
10	70.0	0.0
20	70.0	0.0
30	70.0	0.0
40	70.0	8.0
50	70.0	0.0
60	70.0	0.0
70	70.0	0.0
80	70.0	0.0
90	70.66666666666667	8.0
100	85.66666666666667	0.0
110	143.66666666666666	0.0
120	150.0	45.0
130	146.66666666666666	4.0
140	333.6666666666667	25.0
150	438.0	38.0
160	163.33333333333334	76.0
170	197.0	16.0
180	114.66666666666667	53.0
190	428.6666666666667	71.0
200	392.6666666666667	47.0
210	392.3333333333333	29.0
220	448.3333333333333	29.0
230	227.66666666666666	39.0
240	379.0	119.0
250	956.0	30.0
260	1606.6666666666667	45.0
270	1579.1666666666667	37.0
280	1465.6666666666667	163.0
290	2395.5	40.0
300	2210.5	59.0
310	2349.1666666666665	5.0
320	2341.8333333333335	14.0
330	2383.6666666666665	0.0
340	2528.8333333333335	0.0
350	2344.5	0.0
360	2428.5	0.0
370	2307.3333333333335	0.0
380	2387.3333333333335	0.0
390	2341.3333333333335	0.0
400	2678.3333333333335	0.0
410	2381.3333333333335	0.0
420	2382.3333333333335	0.0
430	2527.6666666666665	0.0
440	2240.0	0.0
450	2477.0	0.0
460	2463.1666666666665	0.0
470	1580.3333333333333	0.0
480	1638.3333333333333	0.0
490	2237.5	0.0
500	1254.3333333333333	0.0
510	1541.3333333333333	0.0
520	1712.0	0.0
530	1458.0	0.0
540	2155.0	0.0
550	2158.6666666666665	0.0
560	1470.0	0.0
570	1397.8333333333333	0.0
580	1214.3333333333333	0.0
590	1468.5	0.0
600	2029.1666666666667	0.0
610	1454.6666666666667	0.0
620	1009.6666666666666	0.0
630	2392.6666666666665	0.0
640	2371.0	0.0
650	2783.5	0.0
660	2187.6666666666665	0.0
670	2019.3333333333333	0.0
680	2063.3333333333335	0.0
690	2305.5	0.0
700	2458.8333333333335	0.0
710	1762.0	0.0
720	1955.3333333333333	0.0
730	1902.0	0.0
740	2327.0	0.0
750	1674.1666666666667	0.0
760	1763.6666666666667	0.0
770	1950.3333333333333	0.0
780	2338.6666666666665	0.0
790	2443.3333333333335	0.0
800	2262.3333333333335	0.0
810	2272.0	0.0
820	2573.0	0.0
830	2553.3333333333335	0.0
840	2086.1666666666665	0.0
850	2480.8333333333335	0.0
860	2151.1666666666665	0.0
870	1939.0	0.0
880	1597.6666666666667	0.0
890	1866.6666666666667	0.0
900	1735.8333333333333	0.0
910	1899.3333333333333	0.0
920	1576.0	0.0
930	2304.0	0.0
940	2352.0	0.0
950	2387.0	0.0
960	2705.1666666666665	0.0
970	2398.3333333333335	0.0
980	2365.3333333333335	0.0
990	2433.6666666666665	0.0
1000	2467.0	0.0
