0	251.66666666666666	0.0
10	70.0	0.0
20	70.0	0.0
30	70.0	0.0
40	70.0	0.0
50	70.0	1.0
60	70.0	0.0
70	70.0	0.0
80	70.0	0.0
90	71.33333333333333	0.0
100	109.0	5.0
110	95.66666666666667	13.0
120	93.0	0.0
130	354.3333333333333	0.0
140	491.3333333333333	7.0
150	211.33333333333334	0.0
160	178.0	13.0
170	195.66666666666666	0.0
180	150.66666666666666	29.0
190	357.0	0.0
200	471.3333333333333	15.0
210	252.33333333333334	28.0
220	251.66666666666666	12.0
230	225.66666666666666	32.0
240	291.6666666666667	40.0
250	260.3333333333333	30.0
260	411.0	0.0
270	397.6666666666667	80.0
280	630.0	21.0
290	440.3333333333333	44.0
300	742.6666666666666	17.0
310	654.6666666666666	66.0
320	563.3333333333334	33.0
330	1084.3333333333333	70.0
340	804.6666666666666	68.0
350	1350.1666666666667	63.0
360	872.6666666666666	119.0
370	2123.6666666666665	47.0
380	1776.6666666666667	42.0
390	2560.0	94.0
400	1842.0	11.0
410	1905.0	0.0
420	2474.3333333333335	0.0
430	2469.8333333333335	0.0
440	1893.3333333333333	0.0
450	2460.8333333333335	0.0
460	2529.8333333333335	0.0
470	2244.6666666666665	0.0
480	2555.6666666666665	0.0
490	2542.0	0.0
500	1583.6666666666667	0.0
510	1971.6666666666667	0.0
520	2455.6666666666665	0.0
530	2580.1666666666665	0.0
540	2387.3333333333335	0.0
550	2393.1666666666665	0.0
560	2253.3333333333335	0.0
570	2325.3333333333335	0.0
580	2664.3333333333335	0.0
590	2316.3333333333335	0.0
600	2286.3333333333335	0.0
610	2225.1666666666665	0.0
620	2434.0	0.0
630	2212.3333333333335	0.0
640	1722.0	0.0
650	2386.1666666666665	0.0
660	1688.0	0.0
670	1899.3333333333333	0.0
680	1993.3333333333333	0.0
690	2161.0	0.0
700	2133.3333333333335	0.0
710	1710.6666666666667	0.0
720	2045.6666666666667	0.0
730	1792.0	0.0
740	2135.8333333333335	0.0
750	2094.6666666666665	0.0
760	2374.6666666666665	0.0
770	1829.0	0.0
780	1831.0	0.0
790	2398.3333333333335	0.0
800	2321.5	0.0
810	1451.0	0.0
820	2400.3333333333335	0.0
830	2461.6666666666665	0.0
840	2611.3333333333335	0.0
850	2223.0	0.0
860	2319.0	0.0
870	2397.0	0.0
880	2191.8333333333335	0.0
890	2351.6666666666665	0.0
900	2509.6666666666665	0.0
910	2618.0	0.0
920	2304.0	0.0
930	2335.6666666666665	0.0
940	2268.8333333333335	0.0
950	1808.8333333333333	0.0
960	2026.8333333333333	0.0
970	1785.3333333333333	0.0
980	2349.3333333333335	0.0
990	2364.3333333333335	0.0
1000	2364.6666666666665	0.0
