0	253.33333333333334	0.0
10	70.0	0.0
20	70.0	0.0
30	70.0	0.0
40	70.0	0.0
50	70.0	1.0
60	70.0	0.0
70	70.0	0.0
80	71.0	1.0
90	72.0	62.0
100	81.66666666666667	0.0
110	118.66666666666667	2.0
120	93.66666666666667	12.0
130	177.33333333333334	16.0
140	342.6666666666667	0.0
150	461.3333333333333	0.0
160	488.6666666666667	58.0
170	321.3333333333333	80.0
180	417.6666666666667	0.0
190	341.3333333333333	29.0
200	321.3333333333333	2.0
210	261.3333333333333	85.0
220	307.3333333333333	29.0
230	398.0	4.0
240	347.3333333333333	34.0
250	658.6666666666666	33.0
260	704.6666666666666	90.0
270	969.8333333333334	29.0
280	1050.6666666666667	149.0
290	1001.3333333333334	129.0
300	1588.3333333333333	73.0
310	2512.0	82.0
320	2181.5	0.0
330	2602.3333333333335	0.0
340	2175.5	0.0
350	2195.3333333333335	0.0
360	2357.3333333333335	0.0
370	2527.6666666666665	0.0
380	2573.3333333333335	0.0
390	2425.6666666666665	0.0
400	1899.8333333333333	0.0
410	1848.6666666666667	0.0
420	1711.0	0.0
430	2063.1666666666665	0.0
440	1675.1666666666667	0.0
450	2114.6666666666665	0.0
460	1844.6666666666667	0.0
470	1961.8333333333333	0.0
480	2096.5	0.0
490	1846.3333333333333	0.0
500	1898.0	0.0
510	1510.0	0.0
520	2002.0	0.0
530	2334.6666666666665	0.0
540	1946.8333333333333	0.0
550	1976.0	0.0
560	1784.6666666666667	0.0
570	1643.3333333333333	0.0
580	1904.0	0.0
590	1520.3333333333333	0.0
600	1644.3333333333333	0.0
610	1813.8333333333333	0.0
620	1878.3333333333333	0.0
630	1794.6666666666667	0.0
640	1715.6666666666667	0.0
650	2110.3333333333335	0.0
660	1611.3333333333333	0.0
670	2063.0	0.0
680	2310.1666666666665	0.0
690	1726.3333333333333	0.0
700	1914.1666666666667	0.0
710	1691.1666666666667	0.0
720	1926.5	0.0
730	1783.8333333333333	0.0
740	1796.5	0.0
750	1963.8333333333333	0.0
760	1832.1666666666667	0.0
770	1575.5	0.0
780	2004.0	0.0
790	1772.8333333333333	0.0
800	1805.6666666666667	0.0
810	2396.0	0.0
820	2522.8333333333335	0.0
830	2432.3333333333335	0.0
840	2435.3333333333335	0.0
850	2509.6666666666665	0.0
860	2323.8333333333335	0.0
870	2359.3333333333335	0.0
880	2457.8333333333335	0.0
890	2455.0	0.0
900	2410.6666666666665	0.0
910	2147.0	0.0
920	1649.0	0.0
930	2489.8333333333335	0.0
940	2568.0	0.0
950	2279.6666666666665	0.0
960	1693.6666666666667	0.0
970	1956.8333333333333	0.0
980	1612.3333333333333	0.0
990	1796.5	0.0
1000	2368.6666666666665	0.0
