0	278.6666666666667	0.0
10	70.0	0.0
20	70.0	0.0
30	70.0	0.0
40	70.0	0.0
50	70.0	0.0
60	70.0	0.0
70	70.0	0.0
80	70.0	1.0
90	70.0	0.0
100	80.0	0.0
110	106.66666666666667	0.0
120	134.33333333333334	2.0
130	175.0	13.0
140	86.0	24.0
150	161.33333333333334	31.0
160	158.0	12.0
170	211.0	13.0
180	325.6666666666667	1.0
190	135.33333333333334	44.0
200	158.33333333333334	0.0
210	144.66666666666666	12.0
220	194.66666666666666	78.0
230	231.66666666666666	24.0
240	669.6666666666666	12.0
250	333.0	59.0
260	275.3333333333333	66.0
270	416.3333333333333	32.0
280	432.3333333333333	43.0
290	694.3333333333334	20.0
300	413.6666666666667	62.0
310	460.0	127.0
320	624.3333333333334	29.0
330	1274.6666666666667	207.0
340	2139.3333333333335	26.0
350	1824.5	62.0
360	2661.1666666666665	0.0
370	2435.0	0.0
380	2251.6666666666665	0.0
390	2383.6666666666665	0.0
400	2289.6666666666665	0.0
410	2427.6666666666665	0.0
420	2553.0	0.0
430	2578.3333333333335	0.0
440	2160.5	0.0
450	2295.0	0.0
460	2346.6666666666665	0.0
470	2485.3333333333335	0.0
480	1919.6666666666667	0.0
490	2046.6666666666667	0.0
500	2104.0	0.0
510	1662.1666666666667	0.0
520	2010.6666666666667	0.0
530	1920.6666666666667	0.0
540	1977.1666666666667	0.0
550	1858.3333333333333	0.0
560	1563.8333333333333	0.0
570	1306.6666666666667	0.0
580	1331.6666666666667	0.0
590	1856.3333333333333	0.0
600	1677.0	0.0
610	2048.5	0.0
620	2114.5	0.0
630	2302.5	0.0
640	2007.0	0.0
650	2248.0	0.0
660	2008.1666666666667	0.0
670	2389.0	0.0
680	2066.0	0.0
690	1891.0	0.0
700	1648.3333333333333	0.0
710	2367.5	0.0
720	2214.8333333333335	0.0
730	2005.0	0.0
740	1707.0	0.0
750	1770.3333333333333	0.0
760	2388.8333333333335	0.0
770	2441.8333333333335	0.0
780	2274.3333333333335	0.0
790	2141.6666666666665	0.0
800	2443.3333333333335	0.0
810	2411.6666666666665	0.0
820	2400.5	0.0
830	2403.6666666666665	0.0
840	1641.6666666666667	0.0
850	2324.1666666666665	0.0
860	2159.8333333333335	0.0
870	2401.6666666666665	0.0
880	2511.6666666666665	0.0
890	2739.5	0.0
900	2480.1666666666665	0.0
910	2626.3333333333335	0.0
920	2541.1666666666665	0.0
930	2456.3333333333335	0.0
940	2382.3333333333335	0.0
950	2560.1666666666665	0.0
960	2638.3333333333335	0.0
970	2687.5	0.0
980	2366.3333333333335	0.0
990	2419.0	0.0
1000	2418.3333333333335	0.0
