0	271.3333333333333	0.0
10	70.0	0.0
20	70.0	0.0
30	70.0	0.0
40	70.0	0.0
50	70.0	0.0
60	70.0	0.0
70	70.0	0.0
80	70.66666666666667	0.0
90	73.66666666666667	0.0
100	83.0	0.0
110	77.0	0.0
120	72.66666666666667	2.0
130	88.0	1.0
140	363.0	0.0
150	269.3333333333333	3.0
160	285.6666666666667	41.0
170	162.33333333333334	45.0
180	158.0	29.0
190	552.6666666666666	22.0
200	338.6666666666667	26.0
210	162.66666666666666	113.0
220	337.0	48.0
230	251.0	33.0
240	333.0	44.0
250	343.6666666666667	70.0
260	293.3333333333333	63.0
270	375.6666666666667	25.0
280	720.3333333333334	44.0
290	604.6666666666666	75.0
300	473.0	142.0
310	1018.0	76.0
320	1190.6666666666667	98.0
330	1171.0	0.0
340	1546.6666666666667	0.0
350	1932.1666666666667	0.0
360	1729.6666666666667	0.0
370	2471.0	0.0
380	2507.0	0.0
390	2320.6666666666665	0.0
400	2298.3333333333335	0.0
410	2511.3333333333335	0.0
420	2189.3333333333335	0.0
430	2325.0	0.0
440	2382.0	0.0
450	1912.0	0.0
460	2229.8333333333335	0.0
470	1733.6666666666667	0.0
480	2095.0	0.0
490	2601.8333333333335	0.0
500	1733.5	0.0
510	1911.3333333333333	0.0
520	1535.3333333333333	0.0
530	1724.6666666666667	0.0
540	2039.3333333333333	0.0
550	2397.8333333333335	0.0
560	2064.6666666666665	0.0
570	2261.0	0.0
580	1347.6666666666667	0.0
590	2158.8333333333335	0.0
600	1640.3333333333333	0.0
610	1523.0	0.0
620	1590.3333333333333	0.0
630	1898.5	0.0
640	1934.8333333333333	0.0
650	1658.6666666666667	0.0
660	2415.8333333333335	0.0
670	2392.0	0.0
680	2533.5	0.0
690	2255.6666666666665	0.0
700	2404.8333333333335	0.0
710	1745.0	0.0
720	1632.1666666666667	0.0
730	1888.3333333333333	0.0
740	1411.0	0.0
750	2500.8333333333335	0.0
760	2351.1666666666665	0.0
770	2417.0	0.0
780	2144.6666666666665	0.0
790	2234.3333333333335	0.0
800	2510.6666666666665	0.0
810	2372.6666666666665	0.0
820	2593.3333333333335	0.0
830	2297.0	0.0
840	1666.1666666666667	0.0
850	2141.0	0.0
860	2245.6666666666665	0.0
870	2701.0	0.0
880	2396.5	0.0
890	2613.3333333333335	0.0
900	2528.6666666666665	0.0
910	2510.0	0.0
920	2525.3333333333335	0.0
930	2383.6666666666665	0.0
940	2445.6666666666665	0.0
950	1510.3333333333333	0.0
960	1666.3333333333333	0.0
970	1920.5	0.0
980	2176.5	0.0
990	1817.1666666666667	0.0
1000	1909.6666666666667	0.0
