0	237.0	0.0
10	70.0	0.0
20	70.0	0.0
30	70.0	6.0
40	70.0	0.0
50	70.0	0.0
60	70.0	0.0
70	70.0	2.0
80	70.66666666666667	0.0
90	70.66666666666667	0.0
100	89.0	0.0
110	123.66666666666667	0.0
120	291.0	0.0
130	270.0	5.0
140	173.33333333333334	13.0
150	129.0	12.0
160	151.0	0.0
170	169.66666666666666	12.0
180	160.66666666666666	15.0
190	226.0	25.0
200	312.0	34.0
210	296.0	14.0
220	149.33333333333334	45.0
230	398.3333333333333	1.0
240	201.33333333333334	31.0
250	341.6666666666667	47.0
260	390.6666666666667	66.0
270	295.0	90.0
280	416.0	73.0
290	582.3333333333334	56.0
300	582.0	125.0
310	922.3333333333334	106.0
320	1767.3333333333333	77.0
330	1545.3333333333333	39.0
340	1502.3333333333333	54.0
350	1426.0	52.0
360	1748.5	0.0
370	2112.3333333333335	0.0
380	2064.3333333333335	0.0
390	2350.1666666666665	0.0
400	2389.1666666666665	0.0
410	1844.1666666666667	0.0
420	2512.3333333333335	0.0
430	2471.3333333333335	0.0
440	2658.3333333333335	0.0
450	2565.3333333333335	0.0
460	2624.3333333333335	0.0
470	2291.0	0.0
480	1987.0	0.0
490	2530.1666666666665	0.0
500	2452.5	0.0
510	2252.6666666666665	0.0
520	2432.3333333333335	0.0
530	2491.6666666666665	0.0
540	2603.3333333333335	0.0
550	2325.5	0.0
560	2497.6666666666665	0.0
570	2207.6666666666665	0.0
580	2336.0	0.0
590	1755.3333333333333	0.0
600	2616.1666666666665	0.0
610	2495.6666666666665	0.0
620	1977.3333333333333	0.0
630	1927.6666666666667	0.0
640	2073.3333333333335	0.0
650	2032.1666666666667	0.0
660	1792.0	0.0
670	2257.6666666666665	0.0
680	2323.1666666666665	0.0
690	1699.3333333333333	0.0
700	1815.5	0.0
710	1563.3333333333333	0.0
720	1862.0	0.0
730	1922.3333333333333	0.0
740	2025.8333333333333	0.0
750	1859.6666666666667	0.0
760	1806.3333333333333	0.0
770	1559.0	0.0
780	1761.5	0.0
790	1489.0	0.0
800	1648.3333333333333	0.0
810	2331.6666666666665	0.0
820	2508.0	0.0
830	2245.0	0.0
840	2146.8333333333335	0.0
850	2458.6666666666665	0.0
860	2295.6666666666665	0.0
870	2432.3333333333335	0.0
880	2364.3333333333335	0.0
890	2412.6666666666665	0.0
900	2363.3333333333335	0.0
910	2359.0	0.0
920	2357.6666666666665	0.0
930	2451.6666666666665	0.0
940	2569.1666666666665	0.0
950	2364.6666666666665	0.0
960	2354.0	0.0
970	2582.0	0.0
980	2378.3333333333335	0.0
990	2434.3333333333335	0.0
1000	2028.3333333333333	0.0
