0	318.0	0.0
10	70.0	1000.0
20	70.0	0.0
30	70.0	0.0
40	70.0	0.0
50	73.66666666666667	0.0
60	108.66666666666667	0.0
70	349.3333333333333	0.0
80	305.3333333333333	0.0
90	645.0	0.0
100	200.0	0.0
110	120.66666666666667	0.0
120	505.6666666666667	0.0
130	154.66666666666666	0.0
140	530.0	0.0
150	406.0	0.0
160	1314.0	0.0
170	906.0	0.0
180	1812.0	0.0
190	2228.5	0.0
200	2506.5	0.0
210	2371.0	0.0
220	2130.3333333333335	0.0
230	2178.6666666666665	0.0
240	2092.8333333333335	0.0
250	2333.6666666666665	0.0
260	2287.3333333333335	0.0
270	2244.3333333333335	0.0
280	2321.3333333333335	0.0
290	2245.3333333333335	0.0
300	2123.8333333333335	0.0
310	2380.3333333333335	0.0
320	2391.1666666666665	0.0
330	2206.8333333333335	0.0
340	2527.8333333333335	0.0
350	2202.3333333333335	0.0
360	2352.3333333333335	0.0
370	2622.1666666666665	0.0
380	2295.3333333333335	0.0
390	1730.0	0.0
400	1737.3333333333333	0.0
410	2188.6666666666665	0.0
420	1918.3333333333333	0.0
430	2000.6666666666667	0.0
440	2008.6666666666667	0.0
450	2020.3333333333333	0.0
460	1787.6666666666667	0.0
470	2191.0	0.0
480	1951.6666666666667	0.0
490	2220.8333333333335	0.0
500	1430.3333333333333	0.0
510	2032.3333333333333	0.0
520	2128.8333333333335	0.0
530	2218.5	0.0
540	1738.3333333333333	0.0
550	2355.6666666666665	0.0
560	1894.0	0.0
570	2380.3333333333335	0.0
580	2204.3333333333335	0.0
590	2449.5	0.0
600	1929.3333333333333	0.0
