0	267.3333333333333	0.0
10	70.0	1000.0
20	70.0	0.0
30	70.0	0.0
40	70.0	0.0
50	70.0	0.0
60	78.33333333333333	0.0
70	482.6666666666667	0.0
80	106.33333333333333	0.0
90	145.0	0.0
100	90.66666666666667	0.0
110	519.0	0.0
120	837.0	0.0
130	1064.3333333333333	0.0
140	1907.0	0.0
150	1723.3333333333333	0.0
160	1870.0	0.0
170	2277.3333333333335	0.0
180	2010.3333333333333	0.0
190	2333.6666666666665	0.0
200	2206.0	0.0
210	2084.0	0.0
220	2363.6666666666665	0.0
230	2294.0	0.0
240	2558.6666666666665	0.0
250	2286.3333333333335	0.0
260	2452.6666666666665	0.0
270	2180.3333333333335	0.0
280	2270.5	0.0
290	2417.1666666666665	0.0
300	2459.6666666666665	0.0
310	2520.1666666666665	0.0
320	2292.1666666666665	0.0
330	1730.1666666666667	0.0
340	2432.6666666666665	0.0
350	2330.3333333333335	0.0
360	2294.5	0.0
370	2575.3333333333335	0.0
380	2428.8333333333335	0.0
390	1311.3333333333333	0.0
400	1791.6666666666667	0.0
410	1640.1666666666667	0.0
420	1815.6666666666667	0.0
430	1664.8333333333333	0.0
440	1861.1666666666667	0.0
450	1707.5	0.0
460	1272.6666666666667	0.0
470	1259.6666666666667	0.0
480	1489.3333333333333	0.0
490	1409.3333333333333	0.0
500	1827.6666666666667	0.0
510	1752.3333333333333	0.0
520	1714.0	0.0
530	2416.5	0.0
540	1831.3333333333333	0.0
550	1685.6666666666667	0.0
560	1721.6666666666667	0.0
570	1777.3333333333333	0.0
580	2338.0	0.0
590	2283.6666666666665	0.0
600	2593.0	0.0
