0	257.6666666666667	0.0
10	70.0	1000.0
20	70.0	0.0
30	70.0	0.0
40	70.0	0.0
50	73.0	0.0
60	78.0	0.0
70	130.0	0.0
80	391.3333333333333	0.0
90	254.66666666666666	0.0
100	214.66666666666666	0.0
110	239.33333333333334	0.0
120	470.3333333333333	0.0
130	146.66666666666666	0.0
140	337.3333333333333	0.0
150	126.33333333333333	0.0
160	276.6666666666667	0.0
170	170.33333333333334	0.0
180	315.3333333333333	0.0
190	438.0	0.0
200	385.6666666666667	0.0
210	751.6666666666666	0.0
220	1192.0	0.0
230	1836.1666666666667	0.0
240	1973.0	0.0
250	2304.6666666666665	0.0
260	1799.3333333333333	0.0
270	2372.6666666666665	0.0
280	2335.0	0.0
290	2408.3333333333335	0.0
300	2383.1666666666665	0.0
310	2180.3333333333335	0.0
320	2351.1666666666665	0.0
330	2488.6666666666665	0.0
340	2430.0	0.0
350	2512.5	0.0
360	2341.3333333333335	0.0
370	2267.6666666666665	0.0
380	2361.3333333333335	0.0
390	1719.1666666666667	0.0
400	2177.6666666666665	0.0
410	2556.6666666666665	0.0
420	1750.1666666666667	0.0
430	2511.3333333333335	0.0
440	2394.5	0.0
450	2616.8333333333335	0.0
460	1813.0	0.0
470	1834.6666666666667	0.0
480	2350.1666666666665	0.0
490	1906.0	0.0
500	2251.6666666666665	0.0
510	1452.3333333333333	0.0
520	2584.3333333333335	0.0
530	1760.8333333333333	0.0
540	2326.0	0.0
550	1854.6666666666667	0.0
560	1505.3333333333333	0.0
570	1286.3333333333333	0.0
580	1294.3333333333333	0.0
590	1265.6666666666667	0.0
600	1393.6666666666667	0.0
