0	274.6666666666667	0.0
10	70.0	0.0
20	70.0	0.0
30	70.0	0.0
40	70.0	0.0
50	70.0	0.0
60	70.0	0.0
70	70.0	0.0
80	70.0	0.0
90	70.0	0.0
100	70.0	0.0
110	70.0	0.0
120	70.0	0.0
130	70.0	0.0
140	70.0	0.0
150	70.0	0.0
160	70.0	0.0
170	70.0	0.0
180	70.66666666666667	0.0
190	70.66666666666667	0.0
200	78.33333333333333	0.0
210	71.33333333333333	0.0
220	71.0	0.0
230	71.0	0.0
240	130.66666666666666	0.0
250	105.0	0.0
260	234.33333333333334	0.0
270	160.66666666666666	0.0
280	199.33333333333334	0.0
290	155.0	0.0
300	179.33333333333334	0.0
310	146.0	0.0
320	130.33333333333334	0.0
330	138.0	0.0
340	146.0	0.0
350	138.0	0.0
360	188.66666666666666	0.0
370	214.0	0.0
380	403.3333333333333	0.0
390	385.6666666666667	0.0
400	417.3333333333333	0.0
410	789.6666666666666	0.0
420	602.6666666666666	0.0
430	739.0	0.0
440	1289.3333333333333	0.0
450	1539.3333333333333	0.0
460	1560.6666666666667	0.0
470	2119.1666666666665	0.0
480	1932.8333333333333	0.0
490	1228.0	0.0
500	2133.6666666666665	0.0
510	1808.3333333333333	0.0
520	2102.3333333333335	0.0
530	2082.6666666666665	0.0
540	2221.0	0.0
550	2033.6666666666667	0.0
560	2387.8333333333335	0.0
570	2241.3333333333335	0.0
580	2317.8333333333335	0.0
590	2337.6666666666665	0.0
600	2389.1666666666665	0.0
610	2409.0	0.0
620	2319.6666666666665	0.0
630	2552.0	0.0
640	2219.0	0.0
650	2289.8333333333335	0.0
660	2331.3333333333335	0.0
670	2393.3333333333335	0.0
680	2454.6666666666665	0.0
690	2246.6666666666665	0.0
700	2479.3333333333335	0.0
710	2604.5	0.0
720	2512.1666666666665	0.0
730	2657.6666666666665	0.0
740	2476.6666666666665	0.0
750	2556.3333333333335	0.0
760	2384.6666666666665	0.0
770	2710.0	0.0
780	2473.3333333333335	0.0
790	2722.0	0.0
800	2548.1666666666665	0.0
810	2469.5	0.0
820	2592.0	0.0
830	2212.6666666666665	0.0
840	2325.1666666666665	0.0
850	2438.3333333333335	0.0
860	2682.0	0.0
870	2741.6666666666665	0.0
880	2820.8333333333335	0.0
890	2659.1666666666665	0.0
900	2541.1666666666665	0.0
910	2421.5	0.0
920	2417.3333333333335	0.0
930	2584.3333333333335	0.0
940	2362.5	0.0
950	2574.3333333333335	0.0
960	1822.0	0.0
970	1783.8333333333333	0.0
980	2285.5	0.0
990	2011.0	0.0
1000	2056.6666666666665	0.0
