0	256.49999999999994	0.0
10	70.0	0.0
20	70.0	0.0
30	70.0	0.0
40	70.0	0.0
50	70.0	0.0
60	70.0	0.0
70	70.03333333333333	0.0
80	70.95555555555556	0.0
90	74.4111111111111	0.0
100	84.74444444444445	0.0
110	148.39999999999998	0.0
120	185.20000000000002	0.0
130	191.66666666666666	0.0
140	207.03333333333336	0.0
150	237.44444444444443	0.0
160	260.2222222222223	0.0
170	253.10000000000002	0.0
180	262.38888888888886	0.0
190	306.03888888888895	0.0
200	290.61111111111114	0.0
210	308.8	0.0
220	319.53333333333336	0.0
230	342.9888888888889	0.0
240	357.57222222222225	0.0
250	382.65555555555545	0.0
260	391.1111111111111	0.0
270	413.56666666666666	0.0
280	502.461111111111	0.0
290	539.6444444444444	0.0
300	680.8833333333334	0.0
310	755.9	0.0
320	883.1166666666667	0.0
330	935.577777777778	0.0
340	1038.4777777777776	0.0
350	1279.1444444444448	0.0
360	1360.9944444444443	0.0
370	1512.438888888889	0.0
380	1669.8500000000006	0.0
390	1714.0944444444442	0.0
400	1749.3222222222223	0.0
410	1962.9611111111114	0.0
420	1900.1666666666667	0.0
430	1918.5833333333333	0.0
440	2097.505555555556	0.0
450	2035.5277777777776	0.0
460	2124.6499999999996	0.0
470	2118.866666666667	0.0
480	2064.2166666666667	0.0
490	2158.7944444444447	0.0
500	2067.266666666667	0.0
510	2051.8388888888885	0.0
520	2088.1666666666665	0.0
530	2069.988888888889	0.0
540	2090.7055555555557	0.0
550	2121.572222222222	0.0
560	2089.6388888888887	0.0
570	2082.0388888888883	0.0
580	2029.5611111111111	0.0
590	2040.3944444444446	0.0
600	1993.0166666666669	0.0
610	2034.4111111111115	0.0
620	2082.9333333333334	0.0
630	2044.4777777777779	0.0
640	2025.5222222222224	0.0
650	1953.027777777778	0.0
660	2049.638888888889	0.0
670	2047.6333333333328	0.0
680	2114.494444444445	0.0
690	2020.4833333333333	0.0
700	2029.2722222222224	0.0
710	2114.9333333333334	0.0
720	2111.5222222222224	0.0
730	2054.2944444444443	0.0
740	2062.3777777777777	0.0
750	2060.505555555556	0.0
760	2126.838888888889	0.0
770	2188.088888888889	0.0
780	2184.1833333333334	0.0
790	2124.9388888888893	0.0
800	2194.211111111111	0.0
810	2182.0555555555557	0.0
820	2200.655555555555	0.0
830	2178.444444444444	0.0
840	2191.8722222222223	0.0
850	2175.611111111111	0.0
860	2174.75	0.0
870	2082.616666666667	0.0
880	2190.3055555555557	0.0
890	2205.9388888888884	0.0
900	2183.655555555555	0.0
910	2207.2277777777776	0.0
920	2250.527777777778	0.0
930	2153.516666666667	0.0
940	2158.5166666666673	0.0
950	2222.6555555555556	0.0
960	2254.788888888889	0.0
970	2226.8944444444446	0.0
980	2177.5222222222224	0.0
990	2206.9666666666667	0.0
1000	2189.755555555555	0.0
