0	267.3333333333333	0.0
10	70.0	0.0
20	70.0	0.0
30	70.0	0.0
40	70.0	0.0
50	70.0	0.0
60	70.0	0.0
70	70.33333333333333	0.0
80	70.0	0.0
90	70.0	0.0
100	72.33333333333333	0.0
110	81.0	0.0
120	243.66666666666666	0.0
130	394.3333333333333	0.0
140	145.0	0.0
150	142.33333333333334	0.0
160	122.0	0.0
170	372.6666666666667	0.0
180	363.3333333333333	0.0
190	610.6666666666666	0.0
200	385.3333333333333	0.0
210	121.0	0.0
220	374.0	0.0
230	377.3333333333333	0.0
240	511.6666666666667	0.0
250	395.6666666666667	0.0
260	394.3333333333333	0.0
270	426.0	0.0
280	355.0	0.0
290	472.6666666666667	0.0
300	439.0	0.0
310	432.3333333333333	0.0
320	677.6666666666666	0.0
330	577.6666666666666	0.0
340	681.6666666666666	0.0
350	901.6666666666666	0.0
360	705.6666666666666	0.0
370	699.5	0.0
380	1074.0	0.0
390	1381.8333333333333	0.0
400	1302.0	0.0
410	1924.8333333333333	0.0
420	2128.1666666666665	0.0
430	1630.6666666666667	0.0
440	2296.3333333333335	0.0
450	2226.8333333333335	0.0
460	2852.1666666666665	0.0
470	1484.6666666666667	0.0
480	2123.0	0.0
490	2066.3333333333335	0.0
500	1992.6666666666667	0.0
510	1377.0	0.0
520	1444.5	0.0
530	1546.0	0.0
540	1518.8333333333333	0.0
550	2022.6666666666667	0.0
560	2183.5	0.0
570	1779.3333333333333	0.0
580	1863.3333333333333	0.0
590	1605.0	0.0
600	1671.8333333333333	0.0
610	1719.3333333333333	0.0
620	1717.5	0.0
630	1975.6666666666667	0.0
640	1726.0	0.0
650	1568.3333333333333	0.0
660	1719.0	0.0
670	1928.0	0.0
680	1643.3333333333333	0.0
690	1469.3333333333333	0.0
700	2179.1666666666665	0.0
710	1834.5	0.0
720	1737.8333333333333	0.0
730	1923.1666666666667	0.0
740	1876.0	0.0
750	1944.6666666666667	0.0
760	1900.3333333333333	0.0
770	2382.0	0.0
780	2380.3333333333335	0.0
790	2315.0	0.0
800	2527.3333333333335	0.0
810	2393.1666666666665	0.0
820	2370.6666666666665	0.0
830	2310.5	0.0
840	2296.0	0.0
850	2289.0	0.0
860	2433.6666666666665	0.0
870	2454.3333333333335	0.0
880	2676.8333333333335	0.0
890	2400.3333333333335	0.0
900	2214.1666666666665	0.0
910	2458.1666666666665	0.0
920	2335.3333333333335	0.0
930	2564.6666666666665	0.0
940	2589.3333333333335	0.0
950	2682.0	0.0
960	2406.0	0.0
970	2317.8333333333335	0.0
980	2383.3333333333335	0.0
990	2345.6666666666665	0.0
1000	2465.0	0.0
