0	244.0	0.0
10	70.0	0.0
20	70.0	0.0
30	70.0	0.0
40	70.0	0.0
50	70.0	0.0
60	70.0	0.0
70	70.0	0.0
80	70.0	0.0
90	70.33333333333333	0.0
100	83.33333333333333	0.0
110	135.0	0.0
120	86.66666666666667	0.0
130	76.33333333333333	0.0
140	81.0	0.0
150	421.3333333333333	0.0
160	433.0	0.0
170	472.0	0.0
180	330.6666666666667	0.0
190	213.33333333333334	0.0
200	354.6666666666667	0.0
210	363.0	0.0
220	308.3333333333333	0.0
230	429.6666666666667	0.0
240	365.3333333333333	0.0
250	278.0	0.0
260	372.3333333333333	0.0
270	320.0	0.0
280	260.3333333333333	0.0
290	405.0	0.0
300	500.3333333333333	0.0
310	564.3333333333334	0.0
320	445.0	0.0
330	568.6666666666666	0.0
340	709.0	0.0
350	846.6666666666666	0.0
360	1216.6666666666667	0.0
370	930.3333333333334	0.0
380	1267.6666666666667	0.0
390	1711.3333333333333	0.0
400	1338.0	0.0
410	1753.5	0.0
420	2359.0	0.0
430	2264.0	0.0
440	2787.3333333333335	0.0
450	2247.3333333333335	0.0
460	2091.0	0.0
470	2015.6666666666667	0.0
480	2090.8333333333335	0.0
490	1529.3333333333333	0.0
500	1969.5	0.0
510	2389.3333333333335	0.0
520	2098.1666666666665	0.0
530	1998.5	0.0
540	2556.1666666666665	0.0
550	2069.0	0.0
560	2176.3333333333335	0.0
570	2192.0	0.0
580	1978.3333333333333	0.0
590	2051.5	0.0
600	2313.3333333333335	0.0
