0	283.0	0.0
10	70.0	0.0
20	70.0	0.0
30	70.0	0.0
40	70.0	0.0
50	70.0	0.0
60	70.0	0.0
70	70.0	0.0
80	70.33333333333333	0.0
90	71.0	0.0
100	73.33333333333333	0.0
110	158.66666666666666	0.0
120	334.0	0.0
130	95.33333333333333	0.0
140	107.0	0.0
150	411.3333333333333	0.0
160	392.0	0.0
170	373.3333333333333	0.0
180	182.33333333333334	0.0
190	312.6666666666667	0.0
200	316.3333333333333	0.0
210	170.66666666666666	0.0
220	321.3333333333333	0.0
230	277.3333333333333	0.0
240	307.6666666666667	0.0
250	451.6666666666667	0.0
260	239.33333333333334	0.0
270	515.3333333333334	0.0
280	867.0	0.0
290	787.6666666666666	0.0
300	1367.3333333333333	0.0
310	1142.8333333333333	0.0
320	1231.3333333333333	0.0
330	946.0	0.0
340	2365.5	0.0
350	2281.0	0.0
360	2671.8333333333335	0.0
370	2202.5	0.0
380	2573.1666666666665	0.0
390	2534.3333333333335	0.0
400	2464.6666666666665	0.0
410	2377.6666666666665	0.0
420	2416.0	0.0
430	2456.1666666666665	0.0
440	2454.1666666666665	0.0
450	2636.0	0.0
460	2594.3333333333335	0.0
470	1787.5	0.0
480	1976.1666666666667	0.0
490	2023.8333333333333	0.0
500	1723.8333333333333	0.0
510	1634.6666666666667	0.0
520	1201.8333333333333	0.0
530	1597.3333333333333	0.0
540	1575.6666666666667	0.0
550	2495.5	0.0
560	2633.0	0.0
570	2495.0	0.0
580	2104.3333333333335	0.0
590	1580.0	0.0
600	1935.3333333333333	0.0
