0	258.3333333333333	0.0
10	70.0	0.0
20	70.0	0.0
30	70.0	0.0
40	70.0	0.0
50	70.0	0.0
60	70.0	0.0
70	70.0	0.0
80	71.33333333333333	0.0
90	73.0	0.0
100	100.33333333333333	0.0
110	369.0	0.0
120	431.0	0.0
130	74.0	0.0
140	84.0	0.0
150	132.66666666666666	0.0
160	127.33333333333333	0.0
170	371.6666666666667	0.0
180	193.0	0.0
190	373.3333333333333	0.0
200	301.3333333333333	0.0
210	195.66666666666666	0.0
220	402.3333333333333	0.0
230	353.0	0.0
240	311.3333333333333	0.0
250	398.3333333333333	0.0
260	367.0	0.0
270	246.0	0.0
280	318.6666666666667	0.0
290	368.3333333333333	0.0
300	349.0	0.0
310	390.0	0.0
320	510.6666666666667	0.0
330	660.0	0.0
340	657.6666666666666	0.0
350	666.6666666666666	0.0
360	991.6666666666666	0.0
370	1694.5	0.0
380	1693.0	0.0
390	1878.1666666666667	0.0
400	2275.1666666666665	0.0
410	1978.1666666666667	0.0
420	2098.8333333333335	0.0
430	2116.6666666666665	0.0
440	1987.0	0.0
450	1719.3333333333333	0.0
460	1894.0	0.0
470	2322.0	0.0
480	1793.0	0.0
490	2169.0	0.0
500	1255.0	0.0
510	1360.3333333333333	0.0
520	1736.0	0.0
530	1372.1666666666667	0.0
540	2025.0	0.0
550	1454.5	0.0
560	1542.5	0.0
570	1615.3333333333333	0.0
580	1850.8333333333333	0.0
590	1907.0	0.0
600	1917.3333333333333	0.0
